		B-Baseline
23.2408	36.4646	-36.31652996850257
25.1249	38.4444	-34.33672996850257
27.0086	40.6263	-32.15482996850257
28.8919	41.9394	-30.84172996850257
30.7748	44.5051	-28.27602996850257
32.6573	46.7273	-26.05382996850257
34.5395	48.303	-24.47812996850257
36.4213	50.202	-22.57912996850257
38.3005	53.8788	-18.90232996850257
40.1816	60.2424	-12.538729968502565
42.0622	67.2929	-5.488229968502566
43.9425	74.1414	1.3602700314974356
45.8203	79.3939	6.612770031497433
47.6998	84.7071	11.925970031497428
49.5768	86.6061	13.824970031497429
51.4556	90.5859	17.804770031497426
53.3318	94.7677	21.986570031497436
55.2098	98.6263	25.84517003149743
57.0853	102.727	29.945870031497435
58.9605	108.202	35.42087003149743
60.8374	111.576	38.794870031497425
62.7117	114.848	42.06687003149743
64.5857	116.929	44.14787003149743
66.4594	120.04	47.25887003149744
68.3326	123.717	50.93587003149743
70.2055	124.909	52.12787003149744
72.078	125.071	52.28987003149743
73.9501	123.838	51.056870031497425
75.8219	122.727	49.945870031497435
77.6911	120.424	47.64287003149744
79.5621	121.657	48.87587003149743
81.4327	123.495	50.713870031497436
83.3009	127.414	54.63287003149743
85.1707	129.293	56.51187003149744
87.0403	128.182	55.40087003149742
88.9072	130.121	57.33987003149744
90.7739	130.303	57.52187003149743
92.6423	128.101	55.31987003149743
94.5081	125.859	53.077870031497426
96.3737	124.101	51.31987003149743
98.2409	120.404	47.62287003149743
100.106	118.545	45.76387003149743
101.97	119.556	46.77487003149743
103.834	118.424	45.64287003149744
105.698	117.455	44.67387003149743
107.561	115.636	42.85487003149743
109.424	113.818	41.03687003149743
111.286	114.242	41.460870031497436
113.149	117.394	44.61287003149744
115.008	117.919	45.13787003149743
116.87	117.03	44.24887003149743
118.731	115.434	42.65287003149743
120.591	112.566	39.784870031497434
122.45	110.606	37.824870031497426
124.31	106.081	33.299870031497434
126.167	105.05	32.26887003149743
128.024	103.354	30.57287003149743
129.883	104.525	31.743870031497437
131.739	103.374	30.592870031497426
133.595	104.95	32.168870031497434
135.453	107.273	34.49187003149743
137.308	108.242	35.460870031497436
139.163	110.04	37.25887003149744
141.018	111.313	38.531870031497434
142.872	115.838	43.056870031497425
144.725	121.03	48.24887003149743
146.579	125.051	52.26987003149743
148.432	130.646	57.86487003149742
150.282	137.01	64.22887003149742
152.135	138.808	66.02687003149742
153.986	142.667	69.88587003149743
155.838	145.172	72.39087003149743
157.687	145.253	72.47187003149742
159.538	143.374	70.59287003149743
161.386	142.081	69.29987003149742
163.236	139.96	67.17887003149744
165.084	134.667	61.88587003149743
166.931	129.879	57.09787003149742
168.78	131.556	58.77487003149744
170.627	132.444	59.66287003149742
172.473	133.172	60.39087003149743
174.318	136.364	63.582870031497436
176.164	136.465	63.683870031497435
178.009	136.646	63.86487003149742
179.854	135.293	62.51187003149744
181.698	133.414	60.63287003149742
183.542	131.03	58.24887003149743
185.385	130.343	57.56187003149742
187.226	127.576	54.794870031497425
189.069	127.596	54.814870031497435
190.912	127.677	54.89587003149744
192.752	126.788	54.00687003149743
194.593	126.909	54.12787003149744
196.433	129.313	56.53187003149742
198.274	128.788	56.00687003149744
200.112	130.182	57.40087003149742
201.95	130.586	57.804870031497444
203.79	129.455	56.673870031497444
205.628	131.475	58.693870031497426
207.465	130.222	57.44087003149744
209.302	131.111	58.32987003149742
211.138	132.04	59.25887003149742
212.974	128.444	55.66287003149742
214.81	125.939	53.157870031497424
216.645	121.98	49.198870031497435
218.48	118.909	46.12787003149744
220.314	115.636	42.85487003149743
222.146	112.222	39.440870031497425
223.98	113.131	40.34987003149743
225.814	113.131	40.34987003149743
227.645	114.788	42.00687003149743
229.477	115.273	42.49187003149743
231.308	119.091	46.309870031497425
233.14	120.485	47.70387003149743
234.969	122.909	50.12787003149744
236.798	123.919	51.13787003149743
238.627	122.525	49.74387003149744
240.458	120.606	47.824870031497426
242.286	119.374	46.59287003149743
244.114	116.545	43.76387003149743
245.941	113.838	41.056870031497425
247.768	112.222	39.440870031497425
249.595	109.96	37.178870031497425
251.421	109.737	36.955870031497426
253.245	108.667	35.88587003149743
255.07	108.505	35.72387003149743
256.896	106.182	33.40087003149743
258.718	106.242	33.460870031497436
260.543	106.667	33.88587003149743
262.367	106.222	33.440870031497425
264.189	105.192	32.410870031497424
266.01	105.859	33.077870031497426
267.833	106.505	33.72387003149743
269.654	106.343	33.561870031497435
271.474	107.414	34.63287003149743
273.296	111.374	38.59287003149743
275.116	112.869	40.08787003149743
276.935	113.636	40.85487003149743
278.754	118.606	45.824870031497426
280.572	121.596	48.814870031497435
282.39	122.848	50.06687003149743
284.208	123.354	50.57287003149743
286.023	128.303	55.52187003149743
287.84	131.273	58.49187003149743
289.657	135.798	63.01687003149743
291.471	138.929	66.14787003149743
293.287	143.192	70.41087003149744
295.103	143.131	70.34987003149743
296.916	141.293	68.51187003149744
298.729	139.152	66.37087003149742
300.543	137.939	65.15787003149742
302.355	136.95	64.16887003149742
304.167	136.748	63.96687003149742
305.979	136.99	64.20887003149744
307.792	137.091	64.30987003149744
309.602	136.081	63.29987003149742
311.413	135.091	62.30987003149744
313.223	132.465	59.683870031497435
315.032	131.475	58.693870031497426
316.84	132.889	60.10787003149744
318.648	134.747	61.965870031497445
320.457	138.384	65.60287003149742
322.265	142.242	69.46087003149742
324.071	148.465	75.68387003149743
325.878	157.152	84.37087003149742
327.684	165.495	92.71387003149744
329.49	175.394	102.61287003149744
331.295	186.525	113.74387003149744
333.099	197.879	125.09787003149742
334.904	211.616	138.83487003149745
336.708	227.232	154.45087003149743
338.511	237.475	164.69387003149743
340.313	242.566	169.78487003149743
342.116	238.929	166.14787003149743
343.917	226.848	154.06687003149744
345.719	213.596	140.81487003149743
347.52	202.303	129.52187003149743
349.321	192.162	119.38087003149744
351.121	187.596	114.81487003149743
352.92	193.899	121.11787003149743
354.719	206.424	133.64287003149744
356.519	219.394	146.61287003149744
358.316	233.758	160.97687003149744
360.115	248.808	176.02687003149742
361.911	249.798	177.01687003149743
363.707	244.586	171.80487003149744
365.504	228.707	155.92587003149742
367.3	206.909	134.12787003149742
369.095	186.04	113.25887003149742
370.889	168.748	95.96687003149742
372.683	157.091	84.30987003149744
374.477	148.929	76.14787003149743
376.271	144.444	71.66287003149742
378.064	141.151	68.36987003149744
379.857	135.111	62.32987003149742
381.649	132.566	59.784870031497434
383.439	133.071	60.28987003149743
385.231	132.101	59.31987003149743
387.022	131.616	58.834870031497445
388.811	130.242	57.46087003149742
390.602	130.404	57.62287003149743
392.39	130.263	57.48187003149744
394.178	131.98	59.19887003149742
395.968	134.02	61.23887003149744
397.755	137.212	64.43087003149742
399.542	139.798	67.01687003149743
401.329	143.758	70.97687003149744
403.115	151.616	78.83487003149745
404.901	156.687	83.90587003149744
406.686	163.576	90.79487003149742
408.472	171.495	98.71387003149744
410.256	183.818	111.03687003149744
412.041	196.162	123.38087003149744
413.823	212.323	139.54187003149744
415.607	221.03	148.24887003149743
417.39	230.707	157.92587003149742
419.171	228.02	155.23887003149744
420.954	219.798	147.01687003149743
422.734	210.465	137.68387003149743
424.514	200.99	128.20887003149744
426.296	200.889	128.10787003149744
428.075	207.697	134.91587003149743
429.854	218.727	145.94587003149744
431.633	232.505	159.72387003149743
433.411	239.818	167.03687003149744
435.189	238.646	165.86487003149742
436.967	228.646	155.86487003149742
438.744	207.212	134.43087003149742
440.521	187.677	114.89587003149742
442.295	173.313	100.53187003149742
444.072	160.626	87.84487003149744
445.848	154.0	81.21887003149743
447.621	149.535	76.75387003149743
449.396	145.414	72.63287003149742
451.169	143.758	70.97687003149744
452.944	147.253	74.47187003149742
454.716	147.172	74.39087003149743
456.487	154.303	81.52187003149743
458.259	160.97	88.18887003149743
460.03	167.01	94.22887003149742
461.803	174.323	101.54187003149744
463.573	175.657	102.87587003149744
465.343	176.848	104.06687003149744
467.111	168.404	95.62287003149743
468.88	160.222	87.44087003149744
470.649	154.061	81.27987003149744
472.418	149.172	76.39087003149743
474.184	144.121	71.33987003149744
475.952	145.293	72.51187003149744
477.718	144.202	71.42087003149743
479.485	145.111	72.32987003149742
481.25	145.96	73.17887003149744
483.017	147.091	74.30987003149744
484.781	147.212	74.43087003149742
486.545	142.667	69.88587003149743
488.308	141.636	68.85487003149743
490.072	136.929	64.14787003149743
491.835	132.424	59.64287003149744
493.597	125.838	53.056870031497425
495.359	121.172	48.39087003149743
497.121	116.747	43.96587003149743
498.883	113.111	40.329870031497435
500.644	109.111	36.329870031497435
502.403	107.091	34.309870031497425
504.163	104.485	31.70387003149743
505.921	103.01	30.228870031497436
507.681	101.03	28.248870031497432
509.439	98.303	25.52187003149743
511.198	95.9798	23.19867003149743
512.955	96.9293	24.14817003149743
514.711	94.8081	22.026970031497427
516.467	94.1414	21.360270031497436
518.223	91.7172	18.936070031497437
519.978	92.8081	20.026970031497427
521.733	91.2929	18.511770031497434
523.488	91.9798	19.19867003149743
525.243	90.4242	17.64307003149743
526.997	89.9798	17.19867003149743
528.75	90.2424	17.461270031497435
530.502	89.1111	16.329970031497425
532.255	90.101	17.31987003149743
534.006	90.0202	17.239070031497434
535.758	90.5253	17.744170031497433
537.508	91.0101	18.228970031497425
539.26	92.303	19.52187003149743
541.009	91.0707	18.289570031497433
542.758	92.2626	19.481470031497437
544.507	93.4545	20.673370031497427
546.255	94.5252	21.74407003149743
548.003	94.4242	21.64307003149743
549.751	96.2626	23.481470031497437
551.498	100.202	27.42087003149743
553.245	104.121	31.339870031497426
554.992	106.97	34.18887003149743
556.738	109.616	36.83487003149743
558.482	114.869	42.08787003149743
560.228	119.859	47.077870031497426
561.971	123.677	50.89587003149744
563.716	129.01	56.22887003149742
565.459	132.182	59.40087003149742
567.201	136.667	63.88587003149743
568.945	142.99	70.20887003149744
570.687	149.414	76.63287003149742
572.428	153.434	80.65287003149743
574.169	155.879	83.09787003149742
575.91	154.384	81.60287003149742
577.65	147.556	74.77487003149744
579.39	140.283	67.50187003149742
581.13	129.919	57.13787003149744
582.867	122.424	49.64287003149744
584.606	117.333	44.55187003149743
586.345	112.424	39.64287003149744
588.081	108.141	35.35987003149744
589.819	104.566	31.784870031497434
591.555	102.909	30.127870031497437
593.29	100.808	28.026870031497438
595.027	97.8384	25.057270031497424
596.762	96.0	23.21887003149743
598.496	93.3333	20.552170031497425
600.23	92.5859	19.804770031497426
601.964	92.0404	19.259270031497437
603.697	90.7677	17.986570031497436
605.43	89.6566	16.87547003149743
607.163	92.8485	20.067370031497433
608.895	94.1616	21.38047003149744
610.625	96.8081	24.026970031497427
612.357	98.3232	25.54207003149743
614.088	99.1111	26.329970031497425
615.817	97.9798	25.19867003149743
617.548	96.3636	23.582470031497436
619.276	91.8788	19.09767003149743
621.004	87.0101	14.228970031497425
622.732	85.5758	12.794670031497432
624.461	84.3839	11.602770031497428
626.188	81.6768	8.895670031497431
627.915	81.6162	8.835070031497438
629.641	81.6162	8.835070031497438
631.367	83.4141	10.632970031497436
633.093	83.1919	10.410770031497435
634.817	84.101	11.31987003149743
636.542	85.5353	12.754170031497438
638.266	84.9293	12.148170031497429
639.989	82.0404	9.259270031497437
641.713	84.0606	11.279470031497425
643.435	83.3536	10.572470031497431
645.158	81.8586	9.077470031497427
646.879	82.4849	9.703770031497427
648.6	81.9798	9.198670031497429
650.32	83.2121	10.430970031497438
652.04	83.2525	10.471370031497429
653.76	84.1212	11.340070031497433
655.48	85.3535	12.572370031497428
657.199	86.7677	13.986570031497436
658.917	85.7172	12.936070031497437
660.636	83.5151	10.733970031497435
662.354	82.1414	9.360270031497436
664.07	81.3333	8.552170031497425
665.787	81.1515	8.37037003149743
667.503	79.8384	7.057270031497424
669.219	78.9293	6.148170031497429
670.934	78.5051	5.72397003149743
672.65	76.5858	3.8046700314974373
674.364	77.3131	4.531970031497437
676.078	77.3939	4.612770031497433
677.791	75.7576	2.9764700314974277
679.504	76.0808	3.2996700314974277
681.216	75.5959	2.8147700314974315
682.929	75.1919	2.410770031497435
684.641	75.7172	2.9360700314974366
686.352	74.0202	1.2390700314974339
688.061	75.6768	2.8956700314974313
689.772	74.7677	1.9865700314974362
691.483	75.1313	2.350170031497427
693.191	75.9596	3.178470031497426
694.899	75.1515	2.37037003149743
696.609	73.9596	1.178470031497426
698.316	75.1919	2.410770031497435
700.023	75.1515	2.37037003149743
701.732	75.2525	2.471370031497429
703.438	75.0101	2.2289700314974255
705.144	75.0101	2.2289700314974255
706.85	74.9293	2.148170031497429
708.554	75.7778	2.9966700314974304
710.259	75.495	2.7138700314974358
711.964	76.7273	3.946170031497431
713.668	76.3636	3.5824700314974365
715.37	76.9899	4.208770031497437
717.074	77.798	5.016870031497433
718.775	76.8485	4.067370031497433
720.479	78.3636	5.5824700314974365
722.179	77.4344	4.653270031497428
723.88	76.6667	3.885570031497437
725.582	77.9192	5.138070031497435
727.282	76.303	3.5218700314974285
728.982	77.2929	4.511770031497434
730.681	78.1414	5.360270031497436
732.38	77.3333	4.552170031497425
734.076	78.1414	5.360270031497436
735.775	76.8283	4.04717003149743
737.473	78.2222	5.441070031497432
739.17	77.4748	4.693670031497433
740.866	77.9192	5.138070031497435
742.563	77.0707	4.289570031497433
744.257	77.6162	4.8350700314974375
745.954	78.1414	5.360270031497436
747.648	77.0505	4.269370031497431
749.342	77.0101	4.2289700314974255
751.035	76.5859	3.8047700314974264
752.728	77.8586	5.077470031497427
754.421	76.5859	3.8047700314974264
756.113	77.7172	4.936070031497437
757.806	77.7778	4.99667003149743
759.497	78.606	5.824870031497426
761.189	77.5353	4.754170031497438
762.878	78.7879	6.006770031497425
764.569	78.0606	5.279470031497425
766.258	79.0101	6.2289700314974255
767.948	80.1414	7.360270031497436
769.636	80.7677	7.986570031497436
771.326	79.9192	7.138070031497435
773.013	80.2828	7.501670031497426
774.7	81.394	8.612870031497437
776.387	81.5354	8.754270031497427
778.073	81.5757	8.794570031497429
779.759	80.5858	7.804670031497437
781.445	81.1919	8.410770031497435
783.13	79.3536	6.572470031497431
784.815	81.7778	8.99667003149743
786.498	81.9394	9.158270031497437
788.183	81.0909	8.309770031497436
789.867	80.9899	8.208770031497437
791.549	81.3939	8.612770031497433
793.23	80.6263	7.845170031497432
794.914	80.7879	8.006770031497425
796.595	82.9495	10.168370031497432
798.275	80.5657	7.784570031497438
799.956	82.0606	9.279470031497425
801.635	81.0505	8.26937003149743
803.315	80.6262	7.845070031497428
804.995	83.0101	10.228970031497425
806.674	80.7273	7.946170031497431
808.352	82.1818	9.400670031497427
810.029	80.6869	7.9057700314974255
811.707	81.0303	8.249170031497428
813.385	81.2323	8.451170031497426
815.06	81.3535	8.572370031497428
816.735	82.6465	9.865370031497434
818.412	82.8687	10.087570031497435
820.087	83.2323	10.451170031497426
821.761	83.2121	10.430970031497438
823.435	84.7879	12.006770031497425
825.109	86.4445	13.663370031497436
826.782	87.4142	14.633070031497425
828.455	88.7879	16.006770031497425
830.128	90.6667	17.885570031497437
831.8	91.0101	18.228970031497425
833.472	91.4545	18.673370031497427
835.142	90.0808	17.299670031497428
836.814	87.3939	14.612770031497433
838.483	86.1818	13.400670031497427
840.154	85.7172	12.936070031497437
841.822	84.5858	11.804670031497437
843.491	81.9192	9.138070031497435
845.159	82.1414	9.360270031497436
846.826	81.5354	8.754270031497427
848.493	79.9394	7.1582700314974375
850.16	80.3636	7.5824700314974365
851.827	81.8384	9.057270031497424
853.494	80.2828	7.501670031497426
855.16	81.6768	8.895670031497431
856.823	80.6263	7.845170031497432
858.489	81.394	8.612870031497437
860.154	80.4646	7.683470031497436
861.817	82.8283	10.04717003149743
863.48	82.7273	9.94617003149743
865.144	82.8889	10.107770031497438
866.806	84.5454	11.764270031497432
868.467	85.2323	12.451170031497426
870.129	86.9899	14.208770031497437
871.79	88.7879	16.006770031497425
873.451	90.404	17.622870031497428
875.111	96.3839	23.60277003149743
876.771	103.556	30.77487003149743
878.429	113.03	40.24887003149743
880.089	119.576	46.794870031497425
881.748	126.97	54.18887003149743
883.405	132.182	59.40087003149742
885.063	136.242	63.46087003149742
886.719	133.273	60.49187003149743
888.375	128.182	55.40087003149742
890.031	123.576	50.794870031497425
891.689	119.354	46.57287003149743
893.344	117.374	44.59287003149743
894.998	109.778	36.99687003149744
896.651	104.525	31.743870031497437
898.305	97.6161	24.834970031497434
899.959	91.5758	18.794670031497432
901.613	87.8586	15.077470031497427
903.264	85.798	13.016870031497433
904.917	82.8687	10.087570031497435
906.568	82.6465	9.865370031497434
908.22	81.9596	9.178470031497426
909.87	80.4445	7.663370031497436
911.52	80.4242	7.64307003149743
913.169	79.7778	6.99667003149743
914.818	79.0303	6.249170031497428
916.467	78.3839	5.602770031497428
918.116	76.3838	3.602670031497425
919.764	77.7172	4.936070031497437
921.412	76.3636	3.5824700314974365
923.06	75.5152	2.7340700314974242
924.705	76.6465	3.8653700314974344
926.352	74.0606	1.279470031497425
927.997	74.8687	2.0875700314974353
929.643	75.596	2.814870031497435
931.288	74.7879	2.0067700314974246
932.931	73.9192	1.1380700314974348
934.577	74.7475	1.9663700314974335
936.22	76.1819	3.40077003149743
937.863	74.2222	1.441070031497432
939.506	74.1212	1.340070031497433
941.148	75.0909	2.309770031497436
942.788	75.4142	2.633070031497425
944.43	74.7677	1.9865700314974362
946.072	74.8889	2.107770031497438
947.711	74.3434	1.5622700314974338
949.352	76.1414	3.3602700314974356
950.99	74.8485	2.0673700314974326
952.631	75.7576	2.9764700314974277
954.269	75.9798	3.1986700314974286
955.906	76.6869	3.9057700314974255
957.544	75.6162	2.8350700314974375
959.181	76.9091	4.127970031497426
960.818	77.7576	4.976470031497428
962.454	79.5152	6.734070031497424
964.09	79.1313	6.350170031497427
965.726	81.5758	8.794670031497432
967.36	82.4041	9.622970031497431
968.995	83.8586	11.077470031497427
970.628	84.3434	11.562270031497434
972.263	83.0505	10.26937003149743
973.896	84.0404	11.259270031497437
975.528	84.7878	12.006670031497436
977.162	84.6667	11.885570031497437
978.793	87.2323	14.451170031497426
980.424	87.6566	14.875470031497429
982.055	87.899	15.117870031497432
983.686	89.3536	16.57247003149743
985.316	90.3839	17.60277003149743
986.945	88.5859	15.804770031497426
988.574	89.1313	16.350170031497427
990.204	87.1313	14.350170031497427
991.831	86.7273	13.94617003149743
993.46	86.0808	13.299670031497428
995.087	85.5354	12.754270031497427
996.713	83.5353	10.754170031497438
998.339	84.9091	12.127970031497426
999.965	84.1414	11.360270031497436
1001.59	83.7172	10.936070031497437
1003.22	85.4747	12.69357003149743
1004.84	87.0909	14.309770031497436
1006.47	87.8586	15.077470031497427
1008.09	90.9697	18.188570031497434
1009.71	94.0606	21.279470031497425
1011.34	94.404	21.622870031497428
1012.96	98.3434	25.562270031497434
1014.58	99.5354	26.754270031497427
1016.2	104.788	32.00687003149743
1017.82	107.596	34.814870031497435
1019.44	111.333	38.55187003149743
1021.06	114.586	41.80487003149743
1022.68	117.515	44.73387003149743
1024.3	117.596	44.814870031497435
1025.92	119.273	46.49187003149743
1027.54	120.545	47.76387003149743
1029.16	124.768	51.98687003149743
1030.78	129.596	56.814870031497435
1032.39	134.04	61.25887003149742
1034.01	141.313	68.53187003149742
1035.63	146.101	73.31987003149743
1037.24	153.576	80.79487003149742
1038.86	160.182	87.40087003149742
1040.47	163.737	90.95587003149743
1042.08	169.455	96.67387003149744
1043.7	170.384	97.60287003149742
1045.31	171.131	98.34987003149743
1046.93	170.727	97.94587003149744
1048.54	169.495	96.71387003149744
1050.15	170.202	97.42087003149743
1051.76	173.131	100.34987003149743
1053.37	176.384	103.60287003149742
1054.98	180.263	107.48187003149744
1056.6	176.525	103.74387003149744
1058.21	174.263	101.48187003149744
1059.81	164.364	91.58287003149744
1061.42	158.404	85.62287003149743
1063.03	151.596	78.81487003149743
1064.64	145.253	72.47187003149742
1066.25	140.586	67.80487003149744
1067.86	136.788	64.00687003149744
1069.46	138.566	65.78487003149743
1071.07	138.222	65.44087003149744
1072.67	136.929	64.14787003149743
1074.28	139.152	66.37087003149742
1075.89	139.212	66.43087003149742
1077.49	141.354	68.57287003149744
1079.09	140.586	67.80487003149744
1080.7	146.525	73.74387003149744
1082.3	147.717	74.93587003149744
1083.9	158.081	85.29987003149742
1085.51	163.354	90.57287003149744
1087.11	175.838	103.05687003149743
1088.71	185.636	112.85487003149743
1090.31	197.03	124.24887003149743
1091.91	201.192	128.41087003149744
1093.51	203.273	130.49187003149743
1095.11	196.323	123.54187003149744
1096.71	185.838	113.05687003149743
1098.31	179.657	106.87587003149744
1099.91	175.111	102.32987003149742
1101.51	171.798	99.01687003149743
1103.1	177.98	105.19887003149742
1104.7	183.859	111.07787003149744
1106.3	189.798	117.01687003149743
1107.89	199.96	127.17887003149744
1109.49	211.091	138.30987003149744
1111.08	220.465	147.68387003149743
1112.68	227.818	155.03687003149744
1114.28	234.222	161.44087003149744
1115.87	238.364	165.58287003149744
1117.46	236.869	164.08787003149743
1119.06	227.899	155.11787003149743
1120.65	218.889	146.10787003149744
1122.24	205.03	132.24887003149743
1123.83	191.01	118.22887003149742
1125.42	174.404	101.62287003149743
1127.02	159.111	86.32987003149742
1128.6	145.576	72.79487003149742
1130.19	133.232	60.45087003149743
1131.79	123.737	50.955870031497426
1133.37	118.505	45.72387003149743
1134.96	112.222	39.440870031497425
1136.55	110.828	38.046870031497434
1138.14	109.253	36.47187003149743
1139.73	107.717	34.93587003149743
1141.31	108.97	36.18887003149743
1142.9	107.374	34.59287003149743
1144.49	107.172	34.39087003149743
1146.07	107.556	34.77487003149743
1147.66	108.061	35.27987003149744
1149.24	109.071	36.28987003149743
1150.83	110.99	38.208870031497426
1152.41	112.808	40.02687003149744
1153.99	116.424	43.64287003149744
1155.58	117.697	44.915870031497434
1157.16	118.121	45.339870031497426
1158.74	121.475	48.693870031497426
1160.32	119.495	46.713870031497436
1161.9	120.808	48.02687003149744
1163.48	113.131	40.34987003149743
1165.07	108.222	35.440870031497425
1166.64	104.162	31.380870031497437
1168.22	99.7374	26.956270031497425
1169.8	96.303	23.52187003149743
1171.38	91.4748	18.693670031497433
1172.96	91.1919	18.410770031497435
1174.54	88.8889	16.107770031497438
1176.12	88.1414	15.360270031497436
1177.69	89.0707	16.289570031497433
1179.27	88.1212	15.340070031497433
1180.84	89.3737	16.59257003149743
1182.42	92.6869	19.905770031497426
1183.99	96.1414	23.360270031497436
1185.57	96.8889	24.107770031497438
1187.14	98.8283	26.04717003149743
1188.72	97.1717	24.390570031497433
1190.29	97.7374	24.956270031497425
1191.86	93.899	21.117870031497432
1193.43	93.2324	20.45127003149743
1195.01	92.8687	20.087570031497435
1196.58	93.3939	20.612770031497433
1198.15	92.0404	19.259270031497437
1199.72	94.4243	21.643170031497434
1201.29	94.3232	21.54207003149743
1202.86	96.2626	23.481470031497437
1204.43	95.9596	23.178470031497426
1206.0	97.0909	24.309770031497436
1207.57	99.6767	26.895570031497428
1209.14	99.3333	26.552170031497425
1210.7	99.0909	26.309770031497436
1212.27	98.6061	25.82497003149743
1213.84	96.9495	24.16837003149743
1215.4	96.8283	24.04717003149743
1216.97	96.101	23.31987003149743
1218.53	93.1515	20.37037003149743
1220.1	93.3737	20.59257003149743
1221.66	91.899	19.117870031497432
1223.23	89.6565	16.875370031497425
1224.79	89.4141	16.632970031497436
1226.35	88.0606	15.279470031497425
1227.92	85.7172	12.936070031497437
1229.48	84.7273	11.94617003149743
1231.04	85.7576	12.976470031497428
1232.6	86.0	13.218870031497431
1234.16	87.1313	14.350170031497427
1235.73	87.6566	14.875470031497429
1237.29	88.7071	15.925970031497428
1238.85	90.7879	18.006770031497425
1240.4	92.5656	19.784470031497435
1241.96	98.1818	25.400670031497427
1243.52	100.95	28.168870031497434
1245.08	105.455	32.67387003149743
1246.64	109.212	36.430870031497435
1248.19	112.263	39.48187003149744
1249.75	116.263	43.48187003149744
1251.31	117.919	45.13787003149743
1252.86	117.091	44.309870031497425
1254.42	117.717	44.93587003149743
1255.97	116.242	43.460870031497436
1257.53	112.101	39.31987003149743
1259.08	106.242	33.460870031497436
1260.64	103.232	30.45087003149743
1262.19	97.9798	25.19867003149743
1263.74	95.4141	22.632970031497436
1265.29	91.7373	18.956170031497436
1266.85	90.1818	17.400670031497427
1268.4	88.0606	15.279470031497425
1269.95	87.2929	14.511770031497434
1271.5	89.0303	16.249170031497428
1273.05	89.2929	16.511770031497434
1274.6	89.596	16.814870031497435
1276.15	91.394	18.612870031497437
1277.7	94.9495	22.16837003149743
1279.25	97.1313	24.350170031497427
1280.79	97.9596	25.178470031497426
1282.34	100.263	27.481870031497436
1283.89	101.394	28.612870031497437
1285.43	101.253	28.47187003149743
1286.98	100.303	27.52187003149743
1288.53	100.121	27.339870031497426
1290.07	101.313	28.531870031497434
1291.62	101.919	29.137870031497428
1293.16	103.455	30.67387003149743
1294.71	104.303	31.52187003149743
1296.25	107.051	34.26987003149743
1297.79	108.929	36.14787003149743
1299.34	111.01	38.228870031497436
1300.88	114.768	41.98687003149743
1302.42	118.727	45.945870031497435
1303.96	123.697	50.915870031497434
1305.5	127.091	54.309870031497425
1307.04	128.788	56.00687003149744
1308.58	125.273	52.49187003149743
1310.12	123.091	50.309870031497425
1311.66	118.364	45.582870031497436
1313.2	113.697	40.915870031497434
1314.74	110.99	38.208870031497426
1316.28	108.404	35.62287003149743
1317.81	107.535	34.75387003149743
1319.35	106.788	34.00687003149743
1320.89	108.909	36.12787003149744
1322.42	109.01	36.228870031497436
1323.96	111.273	38.49187003149743
1325.5	114.828	42.046870031497434
1327.03	117.414	44.63287003149743
1328.56	123.939	51.157870031497424
1330.1	125.111	52.329870031497435
1331.63	130.788	58.00687003149744
1333.17	134.545	61.76387003149742
1334.7	136.04	63.25887003149742
1336.23	137.071	64.28987003149743
1337.76	137.111	64.32987003149742
1339.3	135.798	63.01687003149743
1340.83	137.535	64.75387003149743
1342.36	139.03	66.24887003149743
1343.89	139.98	67.19887003149742
1345.42	143.576	70.79487003149742
1346.95	145.475	72.69387003149743
1348.48	147.818	75.03687003149744
1350.0	151.232	78.45087003149743
1351.53	152.788	80.00687003149744
1353.06	154.909	82.12787003149742
1354.59	154.343	81.56187003149742
1356.11	154.828	82.04687003149743
1357.64	150.444	77.66287003149742
1359.17	145.616	72.83487003149745
1360.69	144.343	71.56187003149742
1362.22	140.545	67.76387003149742
1363.74	137.212	64.43087003149742
1365.26	141.697	68.91587003149743
1366.79	142.747	69.96587003149745
1368.31	147.778	74.99687003149742
1369.83	154.343	81.56187003149742
1371.36	154.707	81.92587003149742
1372.88	156.889	84.10787003149744
1374.4	154.404	81.62287003149743
1375.92	148.606	75.82487003149743
1377.44	140.667	67.88587003149743
1378.96	133.535	60.75387003149743
1380.48	126.404	53.62287003149743
1382.0	122.707	49.925870031497425
1383.52	119.131	46.34987003149743
1385.04	114.505	41.72387003149743
1386.56	113.051	40.26987003149743
1388.07	111.313	38.531870031497434
1389.59	112.0	39.21887003149743
1391.11	110.99	38.208870031497426
1392.62	109.798	37.01687003149743
1394.14	111.859	39.077870031497426
1395.66	114.081	41.299870031497434
1397.17	113.838	41.056870031497425
1398.69	113.495	40.713870031497436
1400.2	115.535	42.75387003149743
1401.71	116.869	44.08787003149743
1403.23	117.778	44.99687003149744
1404.74	118.586	45.80487003149743
1406.25	119.293	46.51187003149744
1407.76	119.495	46.713870031497436
1409.28	121.192	48.410870031497424
1410.79	120.929	48.14787003149743
1412.3	117.859	45.077870031497426
1413.81	117.051	44.26987003149743
1415.32	113.273	40.49187003149743
1416.83	111.01	38.228870031497436
1418.34	106.162	33.38087003149744
1419.84	103.434	30.65287003149743
1421.35	100.364	27.582870031497436
1422.86	97.7172	24.936070031497437
1424.37	95.2727	22.49157003149743
1425.88	93.4949	20.713770031497432
1427.38	92.1616	19.38047003149744
1428.89	89.7778	16.99667003149743
1430.39	87.9798	15.198670031497429
1431.9	86.8283	14.04717003149743
1433.4	85.9394	13.158270031497437
1434.91	87.8384	15.057270031497424
1436.41	87.899	15.117870031497432
1437.92	88.9091	16.127970031497426
1439.42	90.3636	17.582470031497436
1440.92	93.0101	20.228970031497425
1442.42	97.3131	24.531970031497437
1443.92	103.455	30.67387003149743
1445.43	111.414	38.63287003149743
1446.93	122.626	49.844870031497436
1448.43	132.364	59.582870031497436
1449.93	141.212	68.43087003149742
1451.43	144.242	71.46087003149742
1452.93	143.758	70.97687003149744
1454.43	134.828	62.046870031497434
1455.92	125.212	52.430870031497435
1457.42	113.636	40.85487003149743
1458.92	105.556	32.77487003149743
1460.42	99.7778	26.99667003149743
1461.91	94.0808	21.299670031497428
1463.41	90.3233	17.542170031497434
1464.91	85.9394	13.158270031497437
1466.4	83.9192	11.138070031497435
1467.9	82.3838	9.602670031497425
1469.39	80.2222	7.441070031497432
1470.88	79.798	7.016870031497433
1472.38	78.6465	5.865370031497434
1473.87	77.9192	5.138070031497435
1475.36	76.9495	4.168370031497432
1476.86	77.8586	5.077470031497427
1478.35	75.6364	2.855270031497426
1479.84	74.2626	1.4814700314974374
1481.33	74.7071	1.9259700314974282
1482.82	74.0202	1.2390700314974339
1484.31	73.0909	0.3097700314974361
1485.8	72.101	-0.6801299685025697
1487.29	71.1717	-1.6094299685025675
1488.78	71.0707	-1.7104299685025666
1490.27	71.2727	-1.5084299685025684
1491.76	69.4343	-3.3468299685025755
1493.24	70.4041	-2.377029968502569
1494.73	70.1212	-2.659929968502567
1496.22	69.0101	-3.7710299685025745
1497.71	69.1111	-3.6700299685025755
1499.19	68.9495	-3.8316299685025683
1500.68	69.5152	-3.2659299685025758
1502.16	68.5253	-4.255829968502567
1503.65	68.606	-4.175129968502574
1505.13	68.8283	-3.95282996850257
1506.62	68.2626	-4.518529968502563
1508.1	68.404	-4.377129968502572
1509.58	68.8283	-3.95282996850257
1511.06	68.4243	-4.356829968502566
1512.55	66.202	-6.579129968502571
1514.03	69.5353	-3.2458299685025622
1515.51	67.1919	-5.589229968502565
1516.99	67.7778	-5.00332996850257
1518.47	67.6364	-5.144729968502574
1519.95	67.2525	-5.528629968502571
1521.43	68.3636	-4.4175299685025635
1522.91	68.7879	-3.9932299685025754
1524.39	67.3131	-5.468029968502563
1525.87	68.1616	-4.619529968502562
1527.34	67.5757	-5.205429968502571
1528.82	67.8182	-4.962929968502564
1530.3	68.2828	-4.498329968502574
1531.77	69.0707	-3.7104299685025666
1533.25	68.1818	-4.599329968502573
1534.73	67.5354	-5.245729968502573
1536.2	66.9899	-5.791229968502563
1537.68	68.8485	-3.9326299685025674
1539.15	67.596	-5.185129968502565
1540.63	68.0606	-4.720529968502575
1542.1	68.1414	-4.639729968502564
1543.57	67.8788	-4.9023299685025705
1545.05	67.899	-4.882129968502568
1546.52	66.9091	-5.872029968502574
1547.99	67.8182	-4.962929968502564
1549.46	68.3232	-4.457929968502569
1550.93	68.4849	-4.296229968502573
1552.4	67.5556	-5.2255299685025705
1553.87	67.5758	-5.205329968502568
1555.34	66.9495	-5.831629968502568
1556.81	67.394	-5.387129968502563
1558.28	67.3939	-5.387229968502567
1559.75	66.8485	-5.932629968502567
1561.22	67.7374	-5.043729968502575
1562.69	67.9596	-4.821529968502574
1564.15	68.0404	-4.7407299685025635
1565.62	67.1111	-5.6700299685025755
1567.09	66.6465	-6.134629968502566
1568.55	67.1919	-5.589229968502565
1570.02	67.0505	-5.730629968502569
1571.48	66.8889	-5.892229968502562
1572.95	67.0909	-5.690229968502564
1574.41	67.1111	-5.6700299685025755
1575.88	66.6868	-6.094329968502564
1577.34	67.3737	-5.407429968502569
1578.8	67.1515	-5.62962996850257
1580.27	66.1414	-6.639729968502564
1581.73	66.8283	-5.95282996850257
1583.19	66.1818	-6.599329968502573
1584.65	66.7475	-6.0336299685025665
1586.11	66.4849	-6.296229968502573
1587.57	66.5657	-6.215429968502562
1589.03	66.9293	-5.851829968502571
1590.49	65.4141	-7.367029968502564
1591.95	65.4142	-7.366929968502575
1593.41	66.0202	-6.760929968502566
1594.87	65.899	-6.882129968502568
1596.33	67.0707	-5.710429968502567
1597.79	65.5555	-7.225629968502574
1599.24	66.0606	-6.720529968502575
1600.7	66.1818	-6.599329968502573
1602.16	65.2929	-7.488229968502566
1603.61	65.6768	-7.104329968502569
1605.07	67.0707	-5.710429968502567
1606.52	65.6364	-7.144729968502574
1607.98	64.9091	-7.872029968502574
1609.43	64.9899	-7.791229968502563
1610.89	67.4141	-5.367029968502564
1612.34	66.3434	-6.437729968502566
1613.79	65.4747	-7.30642996850257
1615.25	65.5354	-7.245729968502573
1616.7	66.0	-6.781129968502569
1618.15	64.6465	-8.134629968502566
1619.6	65.4343	-7.3468299685025755
1621.05	66.2626	-6.518529968502563
1622.5	65.4343	-7.3468299685025755
1623.95	65.5354	-7.245729968502573
1625.4	64.8283	-7.95282996850257
1626.85	66.3637	-6.417429968502574
1628.3	65.4545	-7.326629968502573
1629.75	65.6162	-7.1649299685025625
1631.19	66.404	-6.377129968502572
1632.64	65.5758	-7.205329968502568
1634.09	66.0	-6.781129968502569
1635.54	64.3232	-8.457929968502569
1636.98	65.5757	-7.205429968502571
1638.43	66.101	-6.68012996850257
1639.87	65.8182	-6.962929968502564
1641.32	65.8788	-6.9023299685025705
1642.76	65.4949	-7.2862299685025675
1644.21	65.4748	-7.306329968502567
1645.65	66.5859	-6.195229968502574
1647.09	66.1414	-6.639729968502564
1648.54	67.5556	-5.2255299685025705
1649.98	65.2929	-7.488229968502566
1651.42	66.3839	-6.397229968502572
1652.86	66.7273	-6.053829968502569
1654.31	65.899	-6.882129968502568
1655.75	65.4949	-7.2862299685025675
1657.19	66.101	-6.68012996850257
1658.63	65.8384	-6.942729968502576
1660.07	66.2828	-6.498329968502574
1661.5	66.6869	-6.0942299685025745
1662.94	65.9596	-6.821529968502574
1664.38	65.2121	-7.569029968502562
1665.82	66.9091	-5.872029968502574
1667.26	65.8182	-6.962929968502564
1668.69	65.9394	-6.8417299685025625
1670.13	64.7273	-8.05382996850257
1671.57	66.4647	-6.316429968502575
1673.0	66.2828	-6.498329968502574
1674.44	66.7475	-6.0336299685025665
1675.87	67.8586	-4.922529968502573
1677.31	65.798	-6.983129968502567
1678.74	65.9394	-6.8417299685025625
1680.18	66.3838	-6.397329968502575
1681.61	65.9798	-6.801329968502571
1683.04	67.0101	-5.7710299685025745
1684.47	65.5354	-7.245729968502573
1685.91	67.5959	-5.1852299685025685
1687.34	66.7071	-6.074029968502572
1688.77	67.1111	-5.6700299685025755
1690.2	65.6363	-7.144829968502563
