		B-Baseline
23.2408	44.6465	-25.557576056534685
25.1249	45.6364	-24.567676056534687
27.0086	48.9495	-21.254576056534688
28.8919	54.2626	-15.94147605653469
30.7748	59.495	-10.709076056534691
32.6573	63.6162	-6.587876056534689
34.5395	69.7575	-0.44657605653469545
36.4213	72.3232	2.1191239434653113
38.3005	79.3939	9.189823943465314
40.1816	87.697	17.492923943465314
42.0622	103.899	33.69492394346531
43.9425	121.636	51.43192394346531
45.8203	137.01	66.8059239434653
47.6998	148.505	78.3009239434653
49.5768	157.273	87.06892394346531
51.4556	162.162	91.95792394346532
53.3318	161.212	91.0079239434653
55.2098	163.758	93.55392394346532
57.0853	171.333	101.12892394346531
58.9605	176.202	105.99792394346531
60.8374	180.404	110.19992394346531
62.7117	188.283	118.0789239434653
64.5857	191.596	121.39192394346532
66.4594	192.949	122.74492394346532
68.3326	196.263	126.05892394346532
70.2055	193.717	123.51292394346532
72.078	191.939	121.7349239434653
73.9501	190.343	120.1389239434653
75.8219	181.354	111.14992394346532
77.6911	177.758	107.55392394346532
79.5621	172.364	102.15992394346532
81.4327	173.111	102.9069239434653
83.3009	177.576	107.3719239434653
85.1707	182.828	112.62392394346531
87.0403	183.677	113.4729239434653
88.9072	187.879	117.6749239434653
90.7739	183.919	113.71492394346532
92.6423	186.525	116.32092394346532
94.5081	181.98	111.7759239434653
96.3737	178.364	108.15992394346532
98.2409	173.455	103.25092394346532
100.106	164.081	93.8769239434653
101.97	161.859	91.65492394346532
103.834	155.131	84.92692394346531
105.698	152.343	82.1389239434653
107.561	151.879	81.6749239434653
109.424	154.061	83.85692394346532
111.286	149.414	79.2099239434653
113.149	151.051	80.8469239434653
115.008	153.818	83.61392394346532
116.87	154.424	84.21992394346532
118.731	153.576	83.3719239434653
120.591	149.051	78.8469239434653
122.45	143.212	73.0079239434653
124.31	135.98	65.7759239434653
126.167	132.99	62.78592394346532
128.024	128.202	57.99792394346531
129.883	125.212	55.007923943465315
131.739	124.848	54.64392394346531
133.595	127.434	57.22992394346531
135.453	128.02	57.81592394346532
137.308	129.657	59.45292394346532
139.163	133.778	63.5739239434653
141.018	140.02	69.81592394346532
142.872	148.646	78.4419239434653
144.725	160.525	90.32092394346532
146.579	172.343	102.1389239434653
148.432	185.414	115.2099239434653
150.282	198.949	128.74492394346532
152.135	210.162	139.95792394346532
153.986	222.586	152.38192394346532
155.838	232.202	161.9979239434653
157.687	238.384	168.1799239434653
159.538	241.01	170.8059239434653
161.386	240.586	170.38192394346532
163.236	231.798	161.5939239434653
165.084	222.808	152.6039239434653
166.931	214.687	144.48292394346532
168.78	205.919	135.71492394346532
170.627	206.101	135.8969239434653
172.473	208.263	138.05892394346532
174.318	210.768	140.5639239434653
176.164	217.758	147.55392394346532
178.009	219.212	149.0079239434653
179.854	217.374	147.1699239434653
181.698	213.556	143.35192394346532
183.542	205.455	135.25092394346532
185.385	204.162	133.95792394346532
187.226	198.707	128.5029239434653
189.069	195.717	125.51292394346532
190.912	192.687	122.48292394346532
192.752	192.101	121.89692394346531
194.593	193.454	123.24992394346532
196.433	196.626	126.42192394346532
198.274	198.909	128.7049239434653
200.112	200.323	130.11892394346532
201.95	199.798	129.5939239434653
203.79	200.97	130.7659239434653
205.628	201.677	131.4729239434653
207.465	202.424	132.21992394346532
209.302	202.95	132.7459239434653
211.138	202.828	132.62392394346531
212.974	205.677	135.4729239434653
214.81	196.808	126.6039239434653
216.645	188.748	118.5439239434653
218.48	178.303	108.09892394346531
220.314	167.576	97.3719239434653
222.146	157.374	87.1699239434653
223.98	153.778	83.5739239434653
225.814	150.848	80.64392394346532
227.645	150.303	80.09892394346531
229.477	154.061	83.85692394346532
231.308	157.939	87.7349239434653
233.14	163.697	93.49292394346531
234.969	168.646	98.4419239434653
236.798	174.485	104.28092394346533
238.627	174.646	104.4419239434653
240.458	171.576	101.3719239434653
242.286	168.283	98.0789239434653
244.114	160.606	90.4019239434653
245.941	150.04	79.8359239434653
247.768	145.232	75.02792394346531
249.595	140.808	70.6039239434653
251.421	134.646	64.4419239434653
253.245	133.131	62.92692394346531
255.07	129.232	59.02792394346531
256.896	126.384	56.17992394346531
258.718	125.596	55.391923943465315
260.543	124.061	53.85692394346532
262.367	120.424	50.21992394346532
264.189	118.95	48.745923943465314
266.01	117.818	47.61392394346531
267.833	117.899	47.69492394346531
269.654	117.253	47.04892394346531
271.474	119.152	48.94792394346531
273.296	123.495	53.290923943465316
275.116	127.071	56.86692394346531
276.935	133.454	63.24992394346532
278.754	139.313	69.1089239434653
280.572	147.293	77.08892394346532
282.39	152.141	81.9369239434653
284.208	158.202	87.99792394346531
286.023	162.626	92.42192394346532
287.84	168.788	98.58392394346532
289.657	177.778	107.5739239434653
291.471	189.374	119.1699239434653
293.287	196.566	126.36192394346531
295.103	202.99	132.78592394346532
296.916	202.202	131.9979239434653
298.729	199.798	129.5939239434653
300.543	194.667	124.46292394346531
302.355	188.525	118.32092394346532
304.167	186.283	116.0789239434653
305.979	184.02	113.81592394346532
307.792	188.0	117.79592394346531
309.602	189.495	119.29092394346532
311.413	184.404	114.19992394346531
313.223	181.273	111.06892394346531
315.032	176.848	106.64392394346532
316.84	175.293	105.08892394346532
318.648	176.748	106.5439239434653
320.457	184.646	114.4419239434653
322.265	193.434	123.22992394346531
324.071	206.121	135.91692394346532
325.878	221.879	151.6749239434653
327.684	241.859	171.65492394346532
329.49	262.444	192.23992394346533
331.295	289.798	219.5939239434653
333.099	312.667	242.46292394346528
334.904	347.838	277.63392394346533
336.708	385.03	314.8259239434653
338.511	425.111	354.9069239434653
340.313	449.879	379.67492394346533
342.116	462.566	392.3619239434653
343.917	447.879	377.67492394346533
345.719	422.99	352.7859239434653
347.52	381.677	311.47292394346533
349.321	350.364	280.1599239434653
351.121	330.323	260.1189239434653
352.92	329.434	259.22992394346534
354.719	343.798	273.5939239434653
356.519	377.354	307.1499239434653
358.316	420.02	349.8159239434653
360.115	468.99	398.7859239434653
361.911	497.616	427.4119239434653
363.707	503.232	433.02792394346534
365.504	480.788	410.5839239434653
367.3	436.121	365.9169239434653
369.095	376.02	305.8159239434653
370.889	319.939	249.73492394346533
372.683	273.455	203.2509239434653
374.477	238.303	168.0989239434653
376.271	214.141	143.9369239434653
378.064	198.566	128.3619239434653
379.857	186.061	115.85692394346532
381.649	175.515	105.3109239434653
383.439	170.101	99.89692394346531
385.231	165.717	95.51292394346532
387.022	161.758	91.55392394346532
388.811	158.343	88.1389239434653
390.602	158.485	88.28092394346533
392.39	156.525	86.32092394346532
394.178	157.333	87.12892394346531
395.968	163.152	92.9479239434653
397.755	168.04	97.8359239434653
399.542	176.141	105.9369239434653
401.329	186.727	116.52292394346532
403.115	202.687	132.48292394346532
404.901	214.606	144.4019239434653
406.686	231.758	161.55392394346532
408.472	252.101	181.8969239434653
410.256	277.333	207.12892394346534
412.041	306.97	236.76592394346534
413.823	349.495	279.2909239434653
415.607	389.273	319.06892394346534
417.39	423.657	353.4529239434653
419.171	437.879	367.67492394346533
420.954	429.172	358.96792394346534
422.734	406.323	336.1189239434653
424.514	378.747	308.5429239434653
426.296	352.606	282.4019239434653
428.075	351.172	280.96792394346534
429.854	370.848	300.6439239434653
431.633	404.97	334.76592394346534
433.411	432.323	362.1189239434653
435.189	444.121	373.9169239434653
436.967	439.172	368.96792394346534
438.744	402.04	331.83592394346533
440.521	352.424	282.2199239434653
442.295	304.182	233.97792394346533
444.072	261.071	190.86692394346534
445.848	234.182	163.9779239434653
447.621	215.333	145.1289239434653
449.396	206.182	135.9779239434653
451.169	199.232	129.0279239434653
452.944	196.586	126.38192394346532
454.716	202.727	132.52292394346532
456.487	213.98	143.7759239434653
458.259	231.495	161.29092394346532
460.03	248.424	178.21992394346532
461.803	266.545	196.34092394346533
463.573	286.586	216.38192394346532
465.343	292.646	222.44192394346533
467.111	284.828	214.6239239434653
468.88	271.778	201.57392394346533
470.649	249.98	179.7759239434653
472.418	228.667	158.4629239434653
474.184	217.293	147.08892394346532
475.952	211.535	141.3309239434653
477.718	212.99	142.78592394346532
479.485	212.606	142.4019239434653
481.25	209.758	139.55392394346532
483.017	209.535	139.3309239434653
484.781	204.949	134.74492394346532
486.545	203.354	133.14992394346532
488.308	200.404	130.1999239434653
490.072	193.556	123.35192394346532
491.835	181.919	111.71492394346532
493.597	170.566	100.36192394346531
495.359	158.667	88.46292394346531
497.121	149.535	79.33092394346531
498.883	142.768	72.56392394346531
500.644	133.576	63.371923943465305
502.403	129.273	59.06892394346531
504.163	124.667	54.46292394346531
505.921	122.444	52.239923943465314
507.681	119.232	49.02792394346531
509.439	117.576	47.371923943465305
511.198	115.131	44.92692394346531
512.955	110.525	40.32092394346532
514.711	109.091	38.886923943465305
516.467	109.939	39.734923943465304
518.223	109.051	38.84692394346531
519.978	108.97	38.76592394346531
521.733	107.636	37.43192394346531
523.488	106.323	36.118923943465305
525.243	105.778	35.57392394346532
526.997	105.374	35.16992394346531
528.75	106.0	35.79592394346531
530.502	106.02	35.81592394346531
532.255	106.626	36.421923943465316
534.006	107.939	37.734923943465304
535.758	108.525	38.32092394346532
537.508	109.394	39.18992394346532
539.26	111.535	41.33092394346531
541.009	110.384	40.17992394346531
542.758	112.404	42.19992394346531
544.507	113.859	43.654923943465306
546.255	117.576	47.371923943465305
548.003	121.434	51.22992394346531
549.751	125.798	55.59392394346531
551.498	132.566	62.361923943465314
553.245	141.515	71.3109239434653
554.992	147.697	77.49292394346531
556.738	155.354	85.14992394346532
558.482	169.717	99.51292394346532
560.228	182.869	112.66492394346531
561.971	194.849	124.6449239434653
563.716	209.838	139.6339239434653
565.459	220.444	150.2399239434653
567.201	234.485	164.28092394346533
568.945	248.566	178.3619239434653
570.687	266.384	196.17992394346533
572.428	283.232	213.02792394346534
574.169	294.99	224.78592394346532
575.91	296.424	226.2199239434653
577.65	289.96	219.7559239434653
579.39	269.717	199.5129239434653
581.13	244.646	174.4419239434653
582.867	217.414	147.2099239434653
584.606	198.869	128.6649239434653
586.345	184.747	114.54292394346533
588.081	169.677	99.4729239434653
589.819	160.788	90.58392394346532
591.555	152.566	82.36192394346531
593.29	144.0	73.79592394346531
595.027	134.586	64.38192394346532
596.762	130.929	60.72492394346531
598.496	125.636	55.43192394346531
600.23	121.313	51.108923943465314
601.964	118.465	48.260923943465315
603.697	116.202	45.99792394346531
605.43	114.384	44.17992394346531
607.163	114.727	44.522923943465315
608.895	121.535	51.33092394346531
610.625	127.091	56.886923943465305
612.357	131.394	61.18992394346532
614.088	138.99	68.78592394346532
615.817	136.263	66.05892394346532
617.548	135.919	65.71492394346532
619.276	127.091	56.886923943465305
621.004	117.414	47.20992394346531
622.732	108.949	38.74492394346531
624.461	100.909	30.704923943465317
626.188	95.8182	25.614123943465316
627.915	93.2929	23.088823943465314
629.641	91.9798	21.77572394346531
631.367	92.8081	22.604023943465307
633.093	93.4343	23.230223943465305
634.817	95.5152	25.311123943465304
636.542	99.1111	28.907023943465305
638.266	97.1717	26.967623943465313
639.989	97.6364	27.432323943465306
641.713	95.899	25.694923943465312
643.435	94.5657	24.361623943465318
645.158	93.0909	22.886823943465316
646.879	91.2323	21.028223943465306
648.6	93.1717	22.967623943465313
650.32	93.2929	23.088823943465314
652.04	96.8485	26.644423943465313
653.76	98.9899	28.785823943465317
655.48	102.202	31.99792394346531
657.199	105.778	35.57392394346532
658.917	104.768	34.56392394346531
660.636	103.859	33.654923943465306
662.354	100.202	29.99792394346531
664.07	94.8283	24.62422394346531
665.787	91.5556	21.35152394346531
667.503	86.7475	16.543423943465314
669.219	86.505	16.300923943465307
670.934	83.697	13.492923943465314
672.65	81.7374	11.533323943465305
674.364	80.7475	10.543423943465314
676.078	79.8182	9.614123943465316
677.791	78.8283	8.62422394346531
679.504	76.9293	6.725223943465309
681.216	78.6666	8.462523943465314
682.929	76.3232	6.119123943465311
684.641	76.4849	6.2808239434653075
686.352	75.9596	5.755523943465306
688.061	76.404	6.199923943465308
689.772	75.9798	5.775723943465309
691.483	75.798	5.593923943465313
693.191	75.2727	5.068623943465312
694.899	74.8889	4.684823943465318
696.609	76.4242	6.22012394346531
698.316	75.2323	5.028223943465306
700.023	74.7879	4.583823943465305
701.732	75.8384	5.634323943465304
703.438	76.202	5.9979239434653095
705.144	76.1818	5.977723943465307
706.85	76.303	6.098923943465309
708.554	74.8081	4.604023943465307
710.259	76.8889	6.684823943465318
711.964	76.6869	6.482823943465306
713.668	76.0202	5.816123943465314
715.37	77.394	7.189923943465317
717.074	76.5657	6.361623943465318
718.775	76.5656	6.361523943465315
720.479	77.4546	7.250523943465311
722.179	78.2626	8.058523943465318
723.88	79.5556	9.35152394346531
725.582	78.202	7.9979239434653095
727.282	78.4243	8.220223943465314
728.982	79.8384	9.634323943465304
730.681	78.3434	8.139323943465314
732.38	79.3939	9.189823943465314
734.076	76.8889	6.684823943465318
735.775	78.6666	8.462523943465314
737.473	78.6465	8.442423943465315
739.17	76.8687	6.664623943465315
740.866	76.1818	5.977723943465307
742.563	75.3939	5.1898239434653135
744.257	77.8586	7.654523943465307
745.954	75.3939	5.1898239434653135
747.648	77.0505	6.846423943465311
749.342	77.0909	6.886823943465316
751.035	74.7677	4.563623943465316
752.728	75.6565	5.4524239434653055
754.421	74.6061	4.402023943465309
756.113	74.4647	4.260623943465305
757.806	75.2929	5.088823943465314
759.497	75.9798	5.775723943465309
761.189	73.4747	3.27062394346531
762.878	74.2626	4.0585239434653175
764.569	76.2424	6.038323943465315
766.258	74.5253	4.321223943465313
767.948	74.6061	4.402023943465309
769.636	75.4545	5.250423943465307
771.326	76.1818	5.977723943465307
773.013	76.202	5.9979239434653095
774.7	77.5555	7.351423943465306
776.387	77.596	7.391923943465315
778.073	78.7475	8.543423943465314
779.759	77.9192	7.715123943465315
781.445	77.1919	6.987823943465315
783.13	76.8889	6.684823943465318
784.815	77.6161	7.412023943465314
786.498	76.2424	6.038323943465315
788.183	75.8384	5.634323943465304
789.867	75.2929	5.088823943465314
791.549	76.6263	6.422223943465312
793.23	75.2929	5.088823943465314
794.914	74.1212	3.917123943465313
796.595	76.5455	6.3414239434653155
798.275	74.0202	3.816123943465314
799.956	75.8586	5.654523943465307
801.635	74.7677	4.563623943465316
803.315	74.2424	4.038323943465315
804.995	74.9091	4.7050239434653065
806.674	74.6061	4.402023943465309
808.352	75.3333	5.1292239434653055
810.029	75.7374	5.533323943465305
811.707	75.3939	5.1898239434653135
813.385	75.3939	5.1898239434653135
815.06	76.9697	6.7656239434653145
816.735	77.7374	7.533323943465305
818.412	77.1111	6.907023943465305
820.087	79.1313	8.927223943465307
821.761	81.1919	10.987823943465315
823.435	82.606	12.401923943465306
825.109	84.8081	14.604023943465307
826.782	88.0404	17.836323943465317
828.455	93.1919	22.987823943465315
830.128	97.7172	27.513123943465317
831.8	100.263	30.058923943465317
833.472	102.424	32.21992394346532
835.142	102.141	31.936923943465317
836.814	99.7576	29.553523943465308
838.483	94.9091	24.705023943465307
840.154	90.7677	20.563623943465316
841.822	87.3333	17.129223943465306
843.491	83.8586	13.654523943465307
845.159	81.9394	11.735323943465318
846.826	80.2626	10.058523943465318
848.493	79.2929	9.088823943465314
850.16	79.9192	9.715123943465315
851.827	79.0707	8.866623943465314
853.494	79.3131	9.109023943465317
855.16	79.8788	9.67472394346531
856.823	78.2626	8.058523943465318
858.489	80.4445	10.240423943465316
860.154	80.9495	10.745423943465312
861.817	81.8586	11.654523943465307
863.48	82.7273	12.523223943465311
865.144	86.0404	15.836323943465317
866.806	86.7879	16.583823943465305
868.467	89.9394	19.735323943465318
870.129	93.4546	23.25052394346531
871.79	99.4748	29.270723943465313
873.451	106.485	36.28092394346531
875.111	115.151	44.94692394346531
876.771	130.303	60.09892394346531
878.429	148.707	78.5029239434653
880.089	170.909	100.7049239434653
881.748	193.697	123.49292394346531
883.405	213.455	143.25092394346532
885.063	227.232	157.0279239434653
886.719	230.869	160.6649239434653
888.375	228.242	158.0379239434653
890.031	215.515	145.3109239434653
891.689	204.707	134.5029239434653
893.344	192.283	122.0789239434653
894.998	180.788	110.58392394346532
896.651	163.535	93.33092394346531
898.305	144.081	73.8769239434653
899.959	129.717	59.512923943465324
901.613	114.808	44.60392394346532
903.264	104.384	34.17992394346531
904.917	99.0303	28.82622394346531
906.568	93.8788	23.67472394346531
908.22	90.3838	20.179723943465305
909.87	88.9293	18.72522394346531
911.52	87.2929	17.088823943465314
913.169	86.4243	16.220223943465314
914.818	83.6768	13.472723943465311
916.467	81.4747	11.27062394346531
918.116	81.6364	11.432323943465306
919.764	77.9394	7.735323943465318
921.412	76.8485	6.644423943465313
923.06	76.6464	6.442323943465311
924.705	76.0202	5.816123943465314
926.352	75.2121	5.008023943465318
927.997	74.202	3.9979239434653095
929.643	73.3535	3.149423943465308
931.288	73.8182	3.614123943465316
932.931	74.0606	3.856523943465305
934.577	73.2727	3.0686239434653118
936.22	73.1515	2.94742394346531
937.863	73.1919	2.9878239434653153
939.506	73.6566	3.4525239434653088
941.148	73.0707	2.8666239434653136
942.788	74.7879	4.583823943465305
944.43	73.2727	3.0686239434653118
946.072	72.9495	2.745423943465312
947.711	73.7172	3.5131239434653168
949.352	73.7171	3.5130239434653134
950.99	74.3232	4.119123943465311
952.631	74.8485	4.644423943465313
954.269	75.394	5.189923943465317
955.906	75.2525	5.048423943465309
957.544	76.9899	6.785823943465317
959.181	79.798	9.593923943465313
960.818	80.3838	10.179723943465305
962.454	83.9596	13.755523943465306
964.09	86.5858	16.381723943465317
965.726	89.3131	19.109023943465317
967.36	93.2121	23.008023943465318
968.995	95.5555	25.351423943465306
970.628	99.6566	29.45252394346531
972.263	101.091	30.886923943465305
973.896	100.909	30.704923943465317
975.528	102.748	32.543923943465316
977.162	103.899	33.69492394346531
978.793	103.172	32.96792394346531
980.424	107.434	37.22992394346531
982.055	108.162	37.95792394346532
983.686	111.354	41.14992394346531
985.316	115.192	44.987923943465304
986.945	115.697	45.492923943465314
988.574	113.737	43.532923943465306
990.204	112.99	42.785923943465306
991.831	111.111	40.906923943465316
993.46	107.111	36.906923943465316
995.087	106.182	35.97792394346531
996.713	102.283	32.07892394346531
998.339	99.4142	29.210123943465305
999.965	98.8081	28.604023943465307
1001.59	99.2323	29.028223943465306
1003.22	102.343	32.138923943465315
1004.84	103.374	33.16992394346531
1006.47	108.02	37.81592394346531
1008.09	111.818	41.61392394346531
1009.71	116.222	46.017923943465306
1011.34	123.354	53.14992394346531
1012.96	128.485	58.280923943465325
1014.58	136.141	65.9369239434653
1016.2	146.606	76.4019239434653
1017.82	154.889	84.68492394346532
1019.44	167.495	97.29092394346532
1021.06	178.202	107.99792394346531
1022.68	184.202	113.99792394346531
1024.3	187.778	117.5739239434653
1025.92	192.182	121.9779239434653
1027.54	194.727	124.52292394346532
1029.16	200.848	130.64392394346532
1030.78	209.212	139.0079239434653
1032.39	224.606	154.4019239434653
1034.01	238.626	168.42192394346532
1035.63	257.172	186.96792394346534
1037.24	276.747	206.54292394346533
1038.86	298.061	227.8569239434653
1040.47	317.071	246.86692394346534
1042.08	332.909	262.7049239434653
1043.7	341.515	271.3109239434653
1045.31	348.141	277.93692394346533
1046.93	347.798	277.5939239434653
1048.54	344.929	274.7249239434653
1050.15	342.222	272.0179239434653
1051.76	345.859	275.6549239434653
1053.37	356.081	285.87692394346533
1054.98	361.737	291.53292394346533
1056.6	367.717	297.5129239434653
1058.21	365.899	295.6949239434653
1059.81	353.515	283.3109239434653
1061.42	334.0	263.7959239434653
1063.03	310.283	240.07892394346533
1064.64	288.061	217.8569239434653
1066.25	268.161	197.9569239434653
1067.86	255.091	184.88692394346532
1069.46	249.495	179.29092394346532
1071.07	246.404	176.1999239434653
1072.67	245.899	175.6949239434653
1074.28	249.414	179.2099239434653
1075.89	249.677	179.4729239434653
1077.49	252.546	182.3419239434653
1079.09	255.374	185.1699239434653
1080.7	263.657	193.4529239434653
1082.3	271.96	201.7559239434653
1083.9	283.98	213.77592394346533
1085.51	303.232	233.02792394346534
1087.11	327.758	257.5539239434653
1088.71	357.859	287.6549239434653
1090.31	384.242	314.03792394346533
1091.91	412.182	341.9779239434653
1093.51	424.646	354.4419239434653
1095.11	425.697	355.4929239434653
1096.71	406.707	336.5029239434653
1098.31	389.475	319.27092394346533
1099.91	368.222	298.0179239434653
1101.51	356.444	286.2399239434653
1103.1	352.646	282.4419239434653
1104.7	364.263	294.0589239434653
1106.3	378.97	308.76592394346534
1107.89	402.364	332.1599239434653
1109.49	425.455	355.2509239434653
1111.08	448.788	378.5839239434653
1112.68	471.273	401.06892394346534
1114.28	492.364	422.1599239434653
1115.87	508.263	438.0589239434653
1117.46	517.01	446.8059239434653
1119.06	511.152	440.9479239434653
1120.65	497.838	427.63392394346533
1122.24	469.071	398.86692394346534
1123.83	437.151	366.9469239434653
1125.42	394.323	324.1189239434653
1127.02	352.848	282.6439239434653
1128.6	312.465	242.2609239434653
1130.19	271.717	201.5129239434653
1131.79	234.263	164.05892394346532
1133.37	212.04	141.8359239434653
1134.96	190.788	120.58392394346532
1136.55	177.677	107.4729239434653
1138.14	169.515	99.3109239434653
1139.73	165.879	95.6749239434653
1141.31	163.939	93.7349239434653
1142.9	164.202	93.99792394346531
1144.49	160.788	90.58392394346532
1146.07	161.677	91.4729239434653
1147.66	161.677	91.4729239434653
1149.24	164.768	94.56392394346531
1150.83	167.475	97.2709239434653
1152.41	172.323	102.11892394346532
1153.99	177.576	107.3719239434653
1155.58	184.424	114.21992394346532
1157.16	192.626	122.42192394346532
1158.74	193.091	122.88692394346532
1160.32	197.434	127.22992394346531
1161.9	196.748	126.5439239434653
1163.48	190.485	120.28092394346533
1165.07	179.354	109.14992394346532
1166.64	170.485	100.28092394346533
1168.22	156.566	86.36192394346531
1169.8	142.182	71.9779239434653
1171.38	131.03	60.82592394346531
1172.96	121.131	50.92692394346531
1174.54	116.364	46.159923943465316
1176.12	112.202	41.99792394346531
1177.69	109.212	39.007923943465315
1179.27	110.404	40.19992394346531
1180.84	115.96	45.755923943465305
1182.42	120.303	50.09892394346531
1183.99	126.343	56.138923943465315
1185.57	132.505	62.30092394346531
1187.14	137.596	67.39192394346532
1188.72	138.162	67.95792394346532
1190.29	136.97	66.76592394346531
1191.86	132.263	62.05892394346532
1193.43	127.333	57.12892394346531
1195.01	125.737	55.532923943465306
1196.58	123.091	52.886923943465305
1198.15	122.687	52.48292394346531
1199.72	123.293	53.08892394346532
1201.29	124.747	54.54292394346531
1202.86	126.162	55.95792394346532
1204.43	129.111	58.9069239434653
1206.0	130.788	60.58392394346532
1207.57	133.071	62.86692394346531
1209.14	134.343	64.1389239434653
1210.7	135.737	65.5329239434653
1212.27	137.03	66.82592394346531
1213.84	134.909	64.7049239434653
1215.4	131.455	61.250923943465324
1216.97	129.657	59.45292394346532
1218.53	128.485	58.280923943465325
1220.1	125.616	55.41192394346531
1221.66	120.465	50.260923943465315
1223.23	118.828	48.623923943465314
1224.79	114.404	44.19992394346531
1226.35	110.909	40.70492394346532
1227.92	107.253	37.04892394346531
1229.48	105.354	35.14992394346531
1231.04	103.657	33.45292394346531
1232.6	103.293	33.08892394346532
1234.16	103.919	33.71492394346531
1235.73	104.424	34.21992394346532
1237.29	108.747	38.54292394346531
1238.85	111.414	41.20992394346531
1240.4	118.424	48.21992394346532
1241.96	125.919	55.71492394346531
1243.52	136.263	66.05892394346532
1245.08	146.384	76.1799239434653
1246.64	157.252	87.04792394346532
1248.19	169.414	99.2099239434653
1249.75	178.545	108.3409239434653
1251.31	187.495	117.29092394346532
1252.86	191.535	121.33092394346531
1254.42	194.162	123.95792394346532
1255.97	190.788	120.58392394346532
1257.53	186.687	116.48292394346532
1259.08	176.929	106.72492394346531
1260.64	165.192	94.98792394346532
1262.19	152.222	82.01792394346532
1263.74	138.606	68.4019239434653
1265.29	131.212	61.0079239434653
1266.85	122.404	52.19992394346531
1268.4	116.323	46.118923943465305
1269.95	113.96	43.755923943465305
1271.5	112.768	42.56392394346531
1273.05	113.697	43.492923943465314
1274.6	115.616	45.41192394346531
1276.15	119.293	49.08892394346532
1277.7	124.323	54.118923943465305
1279.25	129.818	59.61392394346532
1280.79	135.98	65.7759239434653
1282.34	140.727	70.52292394346532
1283.89	143.939	73.7349239434653
1285.43	146.081	75.8769239434653
1286.98	149.253	79.0489239434653
1288.53	151.374	81.1699239434653
1290.07	148.121	77.91692394346532
1291.62	150.141	79.9369239434653
1293.16	153.172	82.96792394346531
1294.71	156.929	86.72492394346531
1296.25	160.242	90.0379239434653
1297.79	166.485	96.28092394346533
1299.34	172.828	102.62392394346531
1300.88	178.404	108.19992394346531
1302.42	191.03	120.82592394346531
1303.96	204.465	134.26092394346531
1305.5	215.919	145.71492394346532
1307.04	227.879	157.6749239434653
1308.58	231.475	161.2709239434653
1310.12	224.485	154.28092394346533
1311.66	214.828	144.62392394346531
1313.2	200.283	130.0789239434653
1314.74	188.0	117.79592394346531
1316.28	175.879	105.6749239434653
1317.81	169.03	98.82592394346531
1319.35	166.242	96.0379239434653
1320.89	165.374	95.1699239434653
1322.42	166.061	95.85692394346532
1323.96	169.354	99.14992394346532
1325.5	175.919	105.71492394346532
1327.03	184.081	113.8769239434653
1328.56	196.02	125.81592394346532
1330.1	207.03	136.8259239434653
1331.63	218.182	147.9779239434653
1333.17	228.848	158.64392394346532
1334.7	237.374	167.1699239434653
1336.23	238.707	168.5029239434653
1337.76	241.677	171.4729239434653
1339.3	243.455	173.25092394346532
1340.83	240.929	170.7249239434653
1342.36	247.616	177.41192394346533
1343.89	248.02	177.81592394346532
1345.42	253.899	183.6949239434653
1346.95	263.374	193.16992394346534
1348.48	273.172	202.96792394346534
1350.0	280.182	209.97792394346533
1351.53	290.162	219.9579239434653
1353.06	300.242	230.03792394346533
1354.59	301.03	230.82592394346528
1356.11	306.747	236.54292394346533
1357.64	297.758	227.5539239434653
1359.17	292.909	222.7049239434653
1360.69	278.889	208.68492394346532
1362.22	267.818	197.6139239434653
1363.74	259.556	189.3519239434653
1365.26	256.889	186.68492394346532
1366.79	259.01	188.8059239434653
1368.31	267.919	197.7149239434653
1369.83	283.071	212.86692394346534
1371.36	294.141	223.93692394346533
1372.88	306.162	235.9579239434653
1374.4	302.485	232.28092394346533
1375.92	295.656	225.45192394346532
1377.44	279.05	208.84592394346532
1378.96	257.111	186.9069239434653
1380.48	240.788	170.58392394346532
1382.0	223.333	153.1289239434653
1383.52	208.465	138.26092394346531
1385.04	197.697	127.49292394346531
1386.56	190.869	120.66492394346531
1388.07	184.0	113.79592394346531
1389.59	182.283	112.0789239434653
1391.11	177.515	107.3109239434653
1392.62	175.414	105.2099239434653
1394.14	176.646	106.4419239434653
1395.66	176.949	106.74492394346532
1397.17	179.636	109.4319239434653
1398.69	183.96	113.75592394346532
1400.2	189.091	118.88692394346532
1401.71	191.838	121.6339239434653
1403.23	194.889	124.68492394346532
1404.74	194.404	124.19992394346531
1406.25	200.222	130.01792394346532
1407.76	199.374	129.1699239434653
1409.28	203.273	133.0689239434653
1410.79	200.343	130.1389239434653
1412.3	197.455	127.25092394346532
1413.81	195.98	125.7759239434653
1415.32	189.131	118.92692394346531
1416.83	181.414	111.2099239434653
1418.34	171.394	101.18992394346532
1419.84	161.495	91.29092394346532
1421.35	153.515	83.3109239434653
1422.86	144.323	74.11892394346532
1424.37	139.313	69.1089239434653
1425.88	130.242	60.0379239434653
1427.38	125.717	55.51292394346531
1428.89	120.343	50.138923943465315
1430.39	115.01	44.80592394346532
1431.9	111.98	41.775923943465315
1433.4	111.111	40.906923943465316
1434.91	109.091	38.886923943465305
1436.41	108.646	38.44192394346531
1437.92	110.141	39.93692394346532
1439.42	113.596	43.391923943465315
1440.92	117.98	47.775923943465315
1442.42	126.626	56.421923943465316
1443.92	137.495	67.29092394346532
1445.43	154.545	84.3409239434653
1446.93	179.798	109.59392394346531
1448.43	207.556	137.35192394346532
1449.93	236.364	166.15992394346532
1451.43	257.131	186.92692394346528
1452.93	265.253	195.0489239434653
1454.43	259.495	189.29092394346532
1455.92	240.626	170.42192394346532
1457.42	213.96	143.75592394346532
1458.92	184.485	114.28092394346533
1460.42	159.374	89.1699239434653
1461.91	139.657	69.45292394346532
1463.41	125.596	55.391923943465315
1464.91	113.636	43.43192394346531
1466.4	105.636	35.43192394346531
1467.9	101.535	31.330923943465308
1469.39	95.3333	25.129223943465306
1470.88	91.1919	20.987823943465315
1472.38	89.1313	18.927223943465307
1473.87	87.9798	17.77572394346531
1475.36	85.8788	15.67472394346531
1476.86	83.5354	13.331323943465307
1478.35	82.1414	11.937323943465316
1479.84	80.101	9.89692394346531
1481.33	78.2626	8.058523943465318
1482.82	77.0505	6.846423943465311
1484.31	75.4343	5.230223943465305
1485.8	73.8384	3.6343239434653043
1487.29	71.1111	0.9070239434653047
1488.78	70.1414	-0.06267605653468422
1490.27	69.0505	-1.153576056534689
1491.76	67.6768	-2.5272760565346886
1493.24	66.2828	-3.921276056534694
1494.73	65.798	-4.406076056534687
1496.22	65.1515	-5.05257605653469
1497.71	64.1818	-6.022276056534693
1499.19	64.7071	-5.496976056534692
1500.68	64.0606	-6.143476056534695
1502.16	62.6465	-7.5575760565346854
1503.65	62.5657	-7.638376056534689
1505.13	62.7071	-7.496976056534692
1506.62	61.2727	-8.931376056534688
1508.1	62.3434	-7.860676056534686
1509.58	61.7576	-8.446476056534692
1511.06	60.7879	-9.416176056534688
1512.55	60.5253	-9.678776056534687
1514.03	60.4849	-9.719176056534685
1515.51	59.8384	-10.365676056534689
1516.99	60.6869	-9.517176056534687
1518.47	60.6667	-9.53737605653469
1519.95	61.9596	-8.244476056534687
1521.43	61.0909	-9.11317605653469
1522.91	61.8182	-8.385876056534691
1524.39	60.0	-10.204076056534689
1525.87	59.7576	-10.446476056534692
1527.34	59.596	-10.608076056534692
1528.82	59.2323	-10.971776056534686
1530.3	58.6263	-11.577776056534688
1531.77	58.0404	-12.16367605653469
1533.25	57.0303	-13.173776056534692
1534.73	59.4545	-10.749576056534686
1536.2	58.7071	-11.496976056534692
1537.68	59.2323	-10.971776056534686
1539.15	58.202	-12.00207605653469
1540.63	58.2626	-11.94147605653469
1542.1	58.5252	-11.67887605653469
1543.57	57.697	-12.507076056534686
1545.05	57.7374	-12.466676056534688
1546.52	57.9192	-12.284876056534692
1547.99	59.0909	-11.11317605653469
1549.46	58.4848	-11.719276056534689
1550.93	57.6364	-12.567676056534687
1552.4	57.3939	-12.810176056534686
1553.87	57.1919	-13.012176056534692
1555.34	57.2929	-12.911176056534686
1556.81	57.697	-12.507076056534686
1558.28	57.3737	-12.83037605653469
1559.75	56.9899	-13.21417605653469
1561.22	56.3434	-13.860676056534686
1562.69	57.697	-12.507076056534686
1564.15	57.1919	-13.012176056534692
1565.62	57.2323	-12.971776056534686
1567.09	57.0707	-13.133376056534686
1568.55	55.596	-14.608076056534692
1570.02	56.3232	-13.880876056534689
1571.48	55.899	-14.305076056534688
1572.95	55.7576	-14.446476056534692
1574.41	56.202	-14.00207605653469
1575.88	56.5455	-13.658576056534692
1577.34	56.2222	-13.981876056534688
1578.8	56.2626	-13.94147605653469
1580.27	56.1818	-14.022276056534686
1581.73	56.404	-13.800076056534685
1583.19	55.9596	-14.244476056534687
1584.65	55.7172	-14.48687605653469
1586.11	56.6263	-13.577776056534688
1587.57	56.2828	-13.921276056534687
1589.03	55.7374	-14.466676056534688
1590.49	56.2626	-13.94147605653469
1591.95	55.3535	-14.850576056534692
1593.41	55.697	-14.507076056534686
1594.87	55.9596	-14.244476056534687
1596.33	56.5657	-13.638376056534689
1597.79	54.8283	-15.37577605653469
1599.24	55.5556	-14.64847605653469
1600.7	55.4141	-14.789976056534691
1602.16	55.3333	-14.870776056534687
1603.61	55.596	-14.608076056534692
1605.07	54.6869	-15.517176056534687
1606.52	55.4141	-14.789976056534691
1607.98	54.7879	-15.416176056534688
1609.43	55.8182	-14.385876056534691
1610.89	55.6566	-14.547476056534691
1612.34	56.0808	-14.123276056534685
1613.79	54.5859	-15.618176056534686
1615.25	54.1414	-16.06267605653469
1616.7	54.303	-15.901076056534691
1618.15	54.303	-15.901076056534691
1619.6	55.1515	-15.05257605653469
1621.05	55.0707	-15.133376056534686
1622.5	54.4444	-15.759676056534687
1623.95	55.9798	-14.224276056534691
1625.4	54.2626	-15.94147605653469
1626.85	54.9091	-15.294976056534686
1628.3	53.2525	-16.95157605653469
1629.75	55.0101	-15.193976056534687
1631.19	54.6869	-15.517176056534687
1632.64	54.2424	-15.961676056534685
1634.09	55.1111	-15.092976056534688
1635.54	54.5859	-15.618176056534686
1636.98	54.2424	-15.961676056534685
1638.43	54.8283	-15.37577605653469
1639.87	54.9899	-15.21417605653469
1641.32	54.2626	-15.94147605653469
1642.76	54.5455	-15.658576056534692
1644.21	54.9697	-15.234376056534686
1645.65	54.5051	-15.69897605653469
1647.09	54.3232	-15.880876056534689
1648.54	54.8687	-15.335376056534692
1649.98	54.202	-16.00207605653469
1651.42	55.2323	-14.971776056534686
1652.86	55.8384	-14.365676056534689
1654.31	54.7273	-15.476776056534689
1655.75	54.7273	-15.476776056534689
1657.19	54.7475	-15.456576056534686
1658.63	54.3434	-15.860676056534686
1660.07	54.1212	-16.082876056534687
1661.5	54.0404	-16.16367605653469
1662.94	55.4747	-14.72937605653469
1664.38	54.8485	-15.355576056534687
1665.82	55.9394	-14.26467605653469
1667.26	54.0606	-16.143476056534688
1668.69	53.4546	-16.74947605653469
1670.13	54.5657	-15.638376056534689
1671.57	54.4848	-15.719276056534689
1673.0	54.6465	-15.557576056534685
1674.44	54.0808	-16.123276056534685
1675.87	54.7879	-15.416176056534688
1677.31	55.0505	-15.153576056534689
1678.74	54.5656	-15.638476056534685
1680.18	54.5656	-15.638476056534685
1681.61	54.8485	-15.355576056534687
1683.04	54.303	-15.901076056534691
1684.47	55.0303	-15.173776056534692
1685.91	54.9091	-15.294976056534686
1687.34	55.4748	-14.729276056534687
1688.77	53.899	-16.305076056534688
1690.2	54.9697	-15.234376056534686
