		B-Baseline
23.2408	99.8182	-3791.6865933007125
25.1249	125.152	-3771.8970003044074
27.0086	158.667	-3743.925030256565
28.8919	201.636	-3706.4978831571852
30.7748	253.758	-3659.916559006268
32.6573	317.879	-3601.3350578038135
34.5395	387.172	-3537.5806738127058
36.4213	469.253	-3461.0371127700605
38.3005	559.636	-3376.183900892423
40.1816	660.687	-3280.668280009588
42.0622	763.353	-3183.536187812331
43.9425	873.98	-3078.4422128264214
45.8203	996.828	-2961.119881268403
47.6998	1127.27	-2836.2085521794183
49.5768	1271.47	-2697.531866518326
51.4556	1431.76	-2542.7704775891507
53.3318	1595.31	-2384.741437824983
55.2098	1761.07	-2224.5076947927337
57.0853	1913.88	-2077.216595188376
58.9605	2069.43	-1927.1846127953654
60.8374	2222.38	-1779.757632871388
62.7117	2358.99	-1648.6630021124183
64.5857	2500.89	-1512.2774885647955
66.4594	2638.38	-1380.3010922285198
68.3326	2773.62	-1250.5732245778222
70.2055	2901.5	-1128.2044741384716
72.078	3010.53	-1024.6845466475838
73.9501	3090.48	-950.2434421051589
75.8219	3171.15	-875.0814547740806
77.6911	3220.85	-830.8818166080105
79.5621	3275.92	-781.3174751738575
81.4327	3311.45	-751.2919566881674
83.3009	3339.51	-728.7293758932533
85.1707	3368.63	-705.1115033044885
87.0403	3374.12	-705.1230421899554
88.9072	3396.16	-688.5766359775453
90.7739	3408.3	-681.929641239366
92.6423	3426.97	-668.757648970221
94.5081	3432.81	-668.4080058660825
96.3737	3443.68	-663.0277742361764
98.2409	3453.74	-658.4622508124185
100.106	3471.39	-646.3005478680902
101.97	3479.05	-644.1256080320345
103.834	3491.54	-637.1206681959784
105.698	3498.18	-635.9657283599222
107.561	3524.97	-614.657845895023
109.424	3521.43	-623.6799634301237
111.286	3531.15	-619.4391383363813
113.149	3536.56	-619.5112558714823
115.008	3553.19	-608.3516028912095
116.87	3551.35	-615.6707777974666
118.731	3544.91	-627.5870100748807
120.591	3558.97	-619.0002997234519
122.45	3555.07	-628.3706467431789
124.31	3559.78	-629.13393639175
126.167	3560.55	-633.8283981537907
128.024	3575.41	-624.4328599158316
129.883	3579.94	-625.3732069355588
131.739	3596.73	-614.0447260687565
133.595	3607.9	-608.3362452019542
135.453	3627.76	-593.9436495928376
137.308	3639.41	-587.7522260971928
139.163	3658.5	-574.1208026015465
141.018	3677.53	-560.5493791059002
142.872	3711.39	-532.1450129814116
144.725	3731.64	-517.3477042280788
146.579	3741.17	-513.2733381035896
148.432	3770.95	-488.94602935025796
150.282	3798.59	-466.7498927103952
152.135	3801.88	-468.91258395706245
153.986	3819.07	-457.1693899460438
155.838	3825.37	-456.31913856386745
157.687	3834.97	-452.1600592951622
159.538	3831.25	-461.3268652841434
161.386	3833.9	-464.1148433865942
163.236	3833.05	-470.4087067467317
165.084	3830.83	-478.0666848491828
166.931	3838.99	-475.34172032279
168.78	3852.26	-467.51264105408427
170.627	3856.61	-468.59767652769233
172.473	3875.53	-455.1097693724564
174.318	3866.71	-469.3589195883769
176.164	3878.02	-463.48101243314204
178.009	3881.21	-465.72016264906233
179.854	3898.42	-453.93931286498355
181.698	3901.37	-456.4155204520612
183.542	3910.63	-452.5817280391393
185.385	3925.78	-442.85499299737285
187.226	3935.09	-438.9623726979207
189.069	3936.24	-443.23563765615563
190.912	3946.67	-438.2289026143899
192.752	3953.39	-436.9233396860941
194.593	3964.73	-431.0007193866418
196.433	3971.13	-430.0151564583466
198.274	3986.95	-419.6125361588947
200.112	3988.52	-423.45108797291186
201.95	3982.26	-435.11963978692984
203.79	4002.08	-420.71407685863414
205.628	4004.97	-423.2326286726525
207.465	4018.38	-415.22823785782657
209.302	4016.69	-422.323847043001
211.138	4016.12	-428.2965135993318
212.974	4017.54	-432.2791801556632
214.81	4009.88	-445.34184671199455
216.645	4014.0	-446.62157063948234
218.48	4014.14	-451.88129456697015
220.314	4015.68	-455.738075865615
222.146	4030.99	-445.8189719065722
223.98	4032.81	-449.3957532052168
225.814	4055.05	-432.55253450386135
227.645	4057.7	-435.290487915976
229.477	4078.0	-420.38138395693386
231.308	4100.79	-402.97933736904815
233.14	4098.81	-410.3502334100058
234.969	4118.91	-395.6323015644339
236.798	4117.03	-402.89436971886244
238.627	4117.35	-407.95643787329027
240.458	4116.67	-414.0243912854048
242.286	4122.59	-413.4835168109894
244.114	4112.77	-428.68264233657374
245.941	4116.67	-430.15882523331493
247.768	4115.33	-436.8750081300568
249.595	4125.11	-432.4711910267979
251.421	4111.07	-451.8844312946958
253.245	4142.73	-425.59178630490715
255.07	4133.15	-440.5420839439621
256.896	4129.62	-449.44532421185977
258.718	4142.22	-442.2067939643839
260.543	4148.02	-441.77709160343875
262.367	4159.9	-435.26444661365076
264.189	4165.64	-434.88591636617457
266.01	4182.1	-423.78444348985613
267.833	4181.15	-430.09885587122517
269.654	4184.14	-432.46738299490517
271.474	4211.33	-410.63296748974426
273.296	4211.39	-415.93443724226836
275.116	4221.09	-411.5900217371063
276.935	4226.95	-411.08266360310154
278.754	4242.67	-400.71530546909617
280.572	4253.17	-395.56500470624724
282.39	4266.75	-387.3347039433993
284.208	4273.47	-385.9644031805501
286.023	4287.72	-377.05527453117156
287.84	4301.74	-368.3820311394802
289.657	4309.66	-365.8087877477883
291.471	4336.61	-344.19671646956704
293.287	4358.97	-327.1805304490308
295.103	4354.53	-336.9643444284966
296.916	4351.19	-345.6393305214315
298.729	4336.48	-365.68431661436625
300.543	4352.85	-354.6522453361431
302.355	4348.04	-364.79428880023534
304.167	4352.14	-366.0263322643268
305.979	4359.21	-364.28837572841803
307.792	4352.57	-376.2633618213531
309.602	4357.34	-376.8195200277578
311.413	4353.7	-385.78862086300614
313.223	4356.89	-387.92477906941076
315.032	4345.35	-404.78799464697204
316.84	4366.42	-389.03826759569074
318.648	4365.78	-394.9985405444095
320.457	4410.46	-355.6417561219705
322.265	4413.54	-357.882029070689
324.071	4449.86	-326.876416761721
325.878	4467.98	-314.0737470815957
327.684	4521.37	-265.99813477262705
329.49	4557.96	-234.7225224636586
331.295	4607.7	-190.29396752584762
333.099	4659.27	-144.03246995919199
334.904	4712.2	-96.41391502138049
336.708	4760.97	-52.95241745472504
338.511	4793.09	-26.137977259227227
340.313	4796.48	-28.05059443488608
342.116	4776.32	-53.516154239387106
343.917	4762.3	-72.835828786202
345.719	4738.89	-101.54844596186012
347.52	4731.21	-114.52812050867578
349.321	4726.06	-124.97779505548988
351.121	4769.8	-86.53452697346165
352.92	4810.59	-51.03831626259034
354.719	4866.71	-0.21210555171910528
356.519	4903.66	31.441162530309157
358.316	4939.41	61.90325849886722
360.115	4954.52	71.71946920973915
361.911	4940.97	52.884507807140835
363.707	4914.65	21.27954640454209
365.504	4880.97	-17.688357626899233
367.3	4841.33	-62.6133190294986
369.095	4815.03	-94.1953378032531
370.889	4787.31	-127.19441394816477
372.683	4784.4	-135.38349009307694
374.477	4782.97	-142.09256623798774
376.271	4776.06	-154.28164238289992
378.064	4772.08	-163.5377758989689
379.857	4776.85	-164.04390941503698
381.649	4767.94	-178.22710030226244
383.439	4781.09	-170.3444059318008
385.231	4796.18	-160.52759681902626
387.022	4785.74	-176.23784507740856
388.811	4793.25	-173.99220807810343
390.602	4810.0	-162.51245633648523
392.39	4821.21	-156.56387670833738
394.178	4836.22	-146.81529708018843
395.968	4838.56	-149.74260270972718
397.755	4850.42	-143.14108045273588
399.542	4875.6	-123.21955819574396
401.329	4884.04	-120.03803593875364
403.115	4915.64	-93.69357105291874
404.901	4943.98	-70.60910616708406
406.686	4966.22	-53.62169865240594
408.472	5009.53	-15.567233766571007
410.256	5043.96	13.61311637695053
412.041	5072.0	36.400523891628836
413.823	5103.57	62.726759292836505
415.607	5123.35	77.2571094363584
417.39	5130.81	79.47040220872259
419.171	5117.03	60.449580238773706
420.954	5100.02	38.192873011139454
422.734	5094.45	27.3849936700326
424.514	5096.79	24.48711432892742
426.296	5116.93	39.383349730136615
428.075	5153.96	71.17841301787394
429.854	5199.01	110.9934763056117
431.633	5224.34	131.0885395933501
433.411	5241.84	143.35654550993058
435.189	5233.8	130.084551426512
436.967	5194.57	85.62255734309292
438.744	5159.17	44.993505888518484
440.521	5107.45	-11.95554556605748
442.295	5078.51	-46.115769134103175
444.072	5057.86	-71.99482058867852
445.848	5062.79	-72.29092941441013
447.621	5038.89	-101.40821035361205
449.396	5055.05	-90.47137655050119
451.169	5056.5	-94.23865748970275
452.944	5086.97	-68.99182368659149
454.716	5119.09	-42.08616199695098
456.487	5146.4	-19.987557678467056
458.259	5181.72	10.118104011175092
460.03	5199.51	22.696708329659486
461.803	5224.89	42.85942739045731
463.573	5239.31	52.07097433778563
465.343	5248.48	56.032521285112125
467.111	5224.4	26.749953490127155
468.88	5199.54	-3.3155569337022825
470.649	5191.68	-16.3810673575299
472.418	5194.95	-18.316577781360138
474.184	5182.51	-35.95326031865807
475.952	5204.99	-18.675828113644457
477.718	5206.16	-22.702510650942713
479.485	5225.31	-8.752135817084309
481.25	5228.44	-10.815875725541446
483.017	5250.18	5.724499108317104
484.781	5253.33	3.6837018287042156
486.545	5252.85	-1.9870954509069634
488.308	5250.14	-9.884950101675713
490.072	5241.51	-23.705747381288347
491.835	5250.44	-19.96360203205768
493.597	5228.57	-47.01851405398338
495.359	5220.4	-60.373426075909265
497.121	5221.52	-64.43833809783428
498.883	5207.86	-83.28325011975994
500.644	5217.05	-79.27521951284234
502.403	5203.21	-98.29130364823777
504.163	5213.88	-92.8003304124768
505.921	5207.11	-104.74347191902962
507.681	5216.59	-100.44249868326824
509.439	5209.86	-112.3456401898211
511.198	5204.49	-122.89172432521627
512.955	5212.0	-120.55192320292554
514.711	5206.08	-131.63917945179128
516.467	5218.81	-124.07643570065648
518.223	5221.13	-126.92369194952244
519.978	5225.9	-127.31800556954568
521.733	5238.87	-119.51231918956819
523.488	5237.42	-126.12663280958986
525.243	5232.65	-136.06094642961307
526.997	5239.49	-134.38231742079188
528.75	5258.47	-120.56074578312746
530.502	5262.57	-121.61623151662025
532.255	5260.71	-128.63465987895597
534.006	5282.71	-111.7872029836044
535.758	5295.25	-104.40268871709759
537.508	5285.58	-119.22228919290319
539.26	5311.64	-98.31777492639503
541.009	5327.33	-87.77443277335806
542.758	5326.61	-93.64109062032094
544.507	5345.54	-79.85774846728327
546.255	5351.31	-79.23146368540165
548.003	5377.29	-58.39517890352181
549.751	5384.08	-56.74889412164066
551.498	5423.98	-21.989666710916936
553.245	5428.34	-22.770439300192265
554.992	5460.75	4.498788110531677
556.738	5482.12	20.73095815009856
558.482	5515.09	48.56901344735343
560.228	5529.51	57.85118348692049
561.971	5553.78	76.99218141301753
563.716	5584.42	102.49729408142866
565.459	5610.67	123.61829200752618
567.201	5637.8	145.6222325624667
568.945	5658.38	161.07028785972125
570.687	5683.82	181.38422841466127
572.428	5707.72	200.16111159844604
574.169	5707.68	194.9979947822303
575.91	5704.12	186.31487796601414
577.65	5671.78	148.85470377864021
579.39	5658.52	130.47452959126895
581.13	5628.45	95.28435540389546
582.867	5614.54	76.26300910305326
584.606	5609.29	65.8957775445233
586.345	5620.71	72.19854598599431
588.081	5584.28	30.660142313994584
589.819	5583.15	24.41585338430832
591.555	5600.34	36.49744971230939
593.29	5584.5	15.551988669153616
595.027	5583.47	9.410642368310619
596.762	5578.1	-1.0648186748449007
598.496	5577.78	-6.487337089158245
600.23	5578.32	-11.049855503471008
601.964	5592.83	-1.6423739177844254
603.697	5590.59	-8.981949703253122
605.43	5597.45	-7.221525488722364
607.163	5603.45	-6.321101274192188
608.895	5625.13	10.262265569182091
610.625	5631.94	11.981517670242283
612.357	5631.19	6.134884513616271
614.088	5642.3	12.151193985833743
615.817	5649.53	14.29338871573691
617.548	5634.42	-5.910301812045873
619.276	5629.7	-15.715164453297803
621.004	5642.77	-7.730027094550678
622.732	5641.92	-13.664889735803627
624.461	5647.72	-12.952695005899841
626.188	5654.97	-10.784615018309523
627.915	5683.92	13.083464969280612
629.641	5684.04	8.124487585714633
631.367	5674.67	-6.324489797851129
633.093	5696.48	10.406532818581582
634.817	5689.19	-1.956559307297539
636.542	5711.92	15.697405937979966
638.266	5714.0	12.704313812100736
639.989	5717.25	10.884164315063572
641.713	5716.63	5.191072189184524
643.435	5743.92	27.413865320992045
645.158	5746.85	25.273715823955172
646.879	5761.68	35.03945158460556
648.6	5758.14	26.435187345256054
650.32	5761.61	24.84386573474967
652.04	5763.51	21.682544124243577
653.76	5758.02	11.131222513737157
655.48	5779.19	27.23990090323059
657.199	5776.22	19.21152192156842
658.917	5779.58	17.516085568748167
660.636	5762.22	-4.902293412914332
662.354	5771.29	-0.887729765734548
664.07	5760.22	-17.007280860867468
665.787	5755.23	-27.049774584844272
667.503	5758.04	-29.289325679977082
669.219	5754.12	-38.258876775110366
670.934	5753.11	-44.31548524139998
672.65	5745.19	-57.28503633653327
674.364	5738.08	-69.43870217397944
676.078	5736.18	-76.38236801142557
677.791	5740.65	-76.95309122002891
679.504	5736.12	-86.52381442863225
681.216	5745.74	-81.94159500839123
682.929	5737.46	-95.26231821699457
684.641	5741.4	-96.36009879675476
686.352	5723.03	-119.76493674767062
688.061	5752.44	-95.38388944090093
689.772	5728.89	-123.96872739181708
691.483	5752.57	-105.32356534273367
693.191	5749.31	-113.60957540712025
694.899	5756.89	-111.05558547150667
696.609	5754.81	-118.16748079357876
698.316	5761.27	-116.73054822912309
700.023	5770.08	-112.94361566466614
701.732	5773.07	-114.98256835789653
703.438	5776.16	-116.91269316459511
705.144	5805.45	-92.6428179712957
706.85	5802.34	-100.77294277799592
708.554	5807.8	-100.32718232700881
710.259	5826.1	-87.04436450486537
711.964	5825.6	-92.56154668272211
713.668	5834.48	-88.69578623173584
715.37	5851.54	-76.64414052306165
717.074	5857.21	-75.9883800720745
718.775	5885.15	-53.05379173455822
720.479	5889.03	-54.188031283571945
722.179	5908.79	-39.43050031721123
723.88	5917.29	-35.93591197969454
725.582	5916.69	-41.544266271022025
727.282	5935.78	-27.45673530466138
728.982	5952.99	-15.249204338300842
730.681	5956.91	-16.328730743098276
732.38	5975.54	-2.6982571478938553
734.076	5988.61	5.381044333838872
735.775	6001.11	12.881517929042275
737.473	6016.2	22.974934153088725
739.17	6022.12	23.901293005978914
740.866	6032.99	29.780594487712733
742.563	6036.71	28.506953340603104
744.257	6041.03	27.842140080022546
745.954	6057.46	39.27849893291295
747.648	6059.94	36.77368567233225
749.342	6061.13	32.97887241175249
751.035	6073.09	39.95700178001607
752.728	6095.62	57.50513114827936
754.421	6081.86	38.76326051654178
756.113	6085.82	37.74433251364826
757.806	6097.27	44.21246188191253
759.497	6101.84	43.80647650786159
761.189	6114.3	51.28754850496898
762.878	6115.17	47.187448388604935
764.569	6104.38	31.42146301455523
766.258	6118.89	40.96136289819242
767.948	6119.94	37.03832015298485
769.636	6118.1	30.23116266546458
771.326	6100.61	7.76811992025705
773.013	6117.31	19.503905061581463
774.7	6126.51	23.739690202904967
776.387	6123.52	15.785475344227962
778.073	6129.17	16.474203114394186
779.759	6132.26	14.60293088456092
781.445	6134.51	11.891658654727507
783.13	6144.69	17.11332905373638
784.815	6131.11	-1.425000547254058
786.498	6164.47	26.98255510944273
788.183	6144.54	2.094225508452837
789.867	6159.37	11.968838536306066
791.549	6153.15	0.7993368218449177
793.23	6174.63	17.332777736229218
794.914	6175.23	12.977390764081065
796.595	6174.45	7.250831678465147
798.275	6197.21	25.067215221691185
799.956	6217.01	39.920656136075195
801.635	6219.54	37.50998230814457
803.315	6221.68	34.70636585137072
804.995	6238.5	46.58274939459716
806.674	6244.73	47.87207556666635
808.352	6248.85	47.05434436757969
810.029	6255.13	48.39955579733669
811.707	6283.37	71.701824598249
813.385	6284.02	67.41409339916208
815.06	6287.78	66.24519008660445
816.735	6307.25	80.78628677404777
818.412	6324.99	93.5914982038048
820.087	6326.63	90.30259489124819
821.761	6348.14	106.88663420753437
823.435	6327.8	81.62067352382019
825.109	6339.88	88.77471284010699
826.782	6356.45	100.42169478523556
828.455	6376.52	115.56867673036595
830.128	6381.98	116.10565867549485
831.8	6389.37	118.57558324946785
833.472	6399.6	123.885507823441
835.142	6394.24	113.61131765510072
836.814	6410.61	125.06124222907329
838.483	6426.5	136.03999468957682
840.154	6404.75	109.3728618923924
841.822	6424.46	124.17455698173853
843.491	6427.39	122.19330944224293
845.159	6434.55	124.44500453158889
846.826	6422.12	107.10964224977761
848.493	6440.51	120.59427996796694
850.16	6433.21	108.38891768615667
851.827	6452.61	122.88355540434623
853.494	6433.64	99.00819312253589
855.16	6459.68	120.14577346956867
856.823	6454.54	110.11218170313168
858.489	6454.36	105.0297620501633
860.154	6454.0	99.77028502604117
861.817	6451.5	92.37669325960269
863.48	6461.51	97.49310149316625
865.144	6469.62	100.70656709788545
866.806	6491.54	117.73591796029086
868.467	6489.94	111.24821145154056
870.129	6497.94	114.3575623139468
871.79	6516.32	127.84985580519606
873.451	6542.93	149.5721492964458
875.111	6541.11	142.86738541653813
876.771	6579.21	176.08262153663145
878.429	6594.4	186.39374291441072
880.089	6621.45	208.55897903450295
881.748	6646.12	228.3471577834398
883.405	6658.38	235.7312217900626
885.063	6662.0	234.47234316784215
886.719	6652.81	220.40934980330803
888.375	6634.89	197.61635643877435
890.031	6637.86	195.71336307424008
891.689	6627.39	180.3644844520195
893.344	6612.87	160.97443371632835
894.998	6620.99	164.22732560948134
896.651	6611.13	149.50316013147767
898.305	6604.4	137.9060520246294
899.959	6606.3	134.93894391778304
901.613	6600.75	124.52183581093504
903.264	6611.82	130.73355559061747
904.917	6617.72	131.76939011261402
906.568	6614.32	123.51110989229619
908.22	6631.51	135.8398870431356
909.87	6642.0	141.47454945166191
911.52	6648.73	143.3492118601871
913.169	6643.92	133.68681689755704
914.818	6661.09	146.00442193492654
916.467	6665.11	145.1720269722946
918.116	6672.52	147.72963200966478
919.764	6683.98	154.34017967587715
921.412	6705.19	170.70072734208952
923.06	6695.82	156.48127500830196
924.705	6693.6	149.42065056104548
926.352	6710.65	161.62414085609998
927.997	6699.8	145.9335164088434
929.643	6715.01	156.29994933274247
931.288	6704.95	141.39932488548493
932.931	6720.95	152.5645856959136
934.577	6726.4	153.17101861981246
936.22	6729.56	151.4962794302428
937.863	6723.37	140.47154024067186
939.506	6755.78	168.04680105110037
941.148	6741.8	149.23500449037329
942.788	6737.62	140.22909318733218
944.43	6742.79	140.56729662660564
946.072	6744.18	137.12550006587753
947.711	6751.62	139.74253139168013
949.352	6749.56	132.85367745979602
950.99	6751.8	130.2736514144408
952.631	6748.24	121.88479748255668
954.269	6746.79	115.61477143720276
955.906	6733.86	97.86768802069219
957.544	6732.24	91.42766197533729
959.181	6754.63	109.00057855882642
960.818	6762.87	112.42349514231591
962.454	6757.74	102.47935435464751
964.09	6754.57	94.49521356698006
965.726	6770.81	105.92107277931336
967.36	6768.56	98.86281724933269
968.995	6751.47	76.96161909050807
970.628	6761.82	82.50630618936884
972.263	6760.41	76.28510803054542
973.896	6762.83	73.89979512940772
975.528	6781.72	87.98742485711318
977.162	6775.03	76.489169327132
978.793	6776.02	72.67974168368164
980.424	6786.32	78.18031404022986
982.055	6787.01	74.07088639677931
983.686	6785.35	67.6114587533284
985.316	6780.55	58.01497373872098
986.945	6799.9	72.57143135295519
988.574	6786.12	53.99788896719201
990.204	6798.55	61.63140395258506
991.831	6788.44	46.73374682450594
993.46	6817.84	71.34020443874215
995.087	6786.38	35.092547310664486
996.713	6822.77	66.697832811431
998.339	6812.95	52.09311831219475
999.965	6829.64	63.99840381296144
1001.59	6832.4	61.97663194256893
1003.22	6854.04	78.82014692796201
1004.84	6874.79	94.80308820178743
1006.47	6879.23	94.44660318717979
1008.09	6888.42	98.86954446100572
1009.71	6920.06	125.74248573483146
1011.34	6914.42	115.30600072022298
1012.96	6935.45	131.56894199404815
1014.58	6953.84	145.1918832678739
1016.2	6979.03	165.6148245416989
1017.82	6983.58	165.3977658155245
1019.44	7011.64	188.69070708935033
1021.06	7022.73	195.0136483631759
1022.68	7050.93	218.44658963700203
1024.3	7045.32	208.06953091082687
1025.92	7065.51	223.4924721846528
1027.54	7080.81	234.0254134584784
1029.16	7092.79	241.23835473230338
1030.78	7103.13	246.81129600612894
1032.39	7144.59	283.53366356838706
1034.01	7160.4	294.57660484221196
1035.63	7176.63	306.03954611603785
1037.24	7217.86	342.5319136782964
1038.86	7255.88	375.78485495212317
1040.47	7275.44	390.60722251438074
1042.08	7272.3	382.7295900766394
1043.7	7297.59	403.2525313504648
1045.31	7289.72	390.6448989127239
1046.93	7304.63	400.78784018654824
1048.54	7341.51	432.93020774880824
1050.15	7334.87	421.552575311066
1051.76	7341.62	423.564942873325
1053.37	7358.22	435.42731043558433
1054.98	7365.39	437.8596779978425
1056.6	7337.58	405.2826192716675
1058.21	7338.24	401.20498683392543
1059.81	7319.96	378.21678068461824
1061.42	7308.54	362.05914824687625
1063.03	7313.23	362.01151580913483
1064.64	7291.76	335.8038833713945
1066.25	7278.1	317.4062509336527
1067.86	7284.69	319.2586184959109
1069.46	7311.86	341.72041234660264
1071.07	7309.7	334.8227799088618
1072.67	7322.0	342.4145737595536
1074.28	7323.38	339.0569413218118
1075.89	7334.04	344.97930888407063
1077.49	7346.06	352.2911027347627
1079.09	7373.7	375.2228965854547
1080.7	7394.99	391.77526414771273
1082.3	7421.9	413.97705799840514
1083.9	7463.33	450.6988518490962
1085.51	7481.09	463.7212194113554
1087.11	7518.79	496.71301326204684
1088.71	7537.68	510.8948071127397
1090.31	7544.89	513.3966009634305
1091.91	7557.72	521.518394814123
1093.51	7552.3	511.39018866481456
1095.11	7498.02	452.40198251550646
1096.71	7479.64	429.313776366198
1098.31	7469.35	414.3155702168897
1099.91	7471.23	411.48736406758144
1101.51	7490.38	425.92915791827363
1103.1	7484.34	415.2103780573989
1104.7	7511.43	437.5921719080907
1106.3	7539.13	460.58396575878214
1107.89	7557.35	474.1251858979067
1109.49	7574.71	486.77697974859893
1111.08	7589.15	496.53819988772375
1112.68	7605.48	508.1599937384144
1114.28	7602.58	500.55178758910733
1115.87	7599.41	492.7030077282325
1117.46	7598.32	486.93422786735755
1119.06	7572.26	456.1660217180497
1120.65	7545.84	425.06724185717394
1122.24	7518.87	393.4184619962989
1123.83	7498.6	368.4696821354246
1125.42	7452.61	317.8009022745491
1127.02	7438.08	298.562696125241
1128.6	7406.1	261.93334255280024
1130.19	7387.25	238.40456269192327
1131.79	7346.89	193.33635654261616
1133.37	7358.93	200.727002970174
1134.96	7340.75	177.86822310929892
1136.55	7326.16	158.599443248424
1138.14	7339.6	167.36066338754972
1139.73	7332.43	155.51188352667486
1141.31	7335.9	154.3325299542321
1142.9	7345.94	159.69375009335636
1144.49	7332.06	141.13497023248237
1146.07	7348.18	152.60561666004105
1147.66	7347.07	146.81683679916478
1149.24	7336.32	131.41748322672356
1150.83	7343.31	133.72870336584947
1152.41	7351.68	137.44934979340724
1153.99	7354.59	135.70999622096497
1155.58	7364.81	141.25121636009044
1157.16	7372.02	143.81186278764835
1158.74	7380.22	147.36250921520605
1160.32	7353.76	116.2531556427648
1161.9	7343.37	101.21380207032144
1163.48	7352.44	105.63444849787993
1165.07	7356.16	104.6756686370054
1166.64	7329.19	73.08574135299659
1168.22	7315.25	54.49638778055487
1169.8	7322.26	56.857034208112964
1171.38	7316.63	46.57768063567073
1172.96	7329.58	54.878327063229335
1174.54	7336.77	57.41897349078863
1176.12	7356.65	72.6496199183457
1177.69	7349.86	61.23969263433628
1179.27	7375.54	82.27033906189536
1180.84	7358.75	60.86041177788684
1182.42	7391.41	88.87105820544457
1183.99	7399.41	92.25113092143602
1185.57	7414.12	102.31177734899484
1187.14	7439.62	123.19185006498537
1188.72	7411.01	89.93249649254358
1190.29	7430.32	104.62256920853542
1191.86	7446.08	115.76264192452618
1193.43	7453.66	118.72271464051755
1195.01	7455.6	116.01336106807685
1196.58	7467.54	123.33343378406698
1198.15	7464.3	115.47350650005865
1199.72	7492.85	139.40357921605028
1201.29	7500.34	142.2736519320415
1202.86	7504.06	141.3737246480332
1204.43	7528.42	161.1137973640234
1206.0	7522.42	150.49387008001577
1207.57	7520.97	144.4239427960074
1209.14	7536.48	155.31401551199724
1210.7	7540.93	155.17351451642298
1212.27	7566.18	175.80358723241443
1213.84	7562.75	167.75365994840558
1215.4	7574.04	174.45315895282965
1216.97	7584.48	180.2732316688207
1218.53	7576.02	167.22273067324568
1220.1	7597.92	184.50280338923767
1221.66	7584.77	166.76230239366123
1223.23	7591.68	169.05237510965344
1224.79	7602.61	175.39187411407693
1226.35	7611.96	180.1513731185023
1227.92	7593.47	157.04144583449306
1229.48	7605.31	164.29094483891822
1231.04	7614.99	169.3804438433417
1232.6	7622.32	172.11994284776665
1234.16	7637.92	183.12944185219112
1235.73	7652.55	193.13951456818268
1237.29	7622.48	158.47901357260707
1238.85	7655.82	187.22851257703223
1240.4	7675.44	202.2874378698889
1241.96	7690.18	212.4369368743137
1243.52	7684.83	202.49643587873834
1245.08	7709.9	222.97593488316306
1246.64	7733.92	242.4054338875867
1248.19	7740.18	244.1043591804446
1249.75	7741.31	240.6438581848697
1251.31	7743.15	237.89335718929397
1252.86	7737.5	227.682282482152
1254.42	7730.24	215.8317814865759
1255.97	7729.43	210.46070677943408
1257.53	7732.12	208.5602057838587
1259.08	7729.13	201.00913107671659
1260.64	7721.64	188.9286300811409
1262.19	7717.19	179.91755537399786
1263.74	7721.58	179.74648066685586
1265.29	7705.27	158.87540595971404
1266.85	7717.03	166.04490496413837
1268.4	7718.3	162.75383025699648
1269.95	7742.34	182.23275554985412
1271.5	7734.4	169.73168084271128
1273.05	7754.4	185.17060613556896
1274.6	7758.14	184.34953142842733
1276.15	7776.51	198.1584567212849
1277.7	7778.47	195.5573820141426
1279.25	7788.87	201.39630730699992
1280.79	7804.4	212.39465888829
1282.34	7791.09	194.52358418114818
1283.89	7809.5	208.3725094740057
1285.43	7844.51	238.85086105529717
1286.98	7835.54	225.3197863481546
1288.53	7832.93	218.1487116410126
1290.07	7845.51	226.19706322230377
1291.62	7858.24	234.365988515161
1293.16	7863.96	235.5543400964516
1294.71	7886.08	253.11326538930916
1296.25	7887.6	250.10161697060084
1297.79	7890.71	248.67996855189176
1299.34	7901.07	254.4788938447491
1300.88	7927.47	276.34724542604
1302.42	7932.14	276.4855970073304
1303.96	7954.59	294.40394858862146
1305.5	7964.61	299.89230016991223
1307.04	7966.65	297.40065175120253
1308.58	7981.19	307.40900333249374
1310.12	7947.11	268.79735491378506
1311.66	7948.95	266.10570649507554
1313.2	7941.29	253.91405807636602
1314.74	7929.62	237.7124096576581
1316.28	7908.57	212.13076123894825
1317.81	7904.02	203.07853910867289
1319.35	7911.17	205.69689068996377
1320.89	7919.09	209.08524227125417
1322.42	7928.32	213.81302014097764
1323.96	7912.32	193.2813717222689
1325.5	7938.79	215.21972330355948
1327.03	7943.43	215.35750117328462
1328.56	7946.95	214.37527904300805
1330.1	7935.17	198.06363062429955
1331.63	7939.03	197.42140849402222
1333.17	7949.54	203.39976007531368
1334.7	7939.94	189.29753794503722
1336.23	7948.95	193.80531581476225
1337.76	7938.91	179.26309368448528
1339.3	7945.45	181.2714452657774
1340.83	7943.62	174.93922313550047
1342.36	7948.22	175.03700100522565
1343.89	7932.65	154.96477887494802
1345.42	7939.47	157.28255674467346
1346.95	7936.18	149.4903346143974
1348.48	7932.99	141.7981124841208
1350.0	7960.0	164.33531664227849
1351.53	7944.89	144.72309451200272
1353.06	7940.63	135.9608723817264
1354.59	7953.17	143.99865025145118
1356.11	7923.09	109.44585440960873
1357.64	7917.05	98.90363227933176
1359.17	7898.02	75.37141014905592
1360.69	7884.12	56.99861430721285
1362.22	7895.05	63.42639217693704
1363.74	7891.29	55.1935963350943
1365.26	7911.82	71.25080049325152
1366.79	7889.94	44.86857836297531
1368.31	7901.7	52.155782521132096
1369.83	7900.16	46.142986679289606
1371.36	7891.61	33.09076454901424
1372.88	7893.64	30.647968707171458
1374.4	7886.95	19.485172865327513
1375.92	7890.24	18.30237702348495
1377.44	7871.33	-5.08041881835743
1378.96	7863.39	-17.493214660199556
1380.48	7866.46	-18.896010502042373
1382.0	7873.84	-15.98880634388479
1383.52	7856.65	-37.651602185728734
1385.04	7875.23	-23.544398027571333
1386.56	7854.12	-49.12719386941353
1388.07	7867.13	-40.56056342282318
1389.59	7886.42	-25.74335926466574
1391.11	7905.15	-11.486155106509614
1392.62	7906.0	-15.079524659919116
1394.14	7937.27	11.717679498238795
1395.66	7948.22	18.194883656396087
1397.17	7958.85	24.38151410298633
1398.69	7968.22	29.278718261143695
1400.2	7978.34	34.95534870773372
1401.71	7983.54	35.71197915432367
1403.23	8011.58	59.27918331248111
1404.74	8026.32	69.57581375907102
1406.25	8032.63	71.44244420566156
1407.76	8067.21	101.57907465225344
1409.28	8069.07	98.96627881041059
1410.79	8067.48	92.93290925700057
1412.3	8080.08	101.08953970359107
1413.81	8078.85	95.41617015018164
1415.32	8082.73	94.85280059677098
1416.83	8081.66	89.3394310433614
1418.34	8095.92	99.15606148995175
1419.84	8079.01	77.83211822497651
1421.35	8089.35	83.72874867156679
1422.86	8072.24	62.17537911815634
1424.37	8077.47	62.96200956474695
1425.88	8098.46	79.50864001133687
1427.38	8092.16	68.7946967463613
1428.89	8093.39	65.5813271929519
1430.39	8104.54	72.31738392797433
1431.9	8106.91	70.24401437456436
1433.4	8120.1	79.02007110958948
1434.91	8116.67	71.14670155617932
1436.41	8112.69	62.752758291201644
1437.92	8118.95	64.56938873779382
1439.42	8133.33	74.53544547281672
1440.92	8135.27	72.06150220784002
1442.42	8145.9	78.27755894286383
1443.92	8165.25	93.21361567788699
1445.43	8179.29	102.81024612447709
1446.93	8205.43	124.53630285950203
1448.43	8211.84	126.53235959452468
1449.93	8210.32	120.59841632954885
1451.43	8227.72	133.58447306457128
1452.93	8188.83	90.28052979959648
1454.43	8168.85	65.88658653461971
1455.92	8147.74	40.3920695580764
1457.42	8112.16	0.39812629309926706
1458.92	8096.42	-19.755816971875902
1460.42	8062.44	-58.14976023685358
1461.91	8039.54	-85.43427721339594
1463.41	8028.57	-100.8182204783734
1464.91	8014.2	-119.6021637433505
1466.4	7996.54	-141.64668071989308
1467.9	7992.22	-150.38062398486818
1469.39	7968.81	-178.17514096141258
1470.88	7955.23	-196.13965793795614
1472.38	7938.73	-217.05360120293335
1473.87	7948.79	-211.37811817947386
1475.36	7927.72	-236.8326351560181
1476.86	7922.0	-246.96657842099376
1478.35	7942.79	-230.56109539753834
1479.84	7916.26	-261.4756123740808
1481.33	7904.99	-277.130129350624
1482.82	7899.31	-287.1946463271679
1484.31	7890.89	-299.9991633037107
1485.8	7890.16	-305.1136802802539
1487.29	7901.54	-298.1181972567965
1488.78	7882.91	-321.1327142333412
1490.27	7877.23	-331.1972312098842
1491.76	7887.13	-325.6817481864264
1493.24	7886.08	-331.0868388745366
1494.73	7861.17	-360.381355851081
1496.22	7894.26	-331.6758728276236
1497.71	7887.09	-343.2303898041664
1499.19	7905.56	-329.1154804922762
1500.68	7911.07	-327.98999746882146
1502.16	7911.94	-331.47508815693163
1503.65	7908.02	-339.7796051334735
1505.13	7919.64	-332.5146958215837
1506.62	7918.91	-337.6292127981269
1508.1	7938.63	-322.2643034862367
1509.58	7931.35	-333.8993941743465
1511.06	7974.63	-294.97448486245685
1512.55	7972.51	-301.47900183899947
1514.03	7966.42	-311.9240925271097
1515.51	8005.72	-276.97918321521956
1516.99	8002.79	-284.2642739033299
1518.47	8012.32	-279.08936459144206
1519.95	8039.25	-256.51445527955184
1521.43	8035.58	-264.539545967662
1522.91	8044.6	-259.8746366557716
1524.39	8078.36	-230.46972734388237
1525.87	8078.53	-234.65481803199054
1527.34	8082.73	-234.78048243166813
1528.82	8097.82	-224.04557311977806
1530.3	8117.54	-208.68066380788787
1531.77	8116.26	-214.28632820756502
1533.25	8138.63	-196.2714188956752
1534.73	8133.39	-205.86650958378505
1536.2	8145.66	-197.92217398346293
1537.68	8163.96	-183.9772646715728
1539.15	8165.62	-186.64292907125036
1540.63	8170.04	-186.57801975936036
1542.1	8186.1	-174.84368415903555
1543.57	8176.08	-189.1893485587134
1545.05	8198.95	-170.67443924682266
1546.52	8206.36	-167.5901036465002
1547.99	8227.25	-151.02576804617638
1549.46	8224.22	-158.38143244585444
1550.93	8213.48	-173.44709684553163
1552.4	8206.91	-184.34276124520875
1553.87	8232.99	-162.5884256448844
1555.34	8214.42	-185.48409004456153
1556.81	8223.54	-180.68975444423813
1558.28	8233.21	-175.34541884391547
1559.75	8235.9	-176.98108324359237
1561.22	8233.7	-183.50674764326868
1562.69	8238.81	-182.72241204294733
1564.15	8217.29	-208.53865015418887
1565.62	8222.22	-207.934314553866
1567.09	8217.74	-216.73997895354296
1568.55	8218.36	-220.4162170647869
1570.02	8202.2	-240.90188146446417
1571.48	8204.44	-242.95811957570731
1572.95	8201.64	-250.0837839753858
1574.41	8183.01	-273.01002208662794
1575.88	8199.92	-260.4256864863055
1577.34	8179.23	-285.41192459754893
1578.8	8160.71	-308.2281627087932
1580.27	8152.81	-320.45382710846843
1581.73	8133.5	-344.0600652197136
1583.19	8133.36	-348.49630333095683
1584.65	8139.13	-347.02254144220115
1586.11	8130.57	-359.8787795534445
1587.57	8116.14	-378.6050176646886
1589.03	8102.1	-396.9412557759315
1590.49	8098.56	-404.7774938871762
1591.95	8086.83	-420.8037319984196
1593.41	8082.51	-429.41997010966406
1594.87	8059.84	-456.38620822090706
1596.33	8067.56	-452.96244633214974
1597.79	8061.78	-463.03868444339514
1599.24	8058.87	-470.21549626620526
1600.7	8044.59	-488.79173437744794
1602.16	8052.3	-485.37797248869265
1603.61	8045.33	-496.6147843115032
1605.07	8027.39	-518.8510224227457
1606.52	8024.61	-525.8978342455566
1607.98	8014.69	-540.1140723568014
1609.43	8019.41	-539.6608841796115
1610.89	8007.76	-555.6071222908558
1612.34	8011.27	-556.3639341136641
1613.79	8010.42	-561.4807459364765
1615.25	7996.18	-580.0169840477192
1616.7	7998.22	-582.2437958705295
1618.15	8013.7	-571.0306076933421
1619.6	8013.23	-575.7674195161526
1621.05	8008.38	-584.8842313389623
1622.5	8015.88	-581.6510431617726
1623.95	7996.67	-605.1278549845829
1625.4	7993.76	-612.304666807393
1626.85	8008.67	-601.6614786302034
1628.3	8015.17	-599.4282904530155
1629.75	8019.13	-599.7351022758257
1631.19	8034.02	-589.082487810203
1632.64	8058.12	-569.2492996330138
1634.09	8046.22	-585.4161114558237
1635.54	8067.6	-568.3029232786339
1636.98	8072.04	-568.1003088130119
1638.43	8075.03	-569.3771206358224
1639.87	8078.28	-570.3645061702
1641.32	8096.26	-556.6513179930098
1642.76	8108.91	-548.2387035273878
1644.21	8099.01	-562.4055153501977
1645.65	8110.55	-555.1029008845753
1647.09	8144.02	-525.8702864189527
1648.54	8136.57	-537.5870982417637
1649.98	8148.89	-529.5044837761407
1651.42	8156.36	-526.2718693105189
1652.86	8145.05	-541.8192548448942
1654.31	8179.46	-511.67606666770644
1655.75	8208.93	-486.4434522020838
1657.19	8214.91	-484.70083773646184
1658.63	8217.48	-486.36822327083974
1660.07	8225.53	-482.55560880521443
1661.5	8216.85	-495.4435680511597
1662.94	8240.34	-476.1909535855375
1664.38	8267.23	-453.5383391199157
1665.82	8263.23	-461.7757246542915
1667.26	8275.8	-453.4431101886694
1668.69	8286.99	-446.4610694346138
1670.13	8287.35	-450.33845496899085
1671.57	8300.93	-440.9958405033685
1673.0	8313.66	-432.4737997493121
1674.44	8339.92	-410.4511852836895
1675.87	8355.31	-399.269144529635
1677.31	8355.44	-403.3765300640098
1678.74	8360.97	-402.0544893099559
1680.18	8360.75	-406.51187484433285
1681.61	8382.0	-389.469834090276
1683.04	8365.05	-410.62779333622166
1684.47	8370.32	-409.56575258216617
1685.91	8385.52	-398.60313811654305
1687.34	8405.92	-382.41109736248654
1688.77	8392.49	-400.0490566084318
1690.2	8380.6	-416.14701585437433
