		B-Baseline
23.2408	39.4141	-214.00720239108477
25.1249	42.9899	-210.43140239108476
27.0086	46.5252	-206.89610239108475
28.8919	50.4848	-202.93650239108476
30.7748	57.4141	-196.00720239108477
32.6573	61.6162	-191.80510239108477
34.5395	67.697	-185.72430239108476
36.4213	76.1212	-177.30010239108475
38.3005	84.9293	-168.49200239108478
40.1816	96.9293	-156.49200239108478
42.0622	107.03	-146.39130239108476
43.9425	119.414	-134.00730239108475
45.8203	130.0	-123.42130239108477
47.6998	136.646	-116.77530239108478
49.5768	144.99	-108.43130239108476
51.4556	153.172	-100.24930239108477
53.3318	160.606	-92.81530239108477
55.2098	169.333	-84.08830239108477
57.0853	182.101	-71.32030239108477
58.9605	190.707	-62.71430239108477
60.8374	202.889	-50.532302391084755
62.7117	215.232	-38.189302391084766
64.5857	228.182	-25.239302391084777
66.4594	239.758	-13.663302391084756
68.3326	242.99	-10.431302391084756
70.2055	247.071	-6.350302391084767
72.078	243.717	-9.704302391084752
73.9501	238.848	-14.573302391084752
75.8219	233.636	-19.78530239108477
77.6911	231.737	-21.68430239108477
79.5621	233.232	-20.189302391084766
81.4327	233.535	-19.88630239108477
83.3009	237.879	-15.542302391084775
85.1707	240.121	-13.300302391084756
87.0403	239.313	-14.108302391084777
88.9072	241.051	-12.370302391084778
90.7739	243.636	-9.78530239108477
92.6423	241.212	-12.209302391084776
94.5081	236.465	-16.956302391084762
96.3737	232.404	-21.01730239108477
98.2409	229.616	-23.80530239108475
100.106	226.929	-26.492302391084763
101.97	224.283	-29.13830239108478
103.834	225.152	-28.26930239108478
105.698	225.192	-28.229302391084758
107.561	224.485	-28.93630239108475
109.424	224.97	-28.451302391084766
111.286	226.465	-26.956302391084762
113.149	225.071	-28.350302391084767
115.008	227.212	-26.209302391084776
116.87	223.596	-29.82530239108476
118.731	221.98	-31.441302391084776
120.591	218.162	-35.25930239108476
122.45	217.697	-35.72430239108476
124.31	214.808	-38.61330239108477
126.167	213.838	-39.58330239108477
128.024	214.303	-39.11830239108477
129.883	213.394	-40.02730239108476
131.739	214.101	-39.320302391084766
133.595	215.838	-37.58330239108477
135.453	220.869	-32.552302391084766
137.308	223.131	-30.290302391084765
139.163	226.444	-26.977302391084777
141.018	229.737	-23.68430239108477
142.872	234.848	-18.573302391084752
144.725	241.374	-12.04730239108477
146.579	244.889	-8.532302391084755
148.432	248.525	-4.89630239108476
150.282	252.02	-1.401302391084755
152.135	256.121	2.6996976089152156
153.986	256.808	3.3866976089152274
155.838	259.03	5.608697608915207
157.687	256.081	2.659697608915252
159.538	256.606	3.1846976089152292
161.386	249.758	-3.6633023910847555
163.236	247.111	-6.310302391084775
165.084	245.98	-7.4413023910847755
166.931	242.303	-11.118302391084768
168.78	243.838	-9.583302391084771
170.627	245.495	-7.926302391084761
172.473	246.303	-7.118302391084768
174.318	249.212	-4.209302391084776
176.164	250.283	-3.1383023910847783
178.009	249.818	-3.6033023910847533
179.854	246.808	-6.613302391084773
181.698	245.535	-7.886302391084769
183.542	245.596	-7.825302391084762
185.385	242.687	-10.734302391084753
187.226	241.838	-11.583302391084771
189.069	242.222	-11.199302391084757
190.912	243.394	-10.02730239108476
192.752	241.879	-11.542302391084775
194.593	241.657	-11.764302391084755
196.433	242.465	-10.956302391084762
198.274	243.212	-10.209302391084776
200.112	247.859	-5.562302391084756
201.95	248.384	-5.037302391084779
203.79	249.172	-4.249302391084768
205.628	252.202	-1.2193023910847671
207.465	253.01	-0.4113023910847744
209.302	252.566	-0.8553023910847628
211.138	250.869	-2.5523023910847655
212.974	244.828	-8.593302391084762
214.81	239.899	-13.522302391084764
216.645	237.131	-16.290302391084765
218.48	235.414	-18.007302391084778
220.314	231.192	-22.229302391084758
222.146	232.141	-21.280302391084774
223.98	228.869	-24.552302391084766
225.814	232.141	-21.280302391084774
227.645	233.313	-20.108302391084777
229.477	236.04	-17.381302391084773
231.308	236.465	-16.956302391084762
233.14	237.475	-15.946302391084771
234.969	240.141	-13.280302391084774
236.798	240.404	-13.017302391084769
238.627	238.182	-15.239302391084777
240.458	236.364	-17.05730239108476
242.286	234.97	-18.451302391084766
244.114	234.162	-19.25930239108476
245.941	231.919	-21.502302391084754
247.768	231.414	-22.007302391084778
249.595	231.03	-22.391302391084764
251.421	229.616	-23.80530239108475
253.245	229.071	-24.350302391084767
255.07	229.515	-23.90630239108478
256.896	231.293	-22.12830239108476
258.718	229.616	-23.80530239108475
260.543	226.646	-26.77530239108478
262.367	227.273	-26.14830239108477
264.189	225.596	-27.82530239108476
266.01	229.293	-24.12830239108476
267.833	228.869	-24.552302391084766
269.654	230.283	-23.13830239108478
271.474	234.566	-18.855302391084763
273.296	239.152	-14.269302391084778
275.116	239.899	-13.522302391084764
276.935	244.586	-8.835302391084753
278.754	247.273	-6.148302391084769
280.572	250.929	-2.4923023910847633
282.39	251.657	-1.7643023910847546
284.208	255.151	1.7296976089152452
286.023	257.273	3.8516976089152593
287.84	254.828	1.4066976089152377
289.657	260.222	6.800697608915215
291.471	262.162	8.740697608915212
293.287	263.677	10.255697608915256
295.103	262.242	8.820697608915253
296.916	263.172	9.75069760891526
298.729	261.778	8.356697608915255
300.543	262.727	9.30569760891521
302.355	260.182	6.760697608915251
304.167	261.596	8.174697608915238
305.979	262.465	9.04369760891521
307.792	259.01	5.588697608915226
309.602	259.475	6.053697608915257
311.413	258.97	5.548697608915262
313.223	258.465	5.04369760891521
315.032	261.717	8.29569760891522
316.84	260.848	7.426697608915248
318.648	266.263	12.841697608915212
320.457	269.434	16.01269760891526
322.265	274.364	20.94269760891521
324.071	282.788	29.366697608915246
325.878	290.0	36.578697608915235
327.684	300.323	46.901697608915214
329.49	307.293	53.87169760891524
331.295	320.141	66.71969760891525
333.099	333.859	80.43769760891522
334.904	344.97	91.54869760891526
336.708	357.899	104.47769760891524
338.511	363.273	109.85169760891526
340.313	359.333	105.91169760891526
342.116	354.667	101.24569760891521
343.917	345.576	92.15469760891526
345.719	331.596	78.17469760891524
347.52	325.253	71.83169760891522
349.321	323.899	70.47769760891524
351.121	329.333	75.91169760891526
352.92	338.99	85.56869760891524
354.719	357.172	103.75069760891526
356.519	369.677	116.25569760891526
358.316	383.071	129.64969760891526
360.115	387.717	134.29569760891522
361.911	384.97	131.54869760891526
363.707	370.727	117.30569760891521
365.504	348.99	95.56869760891524
367.3	331.939	78.51769760891526
369.095	313.151	59.729697608915245
370.889	299.111	45.689697608915225
372.683	285.859	32.437697608915215
374.477	283.05	29.628697608915246
376.271	276.768	23.346697608915207
378.064	271.636	18.21469760891526
379.857	268.141	14.719697608915254
381.649	269.071	15.649697608915261
383.439	267.313	13.891697608915223
385.231	265.859	12.437697608915215
387.022	264.909	11.487697608915227
388.811	266.343	12.921697608915252
390.602	264.162	10.740697608915212
392.39	268.566	15.144697608915209
394.178	268.444	15.022697608915252
395.968	272.949	19.527697608915247
397.755	277.131	23.709697608915207
399.542	282.141	28.719697608915254
401.329	285.737	32.31569760891526
403.115	290.768	37.34669760891521
404.901	300.667	47.24569760891521
406.686	307.475	54.05369760891526
408.472	320.889	67.46769760891524
410.256	330.162	76.74069760891521
412.041	341.939	88.51769760891526
413.823	357.556	104.13469760891522
415.607	360.162	106.74069760891521
417.39	360.121	106.69969760891522
419.171	355.051	101.62969760891522
420.954	349.333	95.91169760891526
422.734	341.475	88.05369760891526
424.514	338.808	85.38669760891523
426.296	340.626	87.20469760891521
428.075	355.252	101.83069760891524
429.854	369.616	116.19469760891522
431.633	377.98	124.55869760891525
433.411	381.313	127.89169760891522
435.189	378.0	124.57869760891523
436.967	361.657	108.23569760891522
438.744	342.061	88.63969760891521
440.521	326.343	72.92169760891525
442.295	311.05	57.628697608915246
444.072	301.899	48.477697608915236
445.848	293.556	40.13469760891522
447.621	290.424	37.00269760891521
449.396	287.616	34.19469760891522
451.169	291.111	37.689697608915225
452.944	291.475	38.05369760891526
454.716	296.202	42.78069760891523
456.487	301.152	47.73069760891522
458.259	310.364	56.94269760891521
460.03	311.899	58.477697608915236
461.803	316.283	62.86169760891525
463.573	317.96	64.53869760891521
465.343	313.01	59.588697608915226
467.111	305.899	52.477697608915236
468.88	300.687	47.26569760891525
470.649	291.232	37.81069760891526
472.418	286.242	32.82069760891525
474.184	284.606	31.18469760891523
475.952	283.677	30.255697608915256
477.718	283.273	29.85169760891526
479.485	286.485	33.06369760891525
481.25	285.859	32.437697608915215
483.017	285.576	32.15469760891526
484.781	284.727	31.30569760891521
486.545	283.717	30.29569760891522
488.308	282.061	28.639697608915213
490.072	278.929	25.50769760891521
491.835	273.96	20.538697608915214
493.597	267.515	14.093697608915221
495.359	262.949	9.527697608915247
497.121	259.232	5.810697608915262
498.883	256.485	3.0636976089152483
500.644	253.152	-0.2693023910847785
502.403	253.394	-0.027302391084759847
504.163	251.051	-2.3703023910847776
505.921	248.081	-5.3403023910847764
507.681	246.303	-7.118302391084768
509.439	245.313	-8.108302391084777
511.198	245.596	-7.825302391084762
512.955	242.929	-10.492302391084763
514.711	241.818	-11.603302391084753
516.467	238.788	-14.633302391084754
518.223	240.04	-13.381302391084773
519.978	241.313	-12.108302391084777
521.733	238.97	-14.451302391084766
523.488	238.283	-15.138302391084778
525.243	239.111	-14.310302391084775
526.997	238.646	-14.775302391084779
528.75	239.818	-13.603302391084753
530.502	239.515	-13.906302391084779
532.255	242.061	-11.360302391084758
534.006	243.717	-9.704302391084752
535.758	240.141	-13.280302391084774
537.508	240.687	-12.734302391084753
539.26	241.313	-12.108302391084777
541.009	242.606	-10.81530239108477
542.758	240.04	-13.381302391084773
544.507	243.899	-9.522302391084764
546.255	245.455	-7.966302391084753
548.003	247.434	-5.987302391084768
549.751	251.434	-1.9873023910847678
551.498	255.172	1.7506976089152317
553.245	256.323	2.9016976089152138
554.992	261.798	8.376697608915237
556.738	266.404	12.982697608915231
558.482	271.495	18.07369760891524
560.228	276.424	23.002697608915213
561.971	280.566	27.14469760891521
563.716	288.444	35.02269760891525
565.459	291.939	38.517697608915256
567.201	301.899	48.477697608915236
568.945	307.515	54.09369760891522
570.687	312.889	59.467697608915245
572.428	318.768	65.3466976089152
574.169	319.697	66.27569760891524
575.91	315.859	62.437697608915215
577.65	310.02	56.59869760891522
579.39	299.05	45.628697608915246
581.13	290.747	37.32569760891525
582.867	281.556	28.134697608915218
584.606	274.222	20.800697608915215
586.345	273.01	19.588697608915226
588.081	265.374	11.952697608915258
589.819	262.727	9.30569760891521
591.555	257.96	4.538697608915214
593.29	257.515	4.093697608915221
595.027	253.596	0.17469760891523833
596.762	248.121	-5.300302391084756
598.496	247.455	-5.966302391084753
600.23	247.515	-5.906302391084779
601.964	246.929	-6.492302391084763
603.697	247.677	-5.744302391084773
605.43	247.293	-6.128302391084759
607.163	248.04	-5.381302391084773
608.895	250.162	-3.259302391084759
610.625	251.111	-2.3103023910847753
612.357	251.111	-2.3103023910847753
614.088	253.838	0.41669760891522856
615.817	249.98	-3.4413023910847755
617.548	246.788	-6.633302391084754
619.276	244.384	-9.03730239108478
621.004	242.182	-11.239302391084777
622.732	243.03	-10.391302391084764
624.461	240.768	-12.653302391084765
626.188	240.99	-12.431302391084756
627.915	240.0	-13.421302391084765
629.641	240.566	-12.855302391084763
631.367	243.838	-9.583302391084771
633.093	245.374	-8.04730239108477
634.817	246.081	-7.3403023910847764
636.542	245.677	-7.744302391084773
638.266	243.96	-9.461302391084757
639.989	245.394	-8.02730239108476
641.713	241.414	-12.007302391084778
643.435	241.293	-12.128302391084759
645.158	240.343	-13.078302391084776
646.879	242.02	-11.401302391084755
648.6	243.454	-9.967302391084758
650.32	243.071	-10.350302391084767
652.04	245.556	-7.865302391084754
653.76	246.121	-7.300302391084756
655.48	244.97	-8.451302391084766
657.199	245.071	-8.350302391084767
658.917	243.253	-10.16830239108478
660.636	241.636	-11.78530239108477
662.354	242.404	-11.017302391084769
664.07	238.364	-15.057302391084761
665.787	237.354	-16.067302391084752
667.503	238.424	-14.997302391084759
669.219	236.707	-16.71430239108477
670.934	237.636	-15.78530239108477
672.65	236.889	-16.532302391084755
674.364	235.434	-17.987302391084768
676.078	236.283	-17.13830239108478
677.791	235.333	-18.088302391084767
679.504	235.697	-17.724302391084763
681.216	233.192	-20.229302391084758
682.929	233.455	-19.966302391084753
684.641	236.505	-16.91630239108477
686.352	234.323	-19.098302391084758
688.061	232.95	-20.471302391084777
689.772	231.859	-21.562302391084756
691.483	234.505	-18.91630239108477
693.191	234.727	-18.69430239108476
694.899	233.111	-20.310302391084775
696.609	236.242	-17.179302391084775
698.316	232.828	-20.593302391084762
700.023	233.434	-19.987302391084768
701.732	235.212	-18.209302391084776
703.438	234.788	-18.633302391084754
705.144	236.626	-16.79530239108476
706.85	235.859	-17.562302391084756
708.554	238.04	-15.381302391084773
710.259	237.172	-16.24930239108477
711.964	237.616	-15.805302391084751
713.668	236.646	-16.77530239108478
715.37	238.303	-15.118302391084768
717.074	236.788	-16.633302391084754
718.775	239.434	-13.987302391084768
720.479	238.263	-15.15830239108476
722.179	240.182	-13.239302391084777
723.88	239.717	-13.704302391084752
725.582	241.03	-12.391302391084764
727.282	241.515	-11.906302391084779
728.982	241.131	-12.290302391084765
730.681	239.152	-14.269302391084778
732.38	240.647	-12.774302391084774
734.076	240.889	-12.532302391084755
735.775	241.333	-12.088302391084767
737.473	242.667	-10.754302391084764
739.17	241.636	-11.78530239108477
740.866	244.283	-9.138302391084778
742.563	242.343	-11.078302391084776
744.257	242.768	-10.653302391084765
745.954	242.303	-11.118302391084768
747.648	243.071	-10.350302391084767
749.342	243.717	-9.704302391084752
751.035	245.273	-8.14830239108477
752.728	246.586	-6.835302391084753
754.421	244.101	-9.320302391084766
756.113	243.232	-10.189302391084766
757.806	243.919	-9.502302391084754
759.497	243.798	-9.623302391084763
761.189	245.96	-7.461302391084757
762.878	244.242	-9.179302391084775
764.569	244.162	-9.25930239108476
766.258	245.131	-8.290302391084765
767.948	246.04	-7.381302391084773
769.636	246.343	-7.078302391084776
771.326	248.687	-4.7343023910847535
773.013	247.697	-5.724302391084763
774.7	247.151	-6.270302391084755
776.387	249.838	-3.5833023910847714
778.073	250.909	-2.5123023910847735
779.759	250.343	-3.078302391084776
781.445	248.465	-4.956302391084762
783.13	247.354	-6.067302391084752
784.815	249.616	-3.8053023910847514
786.498	249.515	-3.906302391084779
788.183	248.849	-4.572302391084776
789.867	248.0	-5.421302391084765
791.549	248.343	-5.078302391084776
793.23	248.384	-5.037302391084779
794.914	248.788	-4.633302391084754
796.595	250.222	-3.199302391084757
798.275	247.455	-5.966302391084753
799.956	249.677	-3.744302391084773
801.635	250.626	-2.7953023910847605
803.315	249.576	-3.845302391084772
804.995	251.091	-2.330302391084757
806.674	251.434	-1.9873023910847678
808.352	251.657	-1.7643023910847546
810.029	250.283	-3.1383023910847783
811.707	255.152	1.7306976089152215
813.385	251.535	-1.8863023910847687
815.06	254.828	1.4066976089152377
816.735	254.02	0.5986976089152449
818.412	253.556	0.1346976089152463
820.087	255.253	1.8316976089152206
821.761	257.636	4.214697608915259
823.435	257.515	4.093697608915221
825.109	258.465	5.04369760891521
826.782	263.212	9.790697608915224
828.455	262.828	9.40669760891521
830.128	261.636	8.214697608915259
831.8	262.566	9.144697608915209
833.472	260.545	7.123697608915251
835.142	260.182	6.760697608915251
836.814	261.273	7.851697608915259
838.483	259.091	5.669697608915243
840.154	260.586	7.164697608915247
841.822	258.323	4.901697608915214
843.491	255.434	2.012697608915232
845.159	256.808	3.3866976089152274
846.826	257.96	4.538697608915214
848.493	256.141	2.7196976089152542
850.16	256.97	3.548697608915262
851.827	257.737	4.315697608915258
853.494	256.95	3.5286976089152233
855.16	258.323	4.901697608915214
856.823	258.687	5.2656976089152465
858.489	257.556	4.134697608915218
860.154	259.03	5.608697608915207
861.817	256.343	2.9216976089152524
863.48	259.515	6.093697608915221
865.144	261.818	8.396697608915218
866.806	262.061	8.639697608915213
868.467	266.404	12.982697608915231
870.129	268.121	14.699697608915216
871.79	270.768	17.346697608915207
873.451	277.03	23.608697608915207
875.111	281.838	28.416697608915257
876.771	293.313	39.89169760891522
878.429	299.838	46.41669760891526
880.089	309.515	56.09369760891522
881.748	319.818	66.39669760891522
883.405	323.273	69.85169760891526
885.063	329.051	75.62969760891522
886.719	327.596	74.17469760891524
888.375	320.748	67.32669760891523
890.031	321.96	68.53869760891521
891.689	315.98	62.55869760891525
893.344	305.394	51.97269760891524
894.998	299.919	46.49769760891522
896.651	289.475	36.05369760891526
898.305	280.848	27.426697608915248
899.959	275.333	21.91169760891526
901.613	272.545	19.12369760891525
903.264	268.606	15.18469760891523
904.917	265.879	12.457697608915254
906.568	263.758	10.336697608915216
908.22	264.889	11.467697608915245
909.87	262.303	8.881697608915232
911.52	263.758	10.336697608915216
913.169	262.545	9.12369760891525
914.818	261.212	7.790697608915224
916.467	259.879	6.457697608915254
918.116	258.747	5.325697608915249
919.764	260.202	6.780697608915233
921.412	259.313	5.891697608915223
923.06	257.192	3.770697608915242
924.705	257.616	4.19469760891522
926.352	257.657	4.235697608915217
927.997	258.909	5.4876976089152265
929.643	257.939	4.517697608915256
931.288	258.606	5.184697608915229
932.931	256.081	2.659697608915252
934.577	257.252	3.8306976089152442
936.22	255.394	1.9726976089152402
937.863	257.03	3.6086976089152074
939.506	257.455	4.033697608915219
941.148	256.545	3.1236976089152506
942.788	257.172	3.75069760891526
944.43	258.0	4.578697608915235
946.072	258.222	4.800697608915215
947.711	259.919	6.497697608915217
949.352	259.616	6.19469760891522
950.99	257.192	3.770697608915242
952.631	257.212	3.790697608915224
954.269	255.515	2.093697608915221
955.906	258.081	4.659697608915252
957.544	257.596	4.174697608915238
959.181	260.424	7.002697608915213
960.818	262.04	8.618697608915255
962.454	263.798	10.376697608915237
964.09	264.283	10.86169760891525
965.726	264.424	11.002697608915213
967.36	266.263	12.841697608915212
968.995	267.616	14.19469760891522
970.628	268.747	15.325697608915249
972.263	265.818	12.396697608915218
973.896	268.404	14.982697608915231
975.528	269.475	16.053697608915257
977.162	270.505	17.08369760891523
978.793	269.737	16.315697608915258
980.424	271.192	17.770697608915242
982.055	274.444	21.02269760891525
983.686	273.879	20.457697608915254
985.316	270.606	17.18469760891523
986.945	274.242	20.820697608915253
988.574	271.96	18.538697608915214
990.204	268.424	15.002697608915213
991.831	270.04	16.618697608915255
993.46	271.596	18.17469760891524
995.087	266.586	13.164697608915247
996.713	268.485	15.063697608915248
998.339	268.0	14.578697608915235
999.965	270.182	16.76069760891525
1001.59	270.828	17.40669760891521
1003.22	273.131	19.709697608915207
1004.84	274.364	20.94269760891521
1006.47	276.747	23.32569760891525
1008.09	283.677	30.255697608915256
1009.71	282.0	28.578697608915235
1011.34	283.434	30.01269760891526
1012.96	288.182	34.76069760891525
1014.58	289.596	36.17469760891524
1016.2	291.818	38.39669760891522
1017.82	295.051	41.62969760891522
1019.44	299.939	46.517697608915256
1021.06	301.98	48.55869760891525
1022.68	305.899	52.477697608915236
1024.3	306.343	52.92169760891525
1025.92	312.606	59.18469760891523
1027.54	313.657	60.23569760891522
1029.16	319.717	66.29569760891522
1030.78	326.525	73.10369760891521
1032.39	330.101	76.67969760891523
1034.01	336.606	83.18469760891523
1035.63	342.222	88.80069760891521
1037.24	348.02	94.59869760891522
1038.86	352.869	99.44769760891526
1040.47	357.515	104.09369760891522
1042.08	359.677	106.25569760891526
1043.7	359.172	105.75069760891526
1045.31	358.869	105.44769760891526
1046.93	357.414	103.99269760891522
1048.54	358.465	105.04369760891521
1050.15	360.283	106.86169760891525
1051.76	362.849	109.42769760891522
1053.37	363.818	110.39669760891522
1054.98	365.98	112.55869760891525
1056.6	362.323	108.90169760891521
1058.21	356.222	102.80069760891521
1059.81	353.111	99.68969760891522
1061.42	345.859	92.43769760891522
1063.03	343.293	89.87169760891524
1064.64	341.091	87.66969760891524
1066.25	343.434	90.01269760891526
1067.86	341.495	88.07369760891524
1069.46	342.424	89.00269760891521
1071.07	345.98	92.55869760891525
1072.67	347.98	94.55869760891525
1074.28	346.263	92.84169760891521
1075.89	348.748	95.32669760891523
1077.49	347.697	94.27569760891524
1079.09	347.273	93.85169760891526
1080.7	349.899	96.47769760891524
1082.3	359.717	106.29569760891522
1083.9	363.677	110.25569760891526
1085.51	374.788	121.36669760891525
1087.11	386.081	132.65969760891525
1088.71	396.141	142.71969760891525
1090.31	407.394	153.97269760891524
1091.91	416.505	163.08369760891523
1093.51	416.444	163.02269760891525
1095.11	414.121	160.69969760891522
1096.71	407.919	154.49769760891522
1098.31	410.667	157.2456976089152
1099.91	409.232	155.81069760891526
1101.51	412.263	158.8416976089152
1103.1	417.374	163.95269760891526
1104.7	428.869	175.44769760891526
1106.3	439.374	185.95269760891526
1107.89	448.263	194.8416976089152
1109.49	455.535	202.11369760891526
1111.08	465.455	212.03369760891522
1112.68	470.828	217.4066976089152
1114.28	476.485	223.06369760891525
1115.87	472.646	219.22469760891525
1117.46	465.111	211.68969760891522
1119.06	453.98	200.55869760891525
1120.65	434.323	180.9016976089152
1122.24	418.364	164.9426976089152
1123.83	400.465	147.0436976089152
1125.42	384.727	131.3056976089152
1127.02	368.848	115.42669760891525
1128.6	354.141	100.71969760891525
1130.19	341.071	87.64969760891526
1131.79	335.96	82.53869760891521
1133.37	328.808	75.38669760891523
1134.96	326.242	72.82069760891525
1136.55	325.313	71.89169760891522
1138.14	325.414	71.99269760891522
1139.73	320.889	67.46769760891524
1141.31	321.394	67.97269760891524
1142.9	317.879	64.45769760891525
1144.49	316.081	62.65969760891525
1146.07	315.354	61.93269760891522
1147.66	314.162	60.74069760891521
1149.24	313.313	59.89169760891522
1150.83	314.445	61.02369760891523
1152.41	319.111	65.68969760891522
1153.99	320.121	66.69969760891522
1155.58	321.333	67.91169760891526
1157.16	318.748	65.32669760891523
1158.74	320.505	67.08369760891523
1160.32	316.283	62.86169760891525
1161.9	312.566	59.14469760891521
1163.48	307.879	54.457697608915254
1165.07	304.121	50.699697608915216
1166.64	298.121	44.699697608915216
1168.22	292.748	39.326697608915225
1169.8	288.828	35.40669760891521
1171.38	286.566	33.14469760891521
1172.96	285.677	32.255697608915256
1174.54	283.798	30.376697608915237
1176.12	283.495	30.07369760891524
1177.69	284.545	31.12369760891525
1179.27	286.242	32.82069760891525
1180.84	290.808	37.38669760891523
1182.42	292.242	38.82069760891525
1183.99	293.111	39.689697608915225
1185.57	299.758	46.336697608915216
1187.14	296.97	43.54869760891526
1188.72	295.697	42.27569760891524
1190.29	295.394	41.97269760891524
1191.86	293.111	39.689697608915225
1193.43	293.091	39.66969760891524
1195.01	294.646	41.22469760891525
1196.58	294.566	41.14469760891521
1198.15	297.636	44.21469760891526
1199.72	296.849	43.427697608915224
1201.29	302.828	49.40669760891521
1202.86	303.778	50.356697608915255
1204.43	303.98	50.55869760891525
1206.0	305.253	51.83169760891522
1207.57	306.263	52.84169760891521
1209.14	309.354	55.93269760891522
1210.7	310.828	57.40669760891521
1212.27	311.172	57.75069760891526
1213.84	308.02	54.59869760891522
1215.4	305.919	52.49769760891522
1216.97	305.192	51.77069760891524
1218.53	304.06	50.63869760891524
1220.1	303.96	50.538697608915214
1221.66	299.454	46.03269760891524
1223.23	296.667	43.24569760891521
1224.79	293.859	40.437697608915215
1226.35	293.838	40.41669760891526
1227.92	293.495	40.07369760891524
1229.48	292.626	39.20469760891521
1231.04	291.838	38.41669760891526
1232.6	290.546	37.12469760891523
1234.16	292.283	38.86169760891525
1235.73	295.192	41.77069760891524
1237.29	293.434	40.01269760891526
1238.85	299.98	46.55869760891525
1240.4	303.535	50.11369760891526
1241.96	306.343	52.92169760891525
1243.52	313.656	60.23469760891524
1245.08	319.252	65.83069760891524
1246.64	318.869	65.44769760891526
1248.19	326.364	72.94269760891521
1249.75	328.283	74.86169760891525
1251.31	332.263	78.84169760891521
1252.86	333.111	79.68969760891522
1254.42	333.152	79.73069760891522
1255.97	327.919	74.49769760891522
1257.53	324.647	71.22569760891523
1259.08	317.212	63.790697608915224
1260.64	310.465	57.04369760891521
1262.19	305.495	52.07369760891524
1263.74	303.535	50.11369760891526
1265.29	300.242	46.82069760891525
1266.85	297.374	43.95269760891526
1268.4	299.192	45.77069760891524
1269.95	301.192	47.77069760891524
1271.5	298.707	45.28569760891523
1273.05	300.566	47.14469760891521
1274.6	302.647	49.225697608915226
1276.15	305.757	52.33569760891524
1277.7	310.465	57.04369760891521
1279.25	314.121	60.699697608915216
1280.79	314.202	60.78069760891523
1282.34	316.444	63.02269760891525
1283.89	313.152	59.73069760891522
1285.43	314.788	61.366697608915246
1286.98	316.546	63.12469760891523
1288.53	317.899	64.47769760891524
1290.07	316.848	63.42669760891525
1291.62	320.101	66.67969760891523
1293.16	320.606	67.18469760891523
1294.71	327.172	73.75069760891526
1296.25	327.919	74.49769760891522
1297.79	329.03	75.60869760891521
1299.34	332.303	78.88169760891523
1300.88	337.859	84.43769760891522
1302.42	341.919	88.49769760891522
1303.96	347.455	94.03369760891522
1305.5	352.444	99.02269760891525
1307.04	352.687	99.26569760891525
1308.58	351.98	98.55869760891525
1310.12	344.889	91.46769760891524
1311.66	339.454	86.03269760891524
1313.2	331.677	78.25569760891526
1314.74	330.222	76.80069760891521
1316.28	329.192	75.77069760891524
1317.81	325.273	71.85169760891526
1319.35	325.152	71.73069760891522
1320.89	325.252	71.83069760891524
1322.42	327.919	74.49769760891522
1323.96	330.444	77.02269760891525
1325.5	336.061	82.63969760891521
1327.03	342.768	89.3466976089152
1328.56	349.111	95.68969760891522
1330.1	356.95	103.52869760891522
1331.63	359.454	106.03269760891524
1333.17	366.02	112.59869760891522
1334.7	372.0	118.57869760891523
1336.23	373.374	119.95269760891526
1337.76	371.354	117.93269760891522
1339.3	375.939	122.51769760891526
1340.83	381.778	128.35669760891525
1342.36	382.788	129.36669760891525
1343.89	384.121	130.69969760891522
1345.42	382.606	129.18469760891523
1346.95	386.505	133.08369760891523
1348.48	387.818	134.39669760891522
1350.0	385.717	132.29569760891522
1351.53	384.849	131.42769760891522
1353.06	379.616	126.19469760891522
1354.59	377.616	124.19469760891522
1356.11	372.707	119.28569760891523
1357.64	367.111	113.68969760891522
1359.17	361.838	108.41669760891526
1360.69	359.273	105.85169760891526
1362.22	358.0	104.57869760891523
1363.74	359.01	105.58869760891523
1365.26	363.252	109.83069760891524
1366.79	367.657	114.23569760891522
1368.31	371.192	117.77069760891524
1369.83	377.737	124.31569760891526
1371.36	379.737	126.31569760891526
1372.88	376.889	123.46769760891524
1374.4	372.626	119.20469760891521
1375.92	364.384	110.96269760891525
1377.44	356.344	102.92269760891523
1378.96	345.899	92.47769760891524
1380.48	339.677	86.25569760891526
1382.0	331.818	78.39669760891522
1383.52	328.626	75.20469760891521
1385.04	325.818	72.39669760891522
1386.56	322.424	69.00269760891521
1388.07	320.929	67.50769760891521
1389.59	318.505	65.08369760891523
1391.11	321.273	67.85169760891526
1392.62	319.98	66.55869760891525
1394.14	322.505	69.08369760891523
1395.66	321.192	67.77069760891524
1397.17	323.434	70.01269760891526
1398.69	324.949	71.52769760891525
1400.2	323.535	70.11369760891526
1401.71	326.02	72.59869760891522
1403.23	325.212	71.79069760891522
1404.74	329.293	75.87169760891524
1406.25	328.101	74.67969760891523
1407.76	329.677	76.25569760891526
1409.28	329.354	75.93269760891522
1410.79	330.0	76.57869760891523
1412.3	327.152	73.73069760891522
1413.81	324.849	71.42769760891522
1415.32	321.333	67.91169760891526
1416.83	319.192	65.77069760891524
1418.34	314.788	61.366697608915246
1419.84	310.202	56.78069760891523
1421.35	307.354	53.93269760891522
1422.86	306.949	53.52769760891525
1424.37	304.101	50.679697608915234
1425.88	304.687	51.26569760891525
1427.38	302.242	48.82069760891525
1428.89	300.768	47.34669760891521
1430.39	298.081	44.65969760891525
1431.9	299.313	45.89169760891522
1433.4	299.414	45.99269760891522
1434.91	303.091	49.66969760891524
1436.41	302.909	49.48769760891523
1437.92	304.303	50.88169760891523
1439.42	308.061	54.63969760891521
1440.92	317.556	64.13469760891522
1442.42	320.707	67.28569760891523
1443.92	333.111	79.68969760891522
1445.43	347.677	94.25569760891526
1446.93	362.444	109.02269760891525
1448.43	373.899	120.47769760891524
1449.93	381.778	128.35669760891525
1451.43	384.242	130.82069760891525
1452.93	377.475	124.05369760891526
1454.43	367.96	114.53869760891521
1455.92	353.03	99.60869760891521
1457.42	338.546	85.12469760891523
1458.92	326.667	73.24569760891521
1460.42	317.657	64.23569760891522
1461.91	309.677	56.255697608915256
1463.41	302.869	49.44769760891526
1464.91	296.909	43.48769760891523
1466.4	297.333	43.91169760891526
1467.9	293.394	39.97269760891524
1469.39	290.384	36.96269760891525
1470.88	287.818	34.39669760891522
1472.38	284.222	30.800697608915215
1473.87	283.111	29.689697608915225
1475.36	282.343	28.921697608915252
1476.86	282.97	29.548697608915262
1478.35	279.657	26.235697608915217
1479.84	280.0	26.578697608915235
1481.33	276.0	22.578697608915235
1482.82	275.535	22.11369760891526
1484.31	276.747	23.32569760891525
1485.8	273.232	19.810697608915262
1487.29	273.01	19.588697608915226
1488.78	271.98	18.558697608915253
1490.27	272.02	18.598697608915217
1491.76	273.758	20.336697608915216
1493.24	271.859	18.437697608915215
1494.73	270.081	16.659697608915252
1496.22	271.253	17.83169760891522
1497.71	269.313	15.891697608915223
1499.19	269.333	15.911697608915262
1500.68	270.162	16.740697608915212
1502.16	268.747	15.325697608915249
1503.65	271.273	17.85169760891526
1505.13	270.606	17.18469760891523
1506.62	269.111	15.689697608915225
1508.1	268.646	15.22469760891525
1509.58	268.667	15.245697608915208
1511.06	268.444	15.022697608915252
1512.55	269.495	16.07369760891524
1514.03	269.475	16.053697608915257
1515.51	270.323	16.901697608915214
1516.99	269.253	15.83169760891522
1518.47	271.131	17.709697608915207
1519.95	269.071	15.649697608915261
1521.43	269.879	16.457697608915254
1522.91	270.768	17.346697608915207
1524.39	271.697	18.275697608915237
1525.87	271.98	18.558697608915253
1527.34	273.455	20.03369760891522
1528.82	273.273	19.85169760891526
1530.3	269.232	15.810697608915262
1531.77	273.859	20.437697608915215
1533.25	272.222	18.800697608915215
1534.73	272.182	18.76069760891525
1536.2	271.697	18.275697608915237
1537.68	273.03	19.608697608915207
1539.15	272.869	19.447697608915263
1540.63	271.758	18.336697608915216
1542.1	272.202	18.780697608915233
1543.57	274.081	20.659697608915252
1545.05	269.434	16.01269760891526
1546.52	271.939	18.517697608915256
1547.99	273.333	19.91169760891526
1549.46	273.717	20.29569760891522
1550.93	276.202	22.780697608915233
1552.4	273.879	20.457697608915254
1553.87	275.818	22.39669760891522
1555.34	272.909	19.487697608915227
1556.81	273.919	20.497697608915217
1558.28	272.081	18.659697608915252
1559.75	274.202	20.780697608915233
1561.22	272.929	19.50769760891521
1562.69	273.939	20.517697608915256
1564.15	272.97	19.548697608915262
1565.62	273.394	19.97269760891524
1567.09	273.273	19.85169760891526
1568.55	271.414	17.992697608915222
1570.02	272.586	19.164697608915247
1571.48	272.121	18.699697608915216
1572.95	270.626	17.20469760891521
1574.41	271.03	17.608697608915207
1575.88	270.788	17.366697608915246
1577.34	270.606	17.18469760891523
1578.8	269.232	15.810697608915262
1580.27	269.131	15.709697608915207
1581.73	270.182	16.76069760891525
1583.19	269.939	16.517697608915256
1584.65	268.162	14.740697608915212
1586.11	268.323	14.901697608915214
1587.57	269.899	16.477697608915236
1589.03	268.606	15.18469760891523
1590.49	267.838	14.416697608915257
1591.95	266.869	13.447697608915263
1593.41	266.222	12.800697608915215
1594.87	268.646	15.22469760891525
1596.33	266.081	12.659697608915252
1597.79	268.02	14.598697608915217
1599.24	265.919	12.497697608915217
1600.7	269.192	15.770697608915242
1602.16	264.828	11.40669760891521
1603.61	268.222	14.800697608915215
1605.07	266.02	12.598697608915217
1606.52	263.576	10.154697608915257
1607.98	263.455	10.033697608915219
1609.43	264.323	10.901697608915214
1610.89	263.374	9.952697608915258
1612.34	266.404	12.982697608915231
1613.79	263.818	10.396697608915218
1615.25	265.333	11.911697608915262
1616.7	267.354	13.93269760891522
1618.15	264.586	11.164697608915247
1619.6	264.727	11.30569760891521
1621.05	263.596	10.174697608915238
1622.5	265.657	12.235697608915217
1623.95	267.03	13.608697608915207
1625.4	265.172	11.75069760891526
1626.85	265.778	12.356697608915255
1628.3	266.384	12.96269760891525
1629.75	264.525	11.103697608915212
1631.19	265.01	11.588697608915226
1632.64	264.626	11.204697608915211
1634.09	266.889	13.467697608915245
1635.54	264.566	11.144697608915209
1636.98	264.182	10.760697608915251
1638.43	262.404	8.982697608915231
1639.87	266.646	13.22469760891525
1641.32	266.909	13.487697608915227
1642.76	266.343	12.921697608915252
1644.21	267.939	14.517697608915256
1645.65	270.061	16.639697608915213
1647.09	271.374	17.95269760891526
1648.54	267.172	13.75069760891526
1649.98	269.576	16.154697608915257
1651.42	269.879	16.457697608915254
1652.86	266.828	13.40669760891521
1654.31	268.424	15.002697608915213
1655.75	268.828	15.40669760891521
1657.19	267.151	13.729697608915245
1658.63	270.667	17.245697608915208
1660.07	269.414	15.992697608915222
1661.5	269.03	15.608697608915207
1662.94	271.313	17.891697608915223
1664.38	271.253	17.83169760891522
1665.82	272.141	18.719697608915254
1667.26	271.414	17.992697608915222
1668.69	271.616	18.19469760891522
1670.13	271.838	18.416697608915257
1671.57	269.192	15.770697608915242
1673.0	269.172	15.75069760891526
1674.44	273.273	19.85169760891526
1675.87	273.899	20.477697608915236
1677.31	274.101	20.679697608915234
1678.74	271.434	18.01269760891526
1680.18	271.192	17.770697608915242
1681.61	275.657	22.235697608915217
1683.04	273.01	19.588697608915226
1684.47	271.01	17.588697608915226
1685.91	272.545	19.12369760891525
1687.34	275.414	21.992697608915222
1688.77	275.01	21.588697608915226
1690.2	273.535	20.11369760891526
