399.199	4.57912
401.127	4.58072
403.056	1.06975
404.984	0.498476
406.913	0.201021
408.841	0.162323
410.77	4.58864
412.698	4.59022
414.627	4.59179
416.555	0.116645
418.484	0.30628
420.412	4.59647
422.341	4.59802
424.269	0.272779
426.198	-2.40803e-005
428.126	0.0588605
430.055	0.119262
431.983	0.2428
433.912	0.459643
435.84	4.60877
437.769	4.61029
439.697	1.62937
441.626	4.61331
443.554	4.61482
445.483	4.61632
447.411	1.45396
449.34	4.61932
451.268	4.62081
453.197	4.62229
455.125	0.320098
457.054	0.0425556
458.982	0.0420049
460.911	0.346429
462.839	0.377406
464.768	0.580262
466.696	4.63259
468.625	4.63404
470.553	0.198378
472.482	0.228306
474.41	0.964212
476.339	4.63982
478.267	0.652558
480.196	0.274781
482.124	0.393066
484.053	0.673505
485.981	4.64695
487.91	4.64836
489.838	4.64977
491.767	0.193979
493.695	0.0273699
495.624	0.571544
497.552	0.455284
499.481	4.65676
501.409	4.65815
503.338	0.252334
505.266	1.01773
507.195	4.66229
509.123	0.247542
511.052	1.55015
512.98	4.66639
514.909	4.66775
516.837	4.6691
518.766	4.67045
520.694	4.6718
522.623	1.22306
524.551	0.565748
526.48	4.67582
528.408	4.67715
530.337	4.67848
532.265	4.6798
534.194	0.193086
536.122	0.110965
538.051	0.141589
539.979	0.314423
541.908	4.68636
543.836	0.751312
545.765	0.504875
547.693	0.12579
549.622	0.0765079
551.55	0.461826
553.479	0.571317
555.407	0.719232
557.336	0.850037
559.264	0.597468
561.193	0.825928
563.121	1.41726
565.05	1.09424
566.978	0.915965
568.907	0.748267
570.835	0.663777
572.764	1.4394
574.692	1.67383
576.621	0.790798
578.549	0.762727
580.478	0.902302
582.406	1.12071
584.335	0.939088
586.263	0.881952
588.192	0.820613
590.12	0.654495
592.049	0.749332
593.977	0.760224
595.906	0.748338
597.834	0.850704
599.763	1.06129
601.691	0.9476
603.62	0.744267
605.548	0.693355
607.477	0.765818
609.405	0.840638
611.334	0.866583
613.262	0.85018
615.191	0.803497
617.119	0.774208
619.048	0.769535
620.976	0.786295
622.905	0.853964
624.833	0.852998
626.762	0.886659
628.69	0.910885
630.619	0.882668
632.547	0.871831
634.476	0.847324
636.404	0.860299
638.333	0.923172
640.261	0.949012
642.19	0.95234
644.118	0.917111
646.047	0.930193
647.975	0.951945
649.904	0.921051
651.832	0.927093
653.761	0.912735
655.689	0.870902
657.618	0.871818
659.546	0.898777
661.474	0.942943
663.403	0.979194
665.331	0.979906
667.26	0.953256
669.188	0.98513
671.117	0.999044
673.045	0.962774
674.974	0.931641
676.903	0.93606
678.831	0.937549
680.76	0.918219
682.688	0.914169
684.617	0.94838
686.545	0.925118
688.474	0.898775
690.402	0.891196
692.331	0.894921
694.259	0.88387
696.188	0.890282
698.116	0.90562
700.044	0.892583
701.973	0.886245
703.901	0.886223
705.83	0.8606
707.758	0.876352
709.687	0.896725
711.615	0.898478
713.544	0.887535
715.472	0.89366
717.401	0.919442
719.33	0.916926
721.258	0.909003
723.187	0.912004
725.115	0.926867
727.044	0.93008
728.972	0.940349
730.901	0.959112
732.829	0.9664
734.757	0.990667
736.686	0.989089
738.614	0.967577
740.543	0.979617
742.471	1.01664
744.4	1.03928
746.328	1.0562
748.257	1.04573
750.185	1.01665
752.114	1.00669
754.042	1.00971
755.971	1.00789
757.899	0.999775
759.828	0.975579
761.756	0.95226
763.685	0.921281
765.613	0.893563
767.542	0.871227
769.47	0.845896
771.399	0.827598
773.327	0.809564
775.256	0.798654
777.184	0.79318
779.113	0.77679
781.041	0.766392
782.97	0.76092
784.898	0.737413
786.827	0.713523
788.755	0.701002
790.684	0.691299
792.612	0.674257
794.541	0.660448
796.469	0.648799
798.398	0.634476
800.326	0.626351
802.255	0.61603
804.183	0.604032
806.112	0.589721
808.04	0.577965
809.969	0.568142
811.897	0.560827
813.826	0.552374
815.754	0.544849
817.683	0.53529
819.611	0.525672
821.54	0.515249
823.468	0.50676
825.397	0.498394
827.325	0.491979
829.254	0.493108
831.182	0.499333
833.111	0.515071
835.039	0.535885
836.968	0.541174
838.896	0.53255
840.825	0.516772
842.753	0.496394
844.682	0.472407
846.61	0.451887
848.539	0.441721
850.467	0.431765
852.396	0.428868
854.324	0.426386
856.253	0.418844
858.181	0.413695
860.11	0.409504
862.038	0.40959
863.967	0.409009
865.895	0.408742
867.824	0.409945
869.752	0.412302
871.681	0.414713
873.609	0.42379
875.538	0.437088
877.466	0.453973
879.395	0.479823
881.323	0.514219
883.252	0.558724
885.18	0.627579
887.109	0.705132
889.037	0.758445
890.966	0.769028
892.894	0.752283
894.823	0.746453
896.751	0.742962
898.68	0.693673
900.608	0.615435
902.537	0.545007
904.465	0.495543
906.394	0.459631
908.322	0.435251
910.251	0.424794
912.179	0.421543
914.108	0.418578
916.036	0.415211
917.965	0.412195
919.893	0.41153
921.822	0.413539
923.75	0.414536
925.679	0.416201
927.607	0.416192
929.536	0.414695
931.464	0.416256
933.393	0.420351
935.321	0.423807
937.25	0.427681
939.178	0.433399
941.107	0.437959
943.035	0.440609
944.964	0.445695
946.892	0.455544
948.821	0.461425
950.749	0.462468
952.678	0.467142
954.606	0.474447
956.535	0.48295
958.463	0.496656
960.392	0.513502
962.32	0.529646
964.249	0.55132
966.177	0.579611
968.106	0.614186
970.034	0.660658
971.963	0.709508
973.891	0.743616
975.82	0.755543
977.748	0.744538
979.677	0.74112
981.605	0.755201
983.534	0.790101
985.462	0.849028
987.391	0.918878
989.319	0.978526
991.248	1.00146
993.176	1.01282
995.105	1.02756
997.033	1.04242
998.961	1.03006
1000.89	0.983949
1002.82	0.927121
1004.75	0.885552
1006.68	0.857237
1008.6	0.845266
1010.53	0.844237
1012.46	0.857627
1014.39	0.874588
1016.32	0.895594
1018.25	0.908219
1020.17	0.909777
1022.1	0.913766
1024.03	0.931884
1025.96	0.95841
1027.89	0.978425
1029.82	0.987419
1031.75	0.982643
1033.68	0.967285
1035.6	0.95428
1037.53	0.95459
1039.46	0.987644
1041.39	1.02002
1043.32	1.03888
1045.24	1.05312
1047.17	1.06592
1049.1	1.08052
1051.03	1.08258
1052.96	1.09282
1054.89	1.10389
1056.82	1.09706
1058.74	1.08205
1060.67	1.07595
1062.6	1.1065
1064.53	1.13648
1066.46	1.15236
1068.39	1.16409
1070.32	1.17121
1072.24	1.16567
1074.17	1.15522
1076.1	1.13795
1078.03	1.1227
1079.96	1.10792
1081.89	1.10271
1083.81	1.1232
1085.74	1.17443
1087.67	1.22176
1089.6	1.27111
1091.53	1.30661
1093.46	1.33935
1095.39	1.34306
1097.31	1.32533
1099.24	1.32253
1101.17	1.31846
1103.1	1.30592
1105.03	1.30932
1106.96	1.33814
1108.89	1.38091
1110.81	1.3868
1112.74	1.36052
1114.67	1.30642
1116.6	1.25657
1118.53	1.23332
1120.46	1.23361
1122.39	1.23146
1124.31	1.25561
1126.24	1.27031
1128.17	1.2831
1130.1	1.30919
1132.03	1.32077
1133.96	1.29809
1135.89	1.25205
1137.81	1.19136
1139.74	1.15412
1141.67	1.14271
1143.6	1.14804
1145.53	1.15948
1147.46	1.16272
1149.38	1.14327
1151.31	1.13976
1153.24	1.15257
1155.17	1.15545
1157.1	1.15469
1159.03	1.17115
1160.95	1.19458
1162.88	1.22774
1164.81	1.26444
1166.74	1.2914
1168.67	1.30343
1170.6	1.32076
1172.53	1.30042
1174.45	1.25015
1176.38	1.17446
1178.31	1.09194
1180.24	1.0307
1182.17	0.991957
1184.1	0.96542
1186.03	0.963222
1187.95	0.989623
1189.88	1.02264
1191.81	1.03403
1193.74	1.01972
1195.67	1.00501
1197.6	1.00788
1199.53	1.02271
1201.45	1.04221
1203.38	1.05664
1205.31	1.05737
1207.24	1.04035
1209.17	1.02679
1211.1	1.02066
1213.03	1.01788
1214.95	1.01373
1216.88	1.00442
1218.81	0.984753
1220.74	0.963714
1222.67	0.946483
1224.6	0.927708
1226.52	0.889385
1228.45	0.852941
1230.38	0.824121
1232.31	0.795361
1234.24	0.769468
1236.17	0.755057
1238.09	0.750112
1240.02	0.751738
1241.95	0.759979
1243.88	0.78078
1245.81	0.816712
1247.74	0.867746
1249.67	0.91597
1251.59	0.943809
1253.52	0.957989
1255.45	0.977903
1257.38	1.00349
1259.31	1.03365
1261.24	1.04815
1263.17	1.05288
1265.09	1.06206
1267.02	1.08445
1268.95	1.08193
1270.88	1.0486
1272.81	1.00357
1274.74	0.97913
1276.67	0.975352
1278.59	0.990422
1280.52	1.01906
1282.45	1.05651
1284.38	1.08396
1286.31	1.08668
1288.24	1.07162
1290.17	1.04134
1292.09	0.996547
1294.02	0.960811
1295.95	0.945669
1297.88	0.954174
1299.81	0.960931
1301.74	0.962865
1303.66	0.971868
1305.59	0.998065
1307.52	1.0434
1309.45	1.08888
1311.38	1.08175
1313.31	1.02601
1315.23	0.974847
1317.16	0.963548
1319.09	0.985098
1321.02	1.00822
1322.95	0.99421
1324.88	0.977829
1326.81	0.973745
1328.73	0.982265
1330.66	0.999408
1332.59	1.01957
1334.52	1.04054
1336.45	1.07249
1338.38	1.09921
1340.31	1.09659
1342.23	1.08008
1344.16	1.06358
1346.09	1.03431
1348.02	1.01966
1349.95	1.0108
1351.88	1.01587
1353.81	1.03041
1355.73	1.05328
1357.66	1.07895
1359.59	1.10569
1361.52	1.12038
1363.45	1.12006
1365.38	1.07049
1367.31	1.01915
1369.23	0.972811
1371.16	0.943831
1373.09	0.922772
1375.02	0.914641
1376.95	0.914002
1378.88	0.921168
1380.8	0.922721
1382.73	0.910154
1384.66	0.8905
1386.59	0.878693
1388.52	0.866639
1390.45	0.860114
1392.38	0.857903
1394.3	0.865963
1396.23	0.886393
1398.16	0.904785
1400.09	0.920159
1402.02	0.944645
1403.95	0.970778
1405.88	0.995307
1407.8	1.01236
1409.73	1.01885
1411.66	1.01332
1413.59	1.01277
1415.52	1.015
1417.44	1.02191
1419.37	1.03935
1421.3	1.06326
1423.23	1.08342
1425.16	1.119
1427.09	1.13139
1429.02	1.1428
1430.94	1.13874
1432.87	1.12817
1434.8	1.10647
1436.73	1.08891
1438.66	1.06426
1440.59	1.03777
1442.52	1.00785
1444.44	0.987753
1446.37	0.967509
1448.3	0.956944
1450.23	0.961051
1452.16	0.99168
1454.09	1.01553
1456.02	1.02656
1457.94	0.935762
1459.87	0.869361
1461.8	0.831488
1463.73	0.80655
1465.66	0.785491
1467.59	0.77683
1469.52	0.772804
1471.44	0.782959
1473.37	0.797563
1475.3	0.811254
1477.23	0.831132
1479.16	0.854974
1481.09	0.878914
1483.01	0.913272
1484.94	0.93757
1486.87	0.954893
1488.8	0.960629
1490.73	0.951711
1492.66	0.934488
1494.58	0.914093
1496.51	0.87457
1498.44	0.837918
1500.37	0.804034
1502.3	0.771085
1504.23	0.744376
1506.16	0.719763
1508.08	0.672247
1510.01	0.654146
1511.94	0.632605
1513.87	0.613683
1515.8	0.592551
1517.73	0.571765
1519.66	0.558297
1521.58	0.546191
1523.51	0.527306
1525.44	0.514068
1527.37	0.497285
1529.3	0.485597
1531.23	0.476497
1533.16	0.467989
1535.08	0.452072
1537.01	0.444598
1538.94	0.43857
1540.87	0.433358
1542.8	0.4198
1544.73	0.409811
1546.66	0.401564
1548.58	0.398259
1550.51	0.392435
1552.44	0.386764
1554.37	0.380543
1556.3	0.375866
1558.23	0.369691
1560.15	0.359363
1562.08	0.35572
1564.01	0.352477
1565.94	0.346149
1567.87	0.342461
1569.8	0.338045
1571.72	0.331685
1573.65	0.327118
1575.58	0.324969
1577.51	0.318165
1579.44	0.314274
1581.37	0.311914
1583.3	0.310133
1585.22	0.307713
1587.15	0.306498
1589.08	0.304456
1591.01	0.30345
1592.94	0.301553
1594.87	0.299769
1596.8	0.297115
1598.72	0.295667
1600.65	0.293921
1602.58	0.294112
1604.51	0.294712
1606.44	0.29603
1608.37	0.296864
1610.3	0.296987
1612.22	0.296391
1614.15	0.297945
1616.08	0.299364
1618.01	0.303103
1619.94	0.30451
1621.87	0.30652
1623.8	0.309535
1625.72	0.311958
1627.65	0.314375
1629.58	0.315926
1631.51	0.315276
1633.44	0.316713
1635.37	0.317993
1637.29	0.315726
1639.22	0.312719
1641.15	0.3114
1643.08	0.310678
1645.01	0.311577
1646.94	0.311793
1648.86	0.30823
1650.79	0.304241
1652.72	0.303393
1654.65	0.297981
1656.58	0.294299
1658.51	0.289206
1660.44	0.285349
1662.36	0.279854
1664.29	0.273783
1666.22	0.26809
1668.15	0.264272
1670.08	0.260478
1672.01	0.255553
1673.94	0.250531
1675.86	0.246635
1677.79	0.241836
1679.72	0.238621
1681.65	0.234937
1683.58	0.234015
1685.51	0.229116
1687.44	0.225821
1689.36	0.222017
1691.29	0.218056
1693.22	0.214285
1695.15	0.212532
1697.08	0.210627
1699.01	0.210323
1700.94	0.208585
1702.86	0.207832
1704.79	0.208585
1706.72	0.211875
1708.65	0.215306
1710.58	0.2212
1712.51	0.226464
1714.43	0.228485
1716.36	0.225016
1718.29	0.212164
1720.22	0.200055
1722.15	0.194382
1724.08	0.189869
1726.01	0.186769
1727.93	0.185263
1729.86	0.18489
1731.79	0.18293
1733.72	0.18186
1735.65	0.179608
1737.58	0.178125
1739.51	0.175759
1741.43	0.168586
1743.36	0.159188
1745.29	0.151586
1747.22	0.146543
1749.15	0.14278
1751.07	0.137658
1753	0.132239
1754.93	0.127856
1756.86	0.125562
1758.79	0.122113
1760.72	0.1198
1762.65	0.118288
1764.57	0.116919
1766.5	0.11578
1768.43	0.117331
1770.36	0.119228
1772.29	0.120198
1774.22	0.11788
1776.15	0.116122
1778.07	0.11281
1780	0.109394
1781.93	0.104766
1783.86	0.101112
1785.79	0.0966368
1787.72	0.093002
1789.65	0.0907452
1791.57	0.0896866
1793.5	0.0858421
1795.43	0.0822725
1797.36	0.0790675
1799.29	0.0762112
1801.22	0.0726272
1803.15	0.0689961
1805.07	0.0665154
1807	0.0649047
1808.93	0.0621102
1810.86	0.0600947
1812.79	0.0570695
1814.72	0.0547814
1816.64	0.0542256
1818.57	0.0539607
1820.5	0.0532522
1822.43	0.0536387
1824.36	0.0533795
1826.29	0.0524904
1828.21	0.0511155
1830.14	0.0505688
1832.07	0.0483422
1834	0.0461209
1835.93	0.043666
1837.86	0.042313
1839.79	0.0397213
1841.71	0.0382488
1843.64	0.0375826
1845.57	0.0359765
1847.5	0.0339128
1849.43	0.0322973
1851.36	0.0296559
1853.29	0.0270668
1855.21	0.0244451
1857.14	0.0228864
1859.07	0.0210592
1861	0.0201361
1862.93	0.0201064
1864.86	0.0200198
1866.79	0.0197946
1868.71	0.0196517
1870.64	0.017574
1872.57	0.0162736
1874.5	0.0149566
1876.43	0.0137707
1878.36	0.0112712
1880.29	0.00861609
1882.21	0.00658929
1884.14	0.00547981
1886.07	0.00325561
1888	0.00164258
1889.93	0.000262141
1891.86	-0.000389099
1893.78	-0.000432014
1895.71	0.000300288
1897.64	-0.000347733
1899.57	6.33001e-005
1901.5	0.000493884
1903.43	0.000670671
1905.35	-4.3869e-005
1907.28	-0.000259399
1909.21	-4.43459e-005
1911.14	0.000397921
1913.07	0.000216842
1915	0.00136793
1916.93	0.00338149
1918.85	0.00576138
1920.78	0.00665379
1922.71	0.00765443
1924.64	0.00635278
1926.57	0.00415623
1928.5	0.00172126
1930.43	-0.000246286
1932.35	-0.00186837
1934.28	-0.00200212
1936.21	-0.00164938
1938.14	-0.000804186
1940.07	0.000202417
1942	0.00372756
1943.93	0.00692916
1945.85	0.0098561
1947.78	0.0126445
1949.71	0.0145545
1951.64	0.0158039
1953.57	0.0168098
1955.5	0.0163243
1957.43	0.01573
1959.35	0.0152446
1961.28	0.0154223
1963.21	0.0160608
1965.14	0.0165515
1967.07	0.0161481
1969	0.0145478
1970.92	0.0120214
1972.85	0.0105393
1974.78	0.00977695
1976.71	0.0111089
1978.64	0.0137675
1980.57	0.0185536
1982.49	0.0239253
1984.42	0.0277914
1986.35	0.0288442
1988.28	0.0275725
1990.21	0.0241895
1992.14	0.0209389
1994.07	0.017387
1995.99	0.0148246
1997.92	0.0134019
1999.85	0.0133977
2001.78	0.0143591
2003.71	0.016296
2005.64	0.0192337
2007.57	0.0233158
2009.49	0.0268258
2011.42	0.0305922
2013.35	0.0334324
2015.28	0.0365319
2017.21	0.0385474
2019.14	0.0400912
2021.06	0.0412539
2022.99	0.0435331
2024.92	0.0465721
2026.85	0.0508296
2028.78	0.0543468
2030.71	0.0563157
2032.64	0.0566972
2034.56	0.0574985
2036.49	0.0578934
2038.42	0.0584779
2040.35	0.0586342
2042.28	0.058879
2044.21	0.0590937
2046.14	0.0597621
2048.06	0.0611453
2049.99	0.0636101
2051.92	0.0656894
2053.85	0.0673485
2055.78	0.0676504
2057.71	0.0680671
2059.64	0.0689505
2061.56	0.0706277
2063.49	0.0713865
2065.42	0.0711641
2067.35	0.0684934
2069.28	0.0656334
2071.21	0.0620474
2073.14	0.0592349
2075.06	0.0563804
2076.99	0.0535686
2078.92	0.0515563
2080.85	0.0506022
2082.78	0.0495636
2084.71	0.0496008
2086.63	0.051093
2088.56	0.0532157
2090.49	0.0548785
2092.42	0.0585471
2094.35	0.0622073
2096.28	0.0649536
2098.21	0.0667535
2100.13	0.0681101
2102.06	0.0682888
2103.99	0.0680304
2105.92	0.0670545
2107.85	0.0658468
2109.78	0.0645536
2111.7	0.0649645
2113.63	0.0671121
2115.56	0.0688916
2117.49	0.0698611
2119.42	0.0710355
2121.35	0.0704496
2123.27	0.0690387
2125.2	0.0669916
2127.13	0.0652635
2129.06	0.0649111
2130.99	0.0663127
2132.92	0.0689293
2134.85	0.0725099
2136.77	0.0755261
2138.7	0.0777435
2140.63	0.0785035
2142.56	0.0770878
2144.49	0.0727047
2146.42	0.0657258
2148.35	0.0588835
2150.27	0.0529577
2152.2	0.0465984
2154.13	0.0418822
2156.06	0.0379218
2157.99	0.0347416
2159.92	0.0320582
2161.84	0.0306209
2163.77	0.0294135
2165.7	0.0283761
2167.63	0.0265837
2169.56	0.0248764
2171.49	0.0236248
2173.42	0.0239744
2175.34	0.0240759
2177.27	0.0240235
2179.2	0.0249242
2181.13	0.0271968
2183.06	0.0293703
2184.99	0.0310141
2186.92	0.0323638
2188.84	0.0337375
2190.77	0.0329711
2192.7	0.0319251
2194.63	0.031245
2196.56	0.0311499
2198.49	0.0308398
2200.42	0.0309559
2202.34	0.0317179
2204.27	0.0325943
2206.2	0.0311494
2208.13	0.0282898
2210.06	0.0256952
2211.99	0.0234728
2213.92	0.0211713
2215.84	0.0190132
2217.77	0.0192329
2219.7	0.0209699
2221.63	0.0230788
2223.56	0.0272042
2225.49	0.0309273
2227.41	0.0348427
2229.34	0.0372752
2231.27	0.038511
2233.2	0.0390077
2235.13	0.0382438
2237.06	0.0358818
2238.99	0.0338762
2240.91	0.0310125
2242.84	0.0281882
2244.77	0.0248339
2246.7	0.0214249
2248.63	0.0188119
2250.56	0.0168754
2252.49	0.0152677
2254.41	0.0147495
2256.34	0.0151162
2258.27	0.0156975
2260.2	0.0162396
2262.13	0.0170112
2264.06	0.0156828
2265.98	0.0134219
2267.91	0.0112998
2269.84	0.0102303
2271.77	0.00950873
2273.7	0.00999677
2275.63	0.0110807
2277.55	0.0117642
2279.48	0.0115596
2281.41	0.0123055
2283.34	0.0121264
2285.27	0.012295
2287.2	0.0117255
2289.13	0.0103765
2291.05	0.00892258
2292.98	0.00825214
2294.91	0.0073837
2296.84	0.00608575
2298.77	0.00434411
2300.7	0.00327575
2302.63	0.0035516
2304.55	0.00451291
2306.48	0.00587046
2308.41	0.00718534
2310.34	0.00900543
2312.27	0.0125901
2314.2	0.0147889
2316.13	0.0171671
2318.05	0.0197126
2319.98	0.0214496
2321.91	0.0236007
2323.84	0.0267442
2325.77	0.0271091
2327.7	0.0269775
2329.63	0.0265352
2331.55	0.0248222
2333.48	0.0233576
2335.41	0.0213275
2337.34	0.0173956
2339.27	0.0124292
2341.2	0.00814915
2343.12	0.00878656
2345.05	0.0110874
2346.98	0.0136366
2348.91	0.0152221
2350.84	0.0142603
2352.77	0.0102077
2354.7	0.00528359
2356.62	0.00129592
2358.55	0.000535607
2360.48	-0.000543237
2362.41	-0.00230157
2364.34	-0.00298953
2366.27	-0.0026089
2368.2	0.000304937
2370.12	0.00525963
2372.05	0.00746751
2373.98	0.0118649
2375.91	0.0169538
2377.84	0.0201471
2379.77	0.0229149
2381.69	0.0259213
2383.62	0.0279251
2385.55	0.0302656
2387.48	0.0317495
2389.41	0.0338277
2391.34	0.0363747
2393.26	0.038324
2395.19	0.0422548
2397.12	0.0464754
2399.05	0.0496802
2400.98	0.0539289
2402.91	0.0579829
2404.84	0.0618355
2406.76	0.0660207
2408.69	0.0695633
2410.62	0.0727506
2412.55	0.0766053
2414.48	0.0791988
2416.41	0.0807948
2418.33	0.0816554
2420.26	0.0803465
2422.19	0.0777123
2424.12	0.0747975
2426.05	0.0737123
2427.98	0.073005
2429.91	0.0717272
2431.83	0.0720227
2433.76	0.0726142
2435.69	0.0727021
2437.62	0.0736496
2439.55	0.0769228
2441.48	0.0805895
2443.41	0.0839591
2445.33	0.0879693
2447.26	0.092592
2449.19	0.0976166
2451.12	0.102523
2453.05	0.106932
2454.98	0.110676
2456.91	0.115031
2458.83	0.120903
2460.76	0.125927
2462.69	0.12854
2464.62	0.131071
2466.55	0.136054
2468.48	0.141357
2470.41	0.143167
2472.33	0.142018
2474.26	0.140831
2476.19	0.139217
2478.12	0.137844
2480.05	0.134278
2481.98	0.13206
2483.9	0.131655
2485.83	0.129234
2487.76	0.127047
2489.69	0.129619
2491.62	0.132152
2493.55	0.133545
2495.48	0.135128
2497.4	0.136543
2499.33	0.136209
2501.26	0.135458
2503.19	0.134284
2505.12	0.131734
2507.05	0.12965
2508.98	0.127456
2510.9	0.124761
2512.83	0.123987
2514.76	0.125818
2516.69	0.128093
2518.62	0.129929
2520.55	0.131964
2522.47	0.133586
2524.4	0.134765
2526.33	0.134592
2528.26	0.134322
2530.19	0.134108
2532.12	0.133885
2534.04	0.132507
2535.97	0.131054
2537.9	0.128525
2539.83	0.126182
2541.76	0.123333
2543.69	0.120834
2545.62	0.118269
2547.54	0.114962
2549.47	0.113153
2551.4	0.112497
2553.33	0.108866
2555.26	0.105655
2557.19	0.104125
2559.12	0.102584
2561.04	0.102335
2562.97	0.10267
2564.9	0.103859
2566.83	0.105867
2568.76	0.108834
2570.69	0.112821
2572.61	0.116023
2574.54	0.120398
2576.47	0.124379
2578.4	0.129518
2580.33	0.134426
2582.26	0.137007
2584.19	0.14032
2586.11	0.144299
2588.04	0.14607
2589.97	0.146532
2591.9	0.147956
2593.83	0.149767
2595.76	0.151587
2597.69	0.155559
2599.61	0.160558
2601.54	0.168619
2603.47	0.176952
2605.4	0.183533
2607.33	0.190251
2609.26	0.196264
2611.19	0.200342
2613.11	0.20362
2615.04	0.206916
2616.97	0.210058
2618.9	0.211209
2620.83	0.211449
2622.76	0.211961
2624.69	0.213798
2626.61	0.216713
2628.54	0.221331
2630.47	0.226032
2632.4	0.229326
2634.33	0.231945
2636.26	0.235916
2638.18	0.237577
2640.11	0.236876
2642.04	0.235294
2643.97	0.234051
2645.9	0.231498
2647.83	0.22787
2649.75	0.224771
2651.68	0.22062
2653.61	0.216604
2655.54	0.213598
2657.47	0.21317
2659.4	0.21472
2661.33	0.215405
2663.25	0.216849
2665.18	0.220836
2667.11	0.224274
2669.04	0.22719
2670.97	0.232553
2672.9	0.235903
2674.83	0.240076
2676.75	0.246309
2678.68	0.250844
2680.61	0.254542
2682.54	0.260412
2684.47	0.264868
2686.4	0.268187
2688.32	0.271365
2690.25	0.27567
2692.18	0.280123
2694.11	0.284258
2696.04	0.2863
2697.97	0.287515
2699.9	0.2875
2701.82	0.28783
2703.75	0.285947
2705.68	0.283688
2707.61	0.28158
2709.54	0.279719
2711.47	0.278949
2713.4	0.278173
2715.32	0.278172
2717.25	0.280041
2719.18	0.282832
2721.11	0.28245
2723.04	0.282103
2724.97	0.284033
2726.9	0.285326
2728.82	0.287795
2730.75	0.291999
2732.68	0.295546
2734.61	0.295858
2736.54	0.295484
2738.47	0.299224
2740.4	0.300367
2742.32	0.300669
2744.25	0.30119
2746.18	0.301046
2748.11	0.301658
2750.04	0.303773
2751.97	0.304495
2753.89	0.308255
2755.82	0.310714
2757.75	0.312791
2759.68	0.317314
2761.61	0.319838
2763.54	0.320539
2765.47	0.321221
2767.39	0.321733
2769.32	0.324173
2771.25	0.323862
2773.18	0.31977
2775.11	0.316516
2777.04	0.316567
2778.97	0.316637
2780.89	0.314431
2782.82	0.313371
2784.75	0.312877
2786.68	0.31498
2788.61	0.318248
2790.53	0.321497
2792.46	0.326621
2794.39	0.335656
2796.32	0.3414
2798.25	0.345083
2800.18	0.349552
2802.11	0.353012
2804.03	0.354668
2805.96	0.354457
2807.89	0.36017
2809.82	0.36522
2811.75	0.367258
2813.68	0.369164
2815.61	0.373195
2817.53	0.374803
2819.46	0.375184
2821.39	0.380496
2823.32	0.388138
2825.25	0.391919
2827.18	0.393819
2829.1	0.398243
2831.03	0.40248
2832.96	0.407382
2834.89	0.41456
2836.82	0.423692
2838.75	0.427357
2840.68	0.430611
2842.6	0.436111
2844.53	0.443886
2846.46	0.45164
2848.39	0.462437
2850.32	0.479103
2852.25	0.499184
2854.18	0.516463
2856.1	0.526474
2858.03	0.535479
2859.96	0.537034
2861.89	0.536231
2863.82	0.539245
2865.75	0.545877
2867.68	0.550833
2869.6	0.55118
2871.53	0.550065
2873.46	0.548955
2875.39	0.554594
2877.32	0.566511
2879.25	0.590141
2881.18	0.620988
2883.1	0.644824
2885.03	0.652853
2886.96	0.651707
2888.89	0.646233
2890.82	0.652842
2892.75	0.67473
2894.67	0.711257
2896.6	0.760057
2898.53	0.785181
2900.46	0.745391
2902.39	0.692492
2904.32	0.667892
2906.25	0.653746
2908.17	0.641925
2910.1	0.632441
2912.03	0.629001
2913.96	0.629292
2915.89	0.629889
2917.82	0.622063
2919.75	0.610373
2921.67	0.60125
2923.6	0.593721
2925.53	0.587888
2927.46	0.579918
2929.39	0.570564
2931.32	0.556446
2933.24	0.532342
2935.17	0.499322
2937.1	0.463457
2939.03	0.434701
2940.96	0.411837
2942.89	0.396618
2944.81	0.385189
2946.74	0.37439
2948.67	0.365482
2950.6	0.359169
2952.53	0.352529
2954.46	0.353284
2956.39	0.357064
2958.31	0.357438
2960.24	0.357262
2962.17	0.363874
2964.1	0.374227
2966.03	0.394042
2967.96	0.430911
2969.89	0.471394
2971.81	0.486374
2973.74	0.463798
2975.67	0.4304
2977.6	0.412521
2979.53	0.421835
2981.46	0.456474
2983.39	0.476641
2985.31	0.440915
2987.24	0.387475
2989.17	0.346447
2991.1	0.319759
2993.03	0.304523
2994.96	0.293315
2996.89	0.285366
2998.81	0.281143
3000.74	0.27697
3002.67	0.27296
3004.6	0.270545
3006.53	0.267662
3008.46	0.269584
3010.38	0.274253
3012.31	0.275375
3014.24	0.272877
3016.17	0.272488
3018.1	0.271569
3020.03	0.269999
3021.96	0.272456
3023.88	0.275746
3025.81	0.277336
3027.74	0.277769
3029.67	0.279185
3031.6	0.280125
3033.53	0.281546
3035.46	0.28398
3037.38	0.285925
3039.31	0.28704
3041.24	0.290955
3043.17	0.296656
3045.1	0.299053
3047.03	0.297198
3048.95	0.298804
3050.88	0.303075
3052.81	0.306664
3054.74	0.307526
3056.67	0.309237
3058.6	0.314833
3060.52	0.31925
3062.45	0.319376
3064.38	0.324357
3066.31	0.330389
3068.24	0.332652
3070.17	0.335198
3072.1	0.339898
3074.02	0.343599
3075.95	0.350435
3077.88	0.357749
3079.81	0.361408
3081.74	0.364065
3083.67	0.370445
3085.59	0.378149
3087.52	0.379835
3089.45	0.378912
3091.38	0.384872
3093.31	0.398123
3095.24	0.406214
3097.17	0.406659
3099.09	0.410171
3101.02	0.415464
3102.95	0.42307
3104.88	0.428618
3106.81	0.434924
3108.74	0.44109
3110.67	0.447092
3112.59	0.455401
3114.52	0.4661
3116.45	0.473295
3118.38	0.476436
3120.31	0.479642
3122.24	0.486382
3124.17	0.493962
3126.09	0.498974
3128.02	0.504355
3129.95	0.513577
3131.88	0.522437
3133.81	0.529638
3135.74	0.533796
3137.67	0.540562
3139.59	0.548053
3141.52	0.55288
3143.45	0.563528
3145.38	0.572412
3147.31	0.578817
3149.24	0.585598
3151.17	0.591125
3153.09	0.602974
3155.02	0.61251
3156.95	0.622626
3158.88	0.629802
3160.81	0.635027
3162.74	0.639992
3164.66	0.645155
3166.59	0.651371
3168.52	0.665788
3170.45	0.677744
3172.38	0.684735
3174.31	0.693302
3176.24	0.699733
3178.16	0.711361
3180.09	0.720189
3182.02	0.730149
3183.95	0.74241
3185.88	0.744688
3187.81	0.744615
3189.73	0.746165
3191.66	0.751054
3193.59	0.751941
3195.52	0.755502
3197.45	0.756455
3199.38	0.761835
3201.3	0.774271
3203.23	0.772155
3205.16	0.763617
3207.09	0.757019
3209.02	0.757211
3210.95	0.760773
3212.88	0.764726
3214.8	0.759866
3216.73	0.761615
3218.66	0.767863
3220.59	0.768719
3222.52	0.766455
3224.45	0.766072
3226.38	0.759641
3228.3	0.765012
3230.23	0.771462
3232.16	0.765047
3234.09	0.765246
3236.02	0.772461
3237.95	0.774493
3239.88	0.778133
3241.8	0.794806
3243.73	0.792495
3245.66	0.792373
3247.59	0.803948
3249.52	0.812105
3251.45	0.808027
3253.38	0.804139
3255.3	0.812049
3257.23	0.815032
3259.16	0.821058
3261.09	0.832188
3263.02	0.839451
3264.95	0.844337
3266.87	0.856184
3268.8	0.86323
3270.73	0.863364
3272.66	0.870821
3274.59	0.873731
3276.52	0.876004
3278.45	0.882458
3280.37	0.897056
3282.3	0.905208
3284.23	0.91497
3286.16	0.924045
3288.09	0.92927
3290.02	0.925348
3291.95	0.929622
3293.87	0.943938
3295.8	0.949176
3297.73	0.953846
3299.66	0.957706
3301.59	0.951889
3303.52	0.947797
3305.44	0.956115
3307.37	0.966338
3309.3	0.963128
3311.23	0.949792
3313.16	0.957061
3315.09	0.969372
3317.01	0.967419
3318.94	0.980134
3320.87	0.989088
3322.8	1.00169
3324.73	1.00423
3326.66	1.00493
3328.59	1.01352
3330.51	1.02116
3332.44	1.02753
3334.37	1.01642
3336.3	1.00792
3338.23	1.01438
3340.16	1.0199
3342.09	1.03006
3344.01	1.04956
3345.94	1.06177
3347.87	1.03804
3349.8	1.00667
3351.73	1.00557
3353.66	1.00998
3355.58	1.01635
3357.51	1.03767
3359.44	1.0601
3361.37	1.07108
3363.3	1.06909
3365.23	1.06846
3367.16	1.0799
3369.08	1.08742
3371.01	1.11014
3372.94	1.12163
3374.87	1.11637
3376.8	1.12144
3378.73	1.13842
3380.66	1.14799
3382.58	1.15609
3384.51	1.16206
3386.44	1.16085
3388.37	1.15118
3390.3	1.15049
3392.23	1.14048
3394.16	1.13104
3396.08	1.12306
3398.01	1.13392
3399.94	1.14458
3401.87	1.13246
3403.8	1.12072
3405.73	1.12067
3407.66	1.12883
3409.58	1.14507
3411.51	1.15272
3413.44	1.15345
3415.37	1.17227
3417.3	1.1738
3419.23	1.17305
3421.15	1.18724
3423.08	1.20813
3425.01	1.21565
3426.94	1.25237
3428.87	1.26718
3430.8	1.25873
3432.73	1.24197
3434.65	1.25923
3436.58	1.25594
3438.51	1.23165
3440.44	1.22275
3442.37	1.22955
3444.3	1.21645
3446.23	1.19168
3448.15	1.18255
3450.08	1.17811
3452.01	1.18741
3453.94	1.18369
3455.87	1.17008
3457.79	1.15613
3459.72	1.12743
3461.65	1.10034
3463.58	1.10007
3465.51	1.09672
3467.44	1.07898
3469.37	1.063
3471.29	1.04991
3473.22	1.03386
3475.15	1.02049
3477.08	1.00543
3479.01	0.977273
3480.94	0.956367
3482.87	0.94555
3484.79	0.931919
3486.72	0.891939
3488.65	0.853749
3490.58	0.838629
3492.51	0.829694
3494.44	0.820007
3496.36	0.792177
3498.29	0.773173
3500.22	0.770769
3502.15	0.760045
3504.08	0.73873
3506.01	0.709782
3507.94	0.687321
3509.86	0.672642
3511.79	0.661322
3513.72	0.650268
3515.65	0.639445
3517.58	0.62094
3519.51	0.603663
3521.44	0.592221
3523.36	0.581481
3525.29	0.565831
3527.22	0.552043
3529.15	0.540694
3531.08	0.528147
3533.01	0.519966
3534.94	0.510822
3536.86	0.493751
3538.79	0.478263
3540.72	0.467027
3542.65	0.463215
3544.58	0.451727
3546.51	0.44165
3548.44	0.428482
3550.36	0.416396
3552.29	0.405522
3554.22	0.393526
3556.15	0.384359
3558.08	0.376337
3560.01	0.368088
3561.93	0.361977
3563.86	0.352999
3565.79	0.347805
3567.72	0.338334
3569.65	0.329198
3571.58	0.324088
3573.5	0.318502
3575.43	0.310407
3577.36	0.301683
3579.29	0.293428
3581.22	0.289201
3583.15	0.28429
3585.08	0.280359
3587	0.277171
3588.93	0.267225
3590.86	0.257875
3592.79	0.251477
3594.72	0.247325
3596.65	0.244803
3598.58	0.239348
3600.5	0.234988
3602.43	0.228129
3604.36	0.219766
3606.29	0.214793
3608.22	0.211696
3610.15	0.204543
3612.07	0.200143
3614	0.194169
3615.93	0.187821
3617.86	0.181356
3619.79	0.175468
3621.72	0.16876
3623.65	0.162473
3625.57	0.156597
3627.5	0.157956
3629.43	0.153826
3631.36	0.143004
3633.29	0.13617
3635.22	0.129742
3637.15	0.125013
3639.07	0.120435
3641	0.115231
3642.93	0.109792
3644.86	0.105665
3646.79	0.10478
3648.72	0.10157
3650.65	0.0940781
3652.57	0.0847983
3654.5	0.0809057
3656.43	0.0776731
3658.36	0.0721014
3660.29	0.0678438
3662.22	0.0644311
3664.15	0.0597185
3666.07	0.0559908
3668	0.0533743
3669.93	0.0515507
3671.86	0.0453821
3673.79	0.0428509
3675.72	0.0396304
3677.64	0.034745
3679.57	0.0313287
3681.5	0.0266194
3683.43	0.0230331
3685.36	0.0222491
3687.29	0.0212371
3689.22	0.0204942
3691.14	0.0169283
3693.07	0.0130304
3695	0.00954866
3696.93	0.00818002
3698.86	0.00612962
3700.79	0.00580406
3702.72	0.00676501
3704.64	0.00582159
3706.57	0.00362754
3708.5	0.00352466
3710.43	0.00483787
3712.36	0.00424212
3714.29	0.000981271
3716.21	-7.44462e-005
3718.14	-0.000663519
3720.07	-0.00154656
3722	-0.000441492
3723.93	0.0017823
3725.86	0.00172776
3727.78	0.00169533
3729.71	0.000566483
3731.64	0.000468552
3733.57	0.00297505
3735.5	0.00794202
3737.43	0.00506097
3739.36	0.00206363
3741.28	0.000626206
3743.21	0.000294626
3745.14	0.00093478
3747.07	-0.000834167
3749	0.00113124
3750.93	0.0039475
3752.85	-0.000924885
3754.78	-0.00294977
3756.71	-0.00324064
3758.64	-0.00199986
3760.57	-0.000970542
3762.5	-0.000998259
3764.43	-0.000932634
3766.35	0.000723124
3768.28	-6.75917e-005
3770.21	0.000620365
3772.14	0.000647187
3774.07	0.000876069
3776	0.000756443
3777.93	0.00205618
3779.85	0.00425404
3781.78	0.0054729
3783.71	0.00555032
3785.64	0.00620461
3787.57	0.00539875
3789.5	0.00546604
3791.43	0.00517219
3793.35	0.00500584
3795.28	0.00683224
3797.21	0.00889146
3799.14	0.00845897
3801.07	0.0128406
3803	0.012579
3804.93	0.0105384
3806.85	0.0119532
3808.78	0.0119182
3810.71	0.0108092
3812.64	0.0119476
3814.57	0.0138268
3816.5	0.0160251
3818.43	0.0153923
3820.35	0.0189432
3822.28	0.0215932
3824.21	0.0213285
3826.14	0.0223696
3828.07	0.0229887
3830	0.0250553
3831.92	0.0299132
3833.85	0.0322089
3835.78	0.035899
3837.71	0.0396072
3839.64	0.0436171
3841.57	0.0463434
3843.5	0.0497751
3845.42	0.0526942
3847.35	0.0574144
3849.28	0.061242
3851.21	0.0654972
3853.14	0.0713101
3855.07	0.0757722
3856.99	0.0754445
3858.92	0.0760943
3860.85	0.0779114
3862.78	0.082434
3864.71	0.0842512
3866.64	0.0828614
3868.56	0.0838086
3870.49	0.0880643
3872.42	0.0889716
3874.35	0.0917589
3876.28	0.0930511
3878.21	0.0941256
3880.14	0.0986252
3882.06	0.101489
3883.99	0.10056
3885.92	0.103264
3887.85	0.104212
3889.78	0.104747
3891.71	0.107451
3893.64	0.110846
3895.56	0.111684
3897.49	0.115016
3899.42	0.119132
3901.35	0.12259
3903.28	0.126707
3905.21	0.131906
3907.14	0.134617
3909.06	0.137456
3910.99	0.14011
3912.92	0.143268
3914.85	0.144153
3916.78	0.1465
3918.71	0.150399
3920.64	0.152917
3922.56	0.153152
3924.49	0.155118
3926.42	0.158258
3928.35	0.161355
3930.28	0.163663
3932.21	0.166821
3934.13	0.169124
3936.06	0.170757
3937.99	0.173559
3939.92	0.17763
3941.85	0.182418
3943.78	0.186733
3945.71	0.187724
3947.63	0.191257
3949.56	0.194867
3951.49	0.197795
3953.42	0.201415
3955.35	0.204945
3957.28	0.207922
3959.21	0.212812
3961.13	0.216475
3963.06	0.219659
3964.99	0.223588
3966.92	0.228033
3968.85	0.231097
3970.78	0.232878
3972.7	0.236398
3974.63	0.240106
3976.56	0.240691
3978.49	0.242168
3980.42	0.243797
3982.35	0.245471
3984.27	0.245815
3986.2	0.245411
3988.13	0.246207
3990.06	0.247941
3991.99	0.247679
3993.92	0.248798
3995.85	0.250124
3997.77	0.250289
3999.7	0.249882
