399.199	0.477251
401.127	0.0934274
403.056	-3.89814e-005
404.984	0.474332
406.913	4.72363
408.841	4.7247
410.77	4.72577
412.698	0.712346
414.627	0.414914
416.555	0.505445
418.484	0.146276
420.412	0.0782802
422.341	0.260109
424.269	0.315613
426.198	0.58254
428.126	0.956412
430.055	0.389567
431.983	0.390032
433.912	0.653642
435.84	1.84492
437.769	1.40178
439.697	0.335365
441.626	0.381073
443.554	0.951453
445.483	0.427564
447.411	0.256889
449.34	0.605762
451.268	0.561715
453.197	0.523943
455.125	0.600979
457.054	1.35959
458.982	4.75148
460.911	4.75247
462.839	4.75345
464.768	4.75443
466.696	4.75541
468.625	4.75638
470.553	4.75735
472.482	4.75832
474.41	4.75929
476.339	4.76025
478.267	4.76121
480.196	4.76216
482.124	0.512433
484.053	0.248401
485.981	0.10815
487.91	0.313016
489.838	4.76689
491.767	0.936414
493.695	0.688803
495.624	4.76969
497.552	4.77062
499.481	0.369806
501.409	0.422343
503.338	0.377043
505.266	0.762807
507.195	4.77521
509.123	4.77612
511.052	0.236989
512.98	0.132628
514.909	0.0470222
516.837	0.0308138
518.766	1.97253
520.694	4.78151
522.623	4.7824
524.551	4.78328
526.48	4.78417
528.408	4.78504
530.337	0.31978
532.265	0.305177
534.194	0.293329
536.122	0.749764
538.051	0.475406
539.979	0.393299
541.908	4.79111
543.836	4.79196
545.765	1.23804
547.693	0.0921823
549.622	0.0318427
551.55	0.218657
553.479	0.259615
555.407	0.47885
557.336	4.79786
559.264	4.79869
561.193	4.79952
563.121	4.80034
565.05	4.80117
566.978	0.643363
568.907	0.609377
570.835	0.819007
572.764	1.04263
574.692	0.85244
576.621	0.733394
578.549	0.942181
580.478	1.3333
582.406	0.984469
584.335	1.18193
586.263	1.01719
588.192	0.982806
590.12	1.21274
592.049	1.27138
593.977	0.945734
595.906	0.864503
597.834	0.820311
599.763	0.911487
601.691	1.02684
603.62	0.98396
605.548	0.892109
607.477	0.932605
609.405	1.04115
611.334	1.04679
613.262	1.00157
615.191	1.03889
617.119	1.02747
619.048	0.990022
620.976	0.980399
622.905	1.09889
624.833	1.07891
626.762	1.06014
628.69	1.05602
630.619	1.06972
632.547	1.05969
634.476	1.04798
636.404	1.0834
638.333	1.13435
640.261	1.0896
642.19	1.10347
644.118	1.11318
646.047	1.06772
647.975	1.04301
649.904	1.09349
651.832	1.06018
653.761	1.01588
655.689	1.0392
657.618	1.10362
659.546	1.11189
661.474	1.11391
663.403	1.13252
665.331	1.15086
667.26	1.15004
669.188	1.11255
671.117	1.13027
673.045	1.13907
674.974	1.13363
676.903	1.11122
678.831	1.06784
680.76	1.06919
682.688	1.0524
684.617	1.0377
686.545	1.01416
688.474	1.00979
690.402	1.03201
692.331	1.04747
694.259	1.0633
696.188	1.06361
698.116	1.02212
700.044	0.996368
701.973	1.01688
703.901	1.04974
705.83	1.05012
707.758	1.05172
709.687	1.03792
711.615	1.03311
713.544	1.04212
715.472	1.05169
717.401	1.04857
719.33	1.06473
721.258	1.07931
723.187	1.08527
725.115	1.07206
727.044	1.07568
728.972	1.11479
730.901	1.14504
732.829	1.13504
734.757	1.11407
736.686	1.1198
738.614	1.15394
740.543	1.16706
742.471	1.14698
744.4	1.171
746.328	1.20955
748.257	1.17526
750.185	1.14401
752.114	1.13436
754.042	1.12581
755.971	1.10971
757.899	1.0899
759.828	1.06209
761.756	1.03382
763.685	1.02348
765.613	1.02321
767.542	1.00509
769.47	0.989402
771.399	0.955315
773.327	0.931276
775.256	0.919689
777.184	0.912764
779.113	0.902727
781.041	0.896512
782.97	0.892496
784.898	0.879471
786.827	0.849109
788.755	0.828085
790.684	0.804727
792.612	0.78595
794.541	0.777848
796.469	0.76446
798.398	0.750591
800.326	0.739436
802.255	0.728841
804.183	0.717739
806.112	0.709343
808.04	0.695531
809.969	0.680208
811.897	0.674784
813.826	0.667702
815.754	0.660506
817.683	0.653224
819.611	0.644796
821.54	0.635434
823.468	0.625608
825.397	0.620561
827.325	0.613942
829.254	0.615043
831.182	0.620521
833.111	0.629795
835.039	0.650221
836.968	0.656396
838.896	0.646136
840.825	0.623888
842.753	0.598334
844.682	0.583825
846.61	0.569581
848.539	0.555171
850.467	0.545807
852.396	0.541726
854.324	0.538937
856.253	0.533148
858.181	0.529925
860.11	0.529117
862.038	0.525191
863.967	0.521244
865.895	0.521222
867.824	0.524155
869.752	0.532465
871.681	0.540951
873.609	0.544704
875.538	0.55386
877.466	0.573575
879.395	0.599112
881.323	0.634291
883.252	0.682932
885.18	0.748796
887.109	0.817831
889.037	0.871356
890.966	0.882891
892.894	0.870879
894.823	0.866464
896.751	0.853305
898.68	0.795186
900.608	0.717454
902.537	0.648876
904.465	0.600681
906.394	0.569479
908.322	0.550136
910.251	0.538773
912.179	0.535593
914.108	0.533816
916.036	0.531118
917.965	0.527277
919.893	0.524962
921.822	0.524801
923.75	0.524693
925.679	0.520134
927.607	0.516598
929.536	0.519802
931.464	0.523245
933.393	0.527154
935.321	0.529344
937.25	0.529621
939.178	0.533995
941.107	0.538758
943.035	0.542965
944.964	0.545501
946.892	0.552362
948.821	0.561117
950.749	0.566787
952.678	0.569949
954.606	0.577096
956.535	0.588211
958.463	0.597749
960.392	0.610968
962.32	0.629806
964.249	0.65355
966.177	0.67852
968.106	0.709585
970.034	0.753071
971.963	0.797284
973.891	0.83057
975.82	0.839456
977.748	0.834349
979.677	0.833981
981.605	0.856418
983.534	0.900325
985.462	0.950201
987.391	0.999913
989.319	1.05729
991.248	1.09773
993.176	1.10623
995.105	1.10531
997.033	1.11461
998.961	1.0989
1000.89	1.05434
1002.82	1.00809
1004.75	0.969406
1006.68	0.936169
1008.6	0.925013
1010.53	0.927335
1012.46	0.941215
1014.39	0.955703
1016.32	0.977239
1018.25	0.997896
1020.17	1.00577
1022.1	1.00398
1024.03	1.01091
1025.96	1.03692
1027.89	1.06211
1029.82	1.06453
1031.75	1.04899
1033.68	1.0282
1035.6	1.0253
1037.53	1.04148
1039.46	1.0668
1041.39	1.0938
1043.32	1.11548
1045.24	1.118
1047.17	1.11259
1049.1	1.12209
1051.03	1.14491
1052.96	1.15702
1054.89	1.16798
1056.82	1.16891
1058.74	1.16719
1060.67	1.15553
1062.6	1.16155
1064.53	1.19385
1066.46	1.23531
1068.39	1.24703
1070.32	1.23985
1072.24	1.224
1074.17	1.21768
1076.1	1.21377
1078.03	1.19335
1079.96	1.16774
1081.89	1.17982
1083.81	1.22573
1085.74	1.2767
1087.67	1.31183
1089.6	1.33285
1091.53	1.34437
1093.46	1.35213
1095.39	1.37084
1097.31	1.39439
1099.24	1.4001
1101.17	1.38091
1103.1	1.34527
1105.03	1.3576
1106.96	1.4067
1108.89	1.45605
1110.81	1.44612
1112.74	1.40145
1114.67	1.3498
1116.6	1.29738
1118.53	1.28589
1120.46	1.29139
1122.39	1.28874
1124.31	1.29565
1126.24	1.31
1128.17	1.33584
1130.1	1.37867
1132.03	1.40917
1133.96	1.39521
1135.89	1.34162
1137.81	1.26396
1139.74	1.22358
1141.67	1.20786
1143.6	1.21798
1145.53	1.22298
1147.46	1.2158
1149.38	1.19722
1151.31	1.19989
1153.24	1.21974
1155.17	1.23033
1157.1	1.21828
1159.03	1.2326
1160.95	1.26792
1162.88	1.2996
1164.81	1.32302
1166.74	1.34096
1168.67	1.35866
1170.6	1.36103
1172.53	1.33685
1174.45	1.2834
1176.38	1.20785
1178.31	1.14255
1180.24	1.08338
1182.17	1.03956
1184.1	1.01262
1186.03	1.01789
1187.95	1.04225
1189.88	1.07475
1191.81	1.08359
1193.74	1.06415
1195.67	1.05629
1197.6	1.06321
1199.53	1.07084
1201.45	1.09004
1203.38	1.10727
1205.31	1.10146
1207.24	1.08552
1209.17	1.075
1211.1	1.06253
1213.03	1.05605
1214.95	1.04603
1216.88	1.03977
1218.81	1.03388
1220.74	1.01946
1222.67	1.00736
1224.6	0.983668
1226.52	0.938889
1228.45	0.902373
1230.38	0.870449
1232.31	0.843321
1234.24	0.820551
1236.17	0.803637
1238.09	0.797661
1240.02	0.802815
1241.95	0.815988
1243.88	0.840888
1245.81	0.873276
1247.74	0.916992
1249.67	0.959085
1251.59	0.988694
1253.52	1.00484
1255.45	1.01457
1257.38	1.03521
1259.31	1.07111
1261.24	1.09127
1263.17	1.09756
1265.09	1.10085
1267.02	1.10546
1268.95	1.09694
1270.88	1.07645
1272.81	1.0395
1274.74	1.01417
1276.67	1.00768
1278.59	1.02552
1280.52	1.05911
1282.45	1.10114
1284.38	1.1228
1286.31	1.11761
1288.24	1.09439
1290.17	1.06441
1292.09	1.02772
1294.02	0.99546
1295.95	0.974615
1297.88	0.982443
1299.81	1.00008
1301.74	1.01251
1303.66	1.01253
1305.59	1.02969
1307.52	1.07628
1309.45	1.12435
1311.38	1.11377
1313.31	1.05735
1315.23	1.00424
1317.16	0.987082
1319.09	1.01152
1321.02	1.04493
1322.95	1.03702
1324.88	1.01419
1326.81	1.00029
1328.73	1.0106
1330.66	1.03219
1332.59	1.0587
1334.52	1.07943
1336.45	1.10584
1338.38	1.12196
1340.31	1.12336
1342.23	1.11463
1344.16	1.09714
1346.09	1.06641
1348.02	1.03619
1349.95	1.03174
1351.88	1.04995
1353.81	1.05847
1355.73	1.08391
1357.66	1.11391
1359.59	1.13555
1361.52	1.13377
1363.45	1.12315
1365.38	1.09016
1367.31	1.04705
1369.23	1.00153
1371.16	0.971145
1373.09	0.950281
1375.02	0.944696
1376.95	0.945943
1378.88	0.951952
1380.8	0.947073
1382.73	0.936652
1384.66	0.924151
1386.59	0.910878
1388.52	0.895191
1390.45	0.888186
1392.38	0.885107
1394.3	0.895299
1396.23	0.914982
1398.16	0.931985
1400.09	0.948676
1402.02	0.968878
1403.95	0.992313
1405.88	1.02852
1407.8	1.03884
1409.73	1.03972
1411.66	1.03879
1413.59	1.04369
1415.52	1.04441
1417.44	1.04799
1419.37	1.06435
1421.3	1.09067
1423.23	1.11037
1425.16	1.1364
1427.09	1.1482
1429.02	1.16166
1430.94	1.15626
1432.87	1.14032
1434.8	1.11711
1436.73	1.08888
1438.66	1.06139
1440.59	1.04441
1442.52	1.01732
1444.44	0.996642
1446.37	0.981677
1448.3	0.977396
1450.23	0.985888
1452.16	1.0115
1454.09	1.03451
1456.02	1.04421
1457.94	0.956071
1459.87	0.885485
1461.8	0.847407
1463.73	0.828509
1465.66	0.813963
1467.59	0.80851
1469.52	0.806774
1471.44	0.812713
1473.37	0.819662
1475.3	0.83843
1477.23	0.866083
1479.16	0.891542
1481.09	0.914557
1483.01	0.938582
1484.94	0.949009
1486.87	0.96228
1488.8	0.972885
1490.73	0.954971
1492.66	0.923289
1494.58	0.897902
1496.51	0.858734
1498.44	0.824404
1500.37	0.791428
1502.3	0.759649
1504.23	0.730453
1506.16	0.705761
1508.08	0.668173
1510.01	0.648849
1511.94	0.629451
1513.87	0.613228
1515.8	0.593266
1517.73	0.571816
1519.66	0.555208
1521.58	0.539109
1523.51	0.523362
1525.44	0.5137
1527.37	0.502111
1529.3	0.493045
1531.23	0.481673
1533.16	0.467887
1535.08	0.45717
1537.01	0.448946
1538.94	0.431135
1540.87	0.418181
1542.8	0.421155
1544.73	0.420086
1546.66	0.413011
1548.58	0.406056
1550.51	0.398507
1552.44	0.393578
1554.37	0.385022
1556.3	0.377048
1558.23	0.364735
1560.15	0.363578
1562.08	0.363429
1564.01	0.360886
1565.94	0.356797
1567.87	0.351722
1569.8	0.343774
1571.72	0.339826
1573.65	0.334563
1575.58	0.327968
1577.51	0.324457
1579.44	0.324275
1581.37	0.321987
1583.3	0.320678
1585.22	0.318876
1587.15	0.317967
1589.08	0.315048
1591.01	0.3133
1592.94	0.310181
1594.87	0.309118
1596.8	0.307357
1598.72	0.305827
1600.65	0.304921
1602.58	0.304751
1604.51	0.303969
1606.44	0.30401
1608.37	0.304052
1610.3	0.30474
1612.22	0.304299
1614.15	0.304358
1616.08	0.304215
1618.01	0.30942
1619.94	0.312493
1621.87	0.314258
1623.8	0.315876
1625.72	0.318417
1627.65	0.320044
1629.58	0.322258
1631.51	0.323534
1633.44	0.323695
1635.37	0.319681
1637.29	0.320277
1639.22	0.3204
1641.15	0.318309
1643.08	0.315211
1645.01	0.310518
1646.94	0.305268
1648.86	0.307305
1650.79	0.306323
1652.72	0.303987
1654.65	0.297667
1656.58	0.295905
1658.51	0.292402
1660.44	0.288738
1662.36	0.281205
1664.29	0.275135
1666.22	0.270238
1668.15	0.263126
1670.08	0.253897
1672.01	0.252024
1673.94	0.24897
1675.86	0.245501
1677.79	0.243034
1679.72	0.239074
1681.65	0.234155
1683.58	0.225817
1685.51	0.221154
1687.44	0.222773
1689.36	0.220172
1691.29	0.216349
1693.22	0.211692
1695.15	0.206998
1697.08	0.202747
1699.01	0.202065
1700.94	0.201755
1702.86	0.202269
1704.79	0.202079
1706.72	0.206039
1708.65	0.210972
1710.58	0.216
1712.51	0.21906
1714.43	0.218196
1716.36	0.214511
1718.29	0.207116
1720.22	0.200021
1722.15	0.193776
1724.08	0.188088
1726.01	0.18549
1727.93	0.183395
1729.86	0.179941
1731.79	0.176941
1733.72	0.174491
1735.65	0.173653
1737.58	0.171894
1739.51	0.166994
1741.43	0.160762
1743.36	0.152384
1745.29	0.1451
1747.22	0.138013
1749.15	0.13342
1751.07	0.130457
1753	0.129246
1754.93	0.125981
1756.86	0.122636
1758.79	0.120098
1760.72	0.117723
1762.65	0.116285
1764.57	0.116174
1766.5	0.114825
1768.43	0.114231
1770.36	0.111879
1772.29	0.112071
1774.22	0.11508
1776.15	0.114327
1778.07	0.11092
1780	0.106944
1781.93	0.102774
1783.86	0.099161
1785.79	0.0953331
1787.72	0.0927725
1789.65	0.0889844
1791.57	0.0841836
1793.5	0.0816776
1795.43	0.0799828
1797.36	0.0766934
1799.29	0.0741975
1801.22	0.0711923
1803.15	0.0692923
1805.07	0.0669719
1807	0.06424
1808.93	0.0615445
1810.86	0.0598174
1812.79	0.057611
1814.72	0.0561019
1816.64	0.0552015
1818.57	0.0553844
1820.5	0.0550151
1822.43	0.054389
1824.36	0.0517596
1826.29	0.0503925
1828.21	0.0481763
1830.14	0.0462192
1832.07	0.0454029
1834	0.044915
1835.93	0.0430938
1837.86	0.0408629
1839.79	0.0385208
1841.71	0.036477
1843.64	0.034178
1845.57	0.0331143
1847.5	0.0316193
1849.43	0.0305778
1851.36	0.028445
1853.29	0.0263475
1855.21	0.0243418
1857.14	0.0231726
1859.07	0.0220351
1861	0.021219
1862.93	0.0205307
1864.86	0.0194007
1866.79	0.0164925
1868.71	0.0146879
1870.64	0.0151139
1872.57	0.0157684
1874.5	0.0143267
1876.43	0.0121634
1878.36	0.010579
1880.29	0.00905192
1882.21	0.00687754
1884.14	0.00550079
1886.07	0.00327182
1888	0.0013653
1889.93	0.000494599
1891.86	0.000713468
1893.78	-2.11e-005
1895.71	-0.000321984
1897.64	-0.000485063
1899.57	-0.0001477
1901.5	-0.000621438
1903.43	-0.00013876
1905.35	0.000353813
1907.28	4.79221e-005
1909.21	-0.000703216
1911.14	-0.000601768
1913.07	-0.000176549
1915	0.000901341
1916.93	0.000924945
1918.85	0.00300121
1920.78	0.0049262
1922.71	0.00511086
1924.64	0.00477123
1926.57	0.00349033
1928.5	0.00107121
1930.43	-0.000485301
1932.35	-0.00159395
1934.28	-0.00181103
1936.21	-0.00179517
1938.14	0.000173211
1940.07	0.00223553
1942	0.00395739
1943.93	0.00655913
1945.85	0.0102155
1947.78	0.0128819
1949.71	0.0147487
1951.64	0.0151894
1953.57	0.0157659
1955.5	0.0159993
1957.43	0.0155321
1959.35	0.0145121
1961.28	0.0142705
1963.21	0.0147212
1965.14	0.0145502
1967.07	0.0132482
1969	0.012319
1970.92	0.0108075
1972.85	0.0102558
1974.78	0.0098511
1976.71	0.0108759
1978.64	0.0145278
1980.57	0.0195032
1982.49	0.0229089
1984.42	0.0259221
1986.35	0.0267802
1988.28	0.0254841
1990.21	0.0223639
1992.14	0.0189135
1994.07	0.016486
1995.99	0.0144722
1997.92	0.0129585
1999.85	0.0130273
2001.78	0.0138884
2003.71	0.016068
2005.64	0.0190527
2007.57	0.0237061
2009.49	0.0278746
2011.42	0.0304327
2013.35	0.0322529
2015.28	0.0344068
2017.21	0.0362809
2019.14	0.0391995
2021.06	0.0418674
2022.99	0.0444797
2024.92	0.0468444
2026.85	0.0497477
2028.78	0.0523421
2030.71	0.0540673
2032.64	0.0551935
2034.56	0.0556986
2036.49	0.0557866
2038.42	0.0568215
2040.35	0.0565935
2042.28	0.0561852
2044.21	0.0561532
2046.14	0.057331
2048.06	0.0598925
2049.99	0.0626842
2051.92	0.0641357
2053.85	0.0654401
2055.78	0.0660058
2057.71	0.0660231
2059.64	0.0662158
2061.56	0.0670563
2063.49	0.0671966
2065.42	0.0664271
2067.35	0.0641444
2069.28	0.0615346
2071.21	0.0587502
2073.14	0.0557214
2075.06	0.0524319
2076.99	0.0509884
2078.92	0.0500997
2080.85	0.0492094
2082.78	0.0478747
2084.71	0.047992
2086.63	0.0491146
2088.56	0.05083
2090.49	0.0529367
2092.42	0.0559684
2094.35	0.058694
2096.28	0.0608748
2098.21	0.0630753
2100.13	0.0642431
2102.06	0.063534
2103.99	0.062266
2105.92	0.0611689
2107.85	0.0608231
2109.78	0.0611792
2111.7	0.0625753
2113.63	0.0641156
2115.56	0.0652449
2117.49	0.0659415
2119.42	0.0658621
2121.35	0.0651886
2123.27	0.0640204
2125.2	0.0625942
2127.13	0.0615932
2129.06	0.0607542
2130.99	0.0624672
2132.92	0.0658896
2134.85	0.0695711
2136.77	0.0722265
2138.7	0.0741333
2140.63	0.073889
2142.56	0.0715811
2144.49	0.067221
2146.42	0.0611444
2148.35	0.0546616
2150.27	0.0487783
2152.2	0.0434129
2154.13	0.0391948
2156.06	0.0352957
2157.99	0.032429
2159.92	0.0302522
2161.84	0.0291219
2163.77	0.0275085
2165.7	0.0253404
2167.63	0.0231164
2169.56	0.0216696
2171.49	0.0202582
2173.42	0.0198098
2175.34	0.0197836
2177.27	0.0206727
2179.2	0.0226339
2181.13	0.0254256
2183.06	0.027142
2184.99	0.0286341
2186.92	0.0301291
2188.84	0.0304126
2190.77	0.0288842
2192.7	0.028553
2194.63	0.028008
2196.56	0.0272254
2198.49	0.0275959
2200.42	0.0290128
2202.34	0.0288908
2204.27	0.0277232
2206.2	0.0265517
2208.13	0.0249445
2210.06	0.0218657
2211.99	0.0183961
2213.92	0.0160538
2215.84	0.0163867
2217.77	0.017233
2219.7	0.0185496
2221.63	0.0212812
2223.56	0.0246346
2225.49	0.0279348
2227.41	0.0326906
2229.34	0.0355995
2231.27	0.0359629
2233.2	0.0355915
2235.13	0.0341725
2237.06	0.0312378
2238.99	0.0287855
2240.91	0.0253284
2242.84	0.0223907
2244.77	0.0190454
2246.7	0.0160364
2248.63	0.0142576
2250.56	0.0132724
2252.49	0.0121592
2254.41	0.0114918
2256.34	0.0122514
2258.27	0.0140905
2260.2	0.0138479
2262.13	0.0125369
2264.06	0.011488
2265.98	0.0106517
2267.91	0.00944352
2269.84	0.00813091
2271.77	0.00690567
2273.7	0.00681281
2275.63	0.00795138
2277.55	0.00938642
2279.48	0.00955665
2281.41	0.00944245
2283.34	0.00985456
2285.27	0.0107582
2287.2	0.0100411
2289.13	0.00869465
2291.05	0.00694644
2292.98	0.00528586
2294.91	0.00392342
2296.84	0.0023818
2298.77	0.00177932
2300.7	0.00187147
2302.63	0.000926852
2304.55	0.00138998
2306.48	0.00291336
2308.41	0.00550127
2310.34	0.0067836
2312.27	0.00891948
2314.2	0.0117097
2316.13	0.0154545
2318.05	0.0187608
2319.98	0.0200995
2321.91	0.0208347
2323.84	0.0220715
2325.77	0.0231376
2327.7	0.0226785
2329.63	0.0212606
2331.55	0.0212895
2333.48	0.0192007
2335.41	0.0159655
2337.34	0.0126306
2339.27	0.00884557
2341.2	0.0056318
2343.12	0.00539374
2345.05	0.00898409
2346.98	0.0115372
2348.91	0.0113045
2350.84	0.00945067
2352.77	0.00636613
2354.7	0.00214541
2356.62	-0.00160301
2358.55	-0.00248575
2360.48	-0.00218105
2362.41	-0.000830531
2364.34	-0.00230861
2366.27	-0.00317609
2368.2	-0.00066793
2370.12	0.00431585
2372.05	0.00818598
2373.98	0.011037
2375.91	0.0139846
2377.84	0.0186565
2379.77	0.021975
2381.69	0.0247245
2383.62	0.0270283
2385.55	0.0293978
2387.48	0.0308291
2389.41	0.0323018
2391.34	0.0341382
2393.26	0.0375891
2395.19	0.0421135
2397.12	0.0463779
2399.05	0.0504588
2400.98	0.0539473
2402.91	0.0567428
2404.84	0.0599225
2406.76	0.0631071
2408.69	0.0668782
2410.62	0.0704449
2412.55	0.0747855
2414.48	0.0776865
2416.41	0.0790756
2418.33	0.0792332
2420.26	0.0776442
2422.19	0.0758102
2424.12	0.0741017
2426.05	0.0736859
2427.98	0.072976
2429.91	0.0711267
2431.83	0.071375
2433.76	0.0727012
2435.69	0.0744569
2437.62	0.0773025
2439.55	0.0792186
2441.48	0.0812155
2443.41	0.0841993
2445.33	0.0878328
2447.26	0.0926368
2449.19	0.0976238
2451.12	0.103318
2453.05	0.107673
2454.98	0.110513
2456.91	0.11555
2458.83	0.120958
2460.76	0.123942
2462.69	0.127567
2464.62	0.131428
2466.55	0.13426
2468.48	0.136677
2470.41	0.138008
2472.33	0.136842
2474.26	0.136691
2476.19	0.136243
2478.12	0.134055
2480.05	0.13113
2481.98	0.127489
2483.9	0.125513
2485.83	0.126096
2487.76	0.127703
2489.69	0.129342
2491.62	0.1312
2493.55	0.132949
2495.48	0.133457
2497.4	0.133523
2499.33	0.133698
2501.26	0.132647
2503.19	0.130593
2505.12	0.128688
2507.05	0.127068
2508.98	0.126091
2510.9	0.124864
2512.83	0.123662
2514.76	0.123381
2516.69	0.124674
2518.62	0.127314
2520.55	0.131196
2522.47	0.133063
2524.4	0.132654
2526.33	0.131394
2528.26	0.130635
2530.19	0.130856
2532.12	0.12915
2534.04	0.125918
2535.97	0.123344
2537.9	0.122422
2539.83	0.120743
2541.76	0.118874
2543.69	0.117953
2545.62	0.11593
2547.54	0.114997
2549.47	0.112945
2551.4	0.108997
2553.33	0.106697
2555.26	0.10463
2557.19	0.102197
2559.12	0.102339
2561.04	0.102795
2562.97	0.104268
2564.9	0.105936
2566.83	0.108099
2568.76	0.111259
2570.69	0.115404
2572.61	0.119685
2574.54	0.125183
2576.47	0.129272
2578.4	0.132746
2580.33	0.135775
2582.26	0.138654
2584.19	0.140985
2586.11	0.143831
2588.04	0.147525
2589.97	0.14994
2591.9	0.150929
2593.83	0.151864
2595.76	0.153138
2597.69	0.158679
2599.61	0.165953
2601.54	0.172889
2603.47	0.179312
2605.4	0.185924
2607.33	0.192124
2609.26	0.198147
2611.19	0.201875
2613.11	0.204396
2615.04	0.207736
2616.97	0.209877
2618.9	0.211399
2620.83	0.212789
2622.76	0.2138
2624.69	0.216049
2626.61	0.219411
2628.54	0.221804
2630.47	0.224391
2632.4	0.229708
2634.33	0.232188
2636.26	0.234638
2638.18	0.236334
2640.11	0.237419
2642.04	0.23546
2643.97	0.231929
2645.9	0.229686
2647.83	0.225909
2649.75	0.221236
2651.68	0.217809
2653.61	0.21524
2655.54	0.214748
2657.47	0.215363
2659.4	0.21646
2661.33	0.216655
2663.25	0.220317
2665.18	0.224852
2667.11	0.227418
2669.04	0.231038
2670.97	0.235133
2672.9	0.23983
2674.83	0.243543
2676.75	0.246364
2678.68	0.250321
2680.61	0.25539
2682.54	0.26005
2684.47	0.263697
2686.4	0.269701
2688.32	0.274608
2690.25	0.278121
2692.18	0.281716
2694.11	0.284692
2696.04	0.286589
2697.97	0.287527
2699.9	0.28725
2701.82	0.286897
2703.75	0.284745
2705.68	0.282832
2707.61	0.281736
2709.54	0.28124
2711.47	0.282236
2713.4	0.283959
2715.32	0.28735
2717.25	0.284956
2719.18	0.28257
2721.11	0.284894
2723.04	0.286906
2724.97	0.286786
2726.9	0.286815
2728.82	0.290019
2730.75	0.291191
2732.68	0.292309
2734.61	0.294526
2736.54	0.295584
2738.47	0.297013
2740.4	0.299067
2742.32	0.297897
2744.25	0.297859
2746.18	0.299814
2748.11	0.300104
2750.04	0.301847
2751.97	0.306401
2753.89	0.308861
2755.82	0.312651
2757.75	0.315987
2759.68	0.318099
2761.61	0.320763
2763.54	0.320804
2765.47	0.322912
2767.39	0.324871
2769.32	0.326191
2771.25	0.326557
2773.18	0.322544
2775.11	0.318913
2777.04	0.315049
2778.97	0.312256
2780.89	0.316
2782.82	0.318898
2784.75	0.319166
2786.68	0.321369
2788.61	0.324071
2790.53	0.3278
2792.46	0.331963
2794.39	0.337155
2796.32	0.343114
2798.25	0.350886
2800.18	0.359848
2802.11	0.360451
2804.03	0.357852
2805.96	0.3606
2807.89	0.363398
2809.82	0.367638
2811.75	0.371049
2813.68	0.37097
2815.61	0.376325
2817.53	0.37887
2819.46	0.379597
2821.39	0.381581
2823.32	0.383733
2825.25	0.390815
2827.18	0.39974
2829.1	0.403034
2831.03	0.404357
2832.96	0.407037
2834.89	0.408263
2836.82	0.414458
2838.75	0.42525
2840.68	0.434071
2842.6	0.440532
2844.53	0.445203
2846.46	0.453577
2848.39	0.464218
2850.32	0.476456
2852.25	0.495038
2854.18	0.515174
2856.1	0.530755
2858.03	0.538885
2859.96	0.543525
2861.89	0.550147
2863.82	0.552163
2865.75	0.551751
2867.68	0.556165
2869.6	0.555274
2871.53	0.553417
2873.46	0.552877
2875.39	0.554372
2877.32	0.56769
2879.25	0.588478
2881.18	0.616093
2883.1	0.643463
2885.03	0.654337
2886.96	0.652478
2888.89	0.645855
2890.82	0.652944
2892.75	0.674568
2894.67	0.709663
2896.6	0.756402
2898.53	0.781113
2900.46	0.753403
2902.39	0.704498
2904.32	0.670028
2906.25	0.649679
2908.17	0.635185
2910.1	0.624964
2912.03	0.623594
2913.96	0.629375
2915.89	0.631679
2917.82	0.622852
2919.75	0.613139
2921.67	0.598841
2923.6	0.587912
2925.53	0.590917
2927.46	0.589754
2929.39	0.582974
2931.32	0.568568
2933.24	0.541961
2935.17	0.506479
2937.1	0.471222
2939.03	0.438776
2940.96	0.415661
2942.89	0.400205
2944.81	0.385535
2946.74	0.373522
2948.67	0.367443
2950.6	0.361554
2952.53	0.358565
2954.46	0.357144
2956.39	0.356544
2958.31	0.361786
2960.24	0.366942
2962.17	0.373802
2964.1	0.382905
2966.03	0.402007
2967.96	0.434009
2969.89	0.469001
2971.81	0.480746
2973.74	0.460507
2975.67	0.432194
2977.6	0.418287
2979.53	0.425367
2981.46	0.454632
2983.39	0.473644
2985.31	0.443286
2987.24	0.396892
2989.17	0.356498
2991.1	0.327301
2993.03	0.310894
2994.96	0.300286
2996.89	0.291691
2998.81	0.284392
3000.74	0.279997
3002.67	0.278699
3004.6	0.277416
3006.53	0.276555
3008.46	0.275471
3010.38	0.274974
3012.31	0.276913
3014.24	0.278872
3016.17	0.276648
3018.1	0.277133
3020.03	0.279715
3021.96	0.280017
3023.88	0.280797
3025.81	0.281702
3027.74	0.286085
3029.67	0.290085
3031.6	0.29015
3033.53	0.290402
3035.46	0.291797
3037.38	0.293201
3039.31	0.292599
3041.24	0.295881
3043.17	0.300705
3045.1	0.30155
3047.03	0.30069
3048.95	0.305532
3050.88	0.3101
3052.81	0.311985
3054.74	0.316559
3056.67	0.322453
3058.6	0.325905
3060.52	0.328431
3062.45	0.330267
3064.38	0.332365
3066.31	0.33406
3068.24	0.338396
3070.17	0.345416
3072.1	0.350091
3074.02	0.350124
3075.95	0.355281
3077.88	0.36229
3079.81	0.366746
3081.74	0.370201
3083.67	0.375676
3085.59	0.382813
3087.52	0.389693
3089.45	0.392804
3091.38	0.395512
3093.31	0.399095
3095.24	0.403988
3097.17	0.408152
3099.09	0.414789
3101.02	0.424731
3102.95	0.430048
3104.88	0.434962
3106.81	0.441383
3108.74	0.449572
3110.67	0.456376
3112.59	0.463526
3114.52	0.470601
3116.45	0.474391
3118.38	0.47637
3120.31	0.48003
3122.24	0.487997
3124.17	0.499834
3126.09	0.504756
3128.02	0.506703
3129.95	0.516683
3131.88	0.527197
3133.81	0.531643
3135.74	0.539045
3137.67	0.545271
3139.59	0.548644
3141.52	0.552925
3143.45	0.562313
3145.38	0.575996
3147.31	0.574844
3149.24	0.574481
3151.17	0.586465
3153.09	0.597812
3155.02	0.608688
3156.95	0.618456
3158.88	0.622649
3160.81	0.631852
3162.74	0.641031
3164.66	0.643507
3166.59	0.650534
3168.52	0.660646
3170.45	0.66636
3172.38	0.66918
3174.31	0.681965
3176.24	0.694382
3178.16	0.700476
3180.09	0.714727
3182.02	0.726035
3183.95	0.731348
3185.88	0.733294
3187.81	0.734036
3189.73	0.737776
3191.66	0.744386
3193.59	0.747921
3195.52	0.755243
3197.45	0.768231
3199.38	0.774496
3201.3	0.776302
3203.23	0.776356
3205.16	0.770498
3207.09	0.772028
3209.02	0.777612
3210.95	0.773349
3212.88	0.768963
3214.8	0.768457
3216.73	0.768237
3218.66	0.779754
3220.59	0.783937
3222.52	0.77179
3224.45	0.773067
3226.38	0.77968
3228.3	0.776977
3230.23	0.787107
3232.16	0.794471
3234.09	0.793292
3236.02	0.793936
3237.95	0.796777
3239.88	0.797592
3241.8	0.79618
3243.73	0.802774
3245.66	0.808595
3247.59	0.80559
3249.52	0.811048
3251.45	0.819181
3253.38	0.820068
3255.3	0.819671
3257.23	0.822904
3259.16	0.829451
3261.09	0.840206
3263.02	0.840965
3264.95	0.844514
3266.87	0.868889
3268.8	0.869989
3270.73	0.858351
3272.66	0.862602
3274.59	0.871131
3276.52	0.87097
3278.45	0.885959
3280.37	0.915549
3282.3	0.925412
3284.23	0.928593
3286.16	0.926946
3288.09	0.928659
3290.02	0.937765
3291.95	0.938603
3293.87	0.94799
3295.8	0.956501
3297.73	0.957283
3299.66	0.939763
3301.59	0.935988
3303.52	0.963981
3305.44	0.970975
3307.37	0.961639
3309.3	0.963403
3311.23	0.970334
3313.16	0.979957
3315.09	0.979798
3317.01	0.97245
3318.94	0.970132
3320.87	0.977174
3322.8	0.979383
3324.73	0.982395
3326.66	0.985674
3328.59	0.997437
3330.51	1.00164
3332.44	1.0109
3334.37	1.01429
3336.3	1.02619
3338.23	1.03474
3340.16	1.02531
3342.09	1.0266
3344.01	1.03492
3345.94	1.04319
3347.87	1.05111
3349.8	1.0599
3351.73	1.06038
3353.66	1.05593
3355.58	1.05028
3357.51	1.04567
3359.44	1.05485
3361.37	1.0592
3363.3	1.07825
3365.23	1.11574
3367.16	1.13022
3369.08	1.12232
3371.01	1.11543
3372.94	1.11622
3374.87	1.11787
3376.8	1.12162
3378.73	1.11084
3380.66	1.12231
3382.58	1.14704
3384.51	1.16496
3386.44	1.16512
3388.37	1.13931
3390.3	1.11234
3392.23	1.12589
3394.16	1.14717
3396.08	1.1582
3398.01	1.15628
3399.94	1.1519
3401.87	1.14899
3403.8	1.14304
3405.73	1.13883
3407.66	1.14477
3409.58	1.17418
3411.51	1.16764
3413.44	1.14467
3415.37	1.14729
3417.3	1.17867
3419.23	1.1972
3421.15	1.18811
3423.08	1.19815
3425.01	1.18664
3426.94	1.1758
3428.87	1.2109
3430.8	1.25719
3432.73	1.25391
3434.65	1.24885
3436.58	1.25972
3438.51	1.26554
3440.44	1.24505
3442.37	1.22785
3444.3	1.21796
3446.23	1.21509
3448.15	1.20889
3450.08	1.20713
3452.01	1.19653
3453.94	1.17902
3455.87	1.17645
3457.79	1.1748
3459.72	1.15482
3461.65	1.12571
3463.58	1.11237
3465.51	1.11109
3467.44	1.09924
3469.37	1.08118
3471.29	1.07107
3473.22	1.06554
3475.15	1.0538
3477.08	1.02666
3479.01	0.994703
3480.94	0.973085
3482.87	0.961591
3484.79	0.944207
3486.72	0.926749
3488.65	0.905805
3490.58	0.880673
3492.51	0.860986
3494.44	0.841326
3496.36	0.818503
3498.29	0.794192
3500.22	0.785083
3502.15	0.765219
3504.08	0.749252
3506.01	0.740807
3507.94	0.722924
3509.86	0.705495
3511.79	0.691842
3513.72	0.671382
3515.65	0.654067
3517.58	0.638866
3519.51	0.626962
3521.44	0.610168
3523.36	0.594797
3525.29	0.58248
3527.22	0.571512
3529.15	0.560681
3531.08	0.546745
3533.01	0.527278
3534.94	0.518477
3536.86	0.514374
3538.79	0.503343
3540.72	0.488043
3542.65	0.472153
3544.58	0.461823
3546.51	0.452681
3548.44	0.43827
3550.36	0.427389
3552.29	0.417516
3554.22	0.41005
3556.15	0.403197
3558.08	0.395294
3560.01	0.385614
3561.93	0.375252
3563.86	0.362623
3565.79	0.353408
3567.72	0.348615
3569.65	0.341244
3571.58	0.333073
3573.5	0.326283
3575.43	0.318544
3577.36	0.312045
3579.29	0.308435
3581.22	0.302497
3583.15	0.292969
3585.08	0.286237
3587	0.279063
3588.93	0.274145
3590.86	0.271492
3592.79	0.268052
3594.72	0.260629
3596.65	0.251283
3598.58	0.242669
3600.5	0.238752
3602.43	0.233997
3604.36	0.229836
3606.29	0.223927
3608.22	0.217308
3610.15	0.21246
3612.07	0.204875
3614	0.198643
3615.93	0.193306
3617.86	0.189746
3619.79	0.187769
3621.72	0.185119
3623.65	0.178212
3625.57	0.169682
3627.5	0.160613
3629.43	0.151073
3631.36	0.153403
3633.29	0.151091
3635.22	0.146061
3637.15	0.141395
3639.07	0.135716
3641	0.128838
3642.93	0.124696
3644.86	0.12255
3646.79	0.117409
3648.72	0.104857
3650.65	0.0981414
3652.57	0.0964029
3654.5	0.0940399
3656.43	0.0872805
3658.36	0.0814788
3660.29	0.0789478
3662.22	0.0777003
3664.15	0.0729784
3666.07	0.0669231
3668	0.0598865
3669.93	0.0555966
3671.86	0.0514052
3673.79	0.0464166
3675.72	0.0394706
3677.64	0.0388901
3679.57	0.0384673
3681.5	0.0376302
3683.43	0.0341078
3685.36	0.03124
3687.29	0.027427
3689.22	0.0234085
3691.14	0.0212147
3693.07	0.0202187
3695	0.0189823
3696.93	0.0166026
3698.86	0.0143245
3700.79	0.0144023
3702.72	0.0135237
3704.64	0.0125639
3706.57	0.00984371
3708.5	0.00810611
3710.43	0.00464737
3712.36	0.00393927
3714.29	0.00422204
3716.21	0.00620353
3718.14	0.00679958
3720.07	0.00723231
3722	0.00380599
3723.93	0.00278437
3725.86	0.0038904
3727.78	0.00580823
3729.71	0.0057019
3731.64	0.00547624
3733.57	0.00476933
3735.5	0.00318313
3737.43	0.0030632
3739.36	0.00464916
3741.28	0.00326633
3743.21	-0.000163794
3745.14	-0.00185883
3747.07	-0.0011003
3749	-0.00491405
3750.93	-0.00378394
3752.85	0.000132442
3754.78	0.000397563
3756.71	-0.000697851
3758.64	-0.00109339
3760.57	-0.00141919
3762.5	-0.0011574
3764.43	-0.0023886
3766.35	-0.00100112
3768.28	-0.00104213
3770.21	0.0012306
3772.14	0.003263
3774.07	0.00461376
3776	0.00502157
3777.93	0.00363016
3779.85	0.00408804
3781.78	0.00623691
3783.71	0.00520861
3785.64	0.00547314
3787.57	0.00747013
3789.5	0.00800598
3791.43	0.00845563
3793.35	0.00844014
3795.28	0.00588799
3797.21	0.00586581
3799.14	0.0059135
3801.07	0.00653124
3803	0.00944734
3804.93	0.0100011
3806.85	0.0101129
3808.78	0.0129865
3810.71	0.0139815
3812.64	0.0138817
3814.57	0.0125795
3816.5	0.0147455
3818.43	0.0145398
3820.35	0.013634
3822.28	0.0149626
3824.21	0.0178581
3826.14	0.0219147
3828.07	0.0238262
3830	0.0232027
3831.92	0.0249822
3833.85	0.025004
3835.78	0.0269538
3837.71	0.030194
3839.64	0.0348272
3841.57	0.0395113
3843.5	0.0459858
3845.42	0.0502139
3847.35	0.053771
3849.28	0.0555736
3851.21	0.0566532
3853.14	0.0612423
3855.07	0.0710233
3856.99	0.0720874
3858.92	0.0737228
3860.85	0.0731909
3862.78	0.0713611
3864.71	0.071327
3866.64	0.0758094
3868.56	0.0767645
3870.49	0.0803767
3872.42	0.0845351
3874.35	0.0882255
3876.28	0.0899717
3878.21	0.0912752
3880.14	0.0927436
3882.06	0.0936701
3883.99	0.0923865
3885.92	0.0941614
3887.85	0.0981989
3889.78	0.0996807
3891.71	0.101253
3893.64	0.105048
3895.56	0.106827
3897.49	0.109017
3899.42	0.112068
3901.35	0.114357
3903.28	0.116486
3905.21	0.121789
3907.14	0.126604
3909.06	0.132355
3910.99	0.136205
3912.92	0.136913
3914.85	0.136171
3916.78	0.137688
3918.71	0.138964
3920.64	0.141852
3922.56	0.143445
3924.49	0.145463
3926.42	0.148338
3928.35	0.150176
3930.28	0.151903
3932.21	0.155258
3934.13	0.159954
3936.06	0.163935
3937.99	0.16717
3939.92	0.170157
3941.85	0.171954
3943.78	0.175803
3945.71	0.178304
3947.63	0.180908
3949.56	0.183422
3951.49	0.186745
3953.42	0.190544
3955.35	0.193772
3957.28	0.196149
3959.21	0.200887
3961.13	0.204623
3963.06	0.20861
3964.99	0.212941
3966.92	0.216232
3968.85	0.219496
3970.78	0.221579
3972.7	0.223596
3974.63	0.226065
3976.56	0.225815
3978.49	0.227864
3980.42	0.228644
3982.35	0.229164
3984.27	0.231101
3986.2	0.232662
3988.13	0.233655
3990.06	0.234406
3991.99	0.235709
3993.92	0.237355
3995.85	0.237126
3997.77	0.236343
3999.7	0.235666
