MAEFILE: Benzene_raman.01.mae
&gen 
basis=6-31g** 
rsinglet=0 
dftname=b3lyp 
ifreq=1 
iraman=1 
&
&zmat
 C1              0.4985953333             0.6588376667            1.7592030000
 C2             -0.2037046667             1.8752376667            1.7592030000
 C3             -1.6082046667             1.8752376667            1.7592030000
 C4             -2.3104046667             0.6588376667            1.7592030000
 C5             -1.6082046667            -0.5575623333            1.7592030000
 C6             -0.2036046667            -0.5575623333            1.7592030000
 H7              1.6019953333             0.6588376667            1.7592030000
 H8              0.3480953333             2.8308376667            1.7592030000
 H9             -2.1599046667             2.8308376667            1.7592030000
 H10            -3.4138046667             0.6588376667            1.7592030000
 H11            -2.1599046667            -1.5130623333            1.7592030000
 H12             0.3480953333            -1.5131623333            1.7592030000
&
&guess  basgss=6-31g** numd=6
    1 Orbital Energy   -10.226474 Occupation  1.000000
 -0.020295493129512 -0.000641759053757 -0.000149558621664 -0.000204399971181
  0.000000175864572 -0.002952080208737  0.001218122331056  0.001098068417953
 -0.000002824617355  0.000359321692736  0.000450554490710  0.000327036623001
  0.000035257951441 -0.000000474260482 -0.000001207136744 -0.000252611069270
  0.000089111039302  0.000004100865328 -0.000057961761678  0.000000423192746
  0.000198650593733 -0.000078456198451 -0.000030531625860 -0.000000057335458
 -0.000008743713453 -0.000033105284040  0.000053484751565  0.000018978982477
  0.000000277407626 -0.000000033392992 -0.000199742973444  0.000096269580819
 -0.000003481007422 -0.000057708857515  0.000000420461986  0.000102679577110
  0.000047599689797  0.000016641273330 -0.000000023362461 -0.000009574162352
 -0.000032778894102  0.000054739971567 -0.000019215889030 -0.000000290408007
 -0.000000064239232 -0.019859840909241 -0.000628805157397  0.000147595699998
 -0.000201910173780  0.000000304542827 -0.002802392146207 -0.001138049952520
  0.001077986871510 -0.000002812718081  0.000351043748002  0.000441711474404
  0.000320442754686 -0.000033932681945  0.000000479398675 -0.000001389442067
 -0.695133711527312 -0.034193651226264  0.000205511379715  0.000052991464399
 -0.000031858017528  0.007060901573315 -0.000678033714325  0.000895269690543
  0.000011604806468  0.006684021375857  0.006518412332352  0.006758351287965
 -0.000044977008575  0.000001484282020  0.000000544806742 -0.708003586228055
 -0.034842177043437 -0.000200552866499  0.000053204810383 -0.000032470292931
  0.007409676782343  0.000604813299385  0.000982981602983  0.000012022760210
  0.006795390544723  0.006632362029623  0.006877869596239  0.000045641220586
 -0.000001445294644  0.000000582685883  0.000011073288948 -0.000334383183679
  0.000053318662715  0.000002857513243  0.000000293063341  0.000002355634345
 -0.000088101726694 -0.000006129472063  0.000015380187586  0.000000006945273
  0.000000752871813 -0.000099641651053  0.000006089954589  0.000015092178110
  0.000000006044139  0.000012735525231 -0.000317143794181 -0.000052527434923
  0.000003262917421  0.000000375158190  0.000368483227458 -0.001148609988893
  0.000091334217164  0.000138936252643  0.000000670355715  0.000377562666184
 -0.001148048194406 -0.000093701613530  0.000143514690145  0.000000604404177
    2 Orbital Energy   -10.225962 Occupation  1.000000
 -0.020803003136472 -0.000520494923574 -0.000113796299265 -0.000149690659196
 -0.000000173900216 -0.008493818851247  0.004443110977139  0.001020738152223
 -0.000004980416093  0.000423329206218  0.000517046956292  0.000368173067751
  0.000083127539064 -0.000000583309468 -0.000000723246284 -0.000580115261279
 -0.000278693768612  0.000033058310452 -0.000006871200224 -0.000000125318625
  0.005365710626494 -0.001648620474979 -0.002748216154732  0.000002108462619
  0.000002787046230 -0.000043578456433 -0.000084052560809  0.000000014048701
  0.000000223626070 -0.000000143388131  0.000537777260897  0.000274523292049
  0.000033059211495  0.000008023484649  0.000000129877201 -0.005366793088236
 -0.001649725630719  0.002747614627158 -0.000002082958093 -0.000002290817774
  0.000044472348386  0.000083233072486  0.000000324605874  0.000000212369809
  0.000000134064828  0.021243084422128  0.000536491898550 -0.000116563760671
  0.000153115510093  0.000000286397588  0.008540977679425  0.004463887658335
 -0.001039756335589  0.000004968186290 -0.000430292414389 -0.000524814895495
 -0.000374165139022  0.000083621394731 -0.000000567697645  0.000000577054499
  0.708295405511248  0.035712693377924  0.000259576638583 -0.000002657789897
  0.000034366484208 -0.019300716412812 -0.004061521868196 -0.004792620060774
 -0.000020630729669 -0.006138112977678 -0.006272884507165 -0.006580721092920
  0.000011022530311  0.000000764255853 -0.000000718637973 -0.695431522448434
 -0.035079562523503  0.000263238370872  0.000001323123864 -0.000033793437373
  0.019170710698070 -0.004072362338748  0.004776172790303  0.000020406647676
  0.006014335592750  0.006152176614344  0.006455453840652  0.000009788903322
  0.000000768283503  0.000000689893550 -0.000077881884625 -0.000912463218676
  0.000031924493527 -0.000022967237403  0.000000469656635  0.000090735997393
  0.000682439739748 -0.000005374627743  0.000017546633778 -0.000000175209252
 -0.000090745849456 -0.000680649493903 -0.000005453535275 -0.000017854840500
  0.000000172311229  0.000077725991760  0.000918991948275  0.000032783695606
  0.000022889168539 -0.000000561409235 -0.000458801813659 -0.000015524544564
 -0.000124472878199 -0.000237548165399  0.000000299074894  0.000451071121799
  0.000036743857178 -0.000122830638491  0.000234834933173 -0.000000252368547
    3 Orbital Energy   -10.217509 Occupation  1.000000
  0.904368568307667  0.045187963197467 -0.000153071417260 -0.000097939424482
  0.000041533123928 -0.018912796174433  0.005545728067928  0.000131103667921
 -0.000020794175037 -0.008224290675384 -0.008259760158989 -0.008546142120337
  0.000018278779800  0.000000982603681 -0.000000028536264  0.026547614537240
  0.000701488071284 -0.000136811868256  0.000259867745989  0.000000139645888
  0.009233294019875 -0.001203166528460 -0.004791174449175  0.000005403446065
 -0.000560392850914 -0.000606889087681 -0.000463703267142  0.000092512266869
 -0.000000810436643  0.000001239689175 -0.011241230997737 -0.000200012197023
 -0.000102259173806 -0.000116919607563 -0.000000185707335 -0.007136150426624
 -0.001377163796823  0.003678777938715 -0.000003472755306  0.000285344533011
  0.000275646555864  0.000222257376507  0.000028077276726 -0.000000564758451
 -0.000000728470235 -0.407705530800339 -0.020557799201496 -0.000100676610898
  0.000044454613182 -0.000018979031327  0.011304092501265  0.004196043708311
 -0.000056792570280  0.000010479246233  0.003693613041434  0.003730789796905
  0.003778092678453  0.000010483023754  0.000000500935103 -0.000000007701004
  0.012772280498622  0.000995512605930 -0.000090528220207  0.000125547649737
  0.000000965256335 -0.007687217861225 -0.001459675003257 -0.003723241906200
 -0.000004218732134  0.000099955622228  0.000082979794928 -0.000004595676337
 -0.000040653422140 -0.000000506215777  0.000000712155937 -0.027234957610197
 -0.001959164588913 -0.000139722480178 -0.000284266906471 -0.000002348449340
  0.010118994510197 -0.001244290336463  0.004875989368121  0.000006622579378
 -0.000095321347213 -0.000150245030556  0.000048387934268 -0.000114787792852
 -0.000000824009822 -0.000001208818149 -0.000540915901969  0.000384058030915
  0.000250393349973 -0.000002249765176 -0.000000123989368  0.000078465039019
  0.001008947892228 -0.000029587905556 -0.000039769270372 -0.000000485894034
 -0.000083674397602 -0.000769116303690  0.000005103460284  0.000014604373994
  0.000000298360698  0.000292484746440  0.000241180434246  0.000111719609756
  0.000001631282551 -0.000000037873111 -0.000089661726386 -0.000730723228523
 -0.000000742710651 -0.000023949352325  0.000000319974008  0.000096103024050
  0.000922854778015 -0.000038559533004  0.000054918070909 -0.000000473626485
    4 Orbital Energy   -10.217502 Occupation  1.000000
 -0.407599737003539 -0.020084935416379  0.000021169421837  0.000043581280500
 -0.000018325785447  0.004323622309988  0.000066027305285 -0.000062168662850
  0.000007692720366  0.003727997223215  0.003712336066269  0.003964808218263
 -0.000004950863590 -0.000000356499060  0.000000036874359 -0.013080788620295
 -0.000492028177269 -0.000001079649344 -0.000117325202981  0.000000129856751
  0.000334243736786 -0.000719080453397 -0.000136255678587 -0.000000854078370
  0.000204276529266  0.000270354490655  0.000188532154249 -0.000062759287179
  0.000000067606473 -0.000000306111998 -0.027376157619803 -0.000832119454390
 -0.000090726432291 -0.000260383139065  0.000000017332353 -0.005872701428775
 -0.000262050290297  0.003075147302339 -0.000004276780331  0.000522823186011
  0.000604328281750  0.000448611758211  0.000108190953780 -0.000000586470215
 -0.000001047502882 -0.904320423317532 -0.044975398376309 -0.000117268081505
  0.000097583938422 -0.000041249578932  0.015773305831127  0.003628421298561
 -0.000134410464063  0.000019586539722  0.008239911335880  0.008251202461386
  0.008630228250130  0.000015648585214  0.000000918836070  0.000000051663025
  0.026639690220835  0.001829188861159 -0.000108602092174  0.000287272177177
  0.000002484440540 -0.006586956694244 -0.000228515120084 -0.003152526111558
 -0.000005280930467  0.000032361786491  0.000133433180866 -0.000067378708905
 -0.000127068132188 -0.000000665899570  0.000001035028376  0.011418425080204
  0.000705444396431  0.000023848316712  0.000132401172908  0.000001206369439
  0.000170437631032 -0.000799100485739  0.000107825723668 -0.000001111331815
 -0.000044344473971  0.000045825760808 -0.000047162983384  0.000067569876539
  0.000000167168860  0.000000292782274  0.000170235181450 -0.000800311833550
 -0.000114558421546  0.000000103372188  0.000000198403423  0.000037867162554
  0.000020173916797  0.000040898969935  0.000022890929967  0.000000087494367
 -0.000023568263950 -0.000654681452067 -0.000049941629990  0.000043521856179
  0.000000396089385  0.000485860329526 -0.000852792521419  0.000251615459625
  0.000001575399770  0.000000227775898 -0.000043334879603 -0.000568257826692
 -0.000057023228956 -0.000056463844120  0.000000368504991  0.000026539823611
  0.000058392500449  0.000042583410538 -0.000026364973522  0.000000058099323
    5 Orbital Energy   -10.209185 Occupation  1.000000
  0.022051252734345  0.001448050430590 -0.000168968466605  0.000223667372181
  0.000001954850194 -0.003635787582551  0.001368001299834 -0.001037957143396
 -0.000003476662539 -0.000012857658725  0.000102068742008 -0.000074418517115
 -0.000058913661809 -0.000000379621672  0.000001061232809 -0.706355715656436
 -0.034796780260275 -0.000152033665934  0.000180761901499 -0.000030420184200
  0.007495676588157  0.000541293377553 -0.001202542073668  0.000011307738695
  0.006780210279775  0.006614090370179  0.006858885465644 -0.000003736304512
 -0.000001362184321 -0.000000627749622 -0.696729930182577 -0.034310370877644
  0.000156114458807  0.000177137867972 -0.000029956721107  0.007208033762924
 -0.000603690646719 -0.001120626430721  0.000010908425759  0.006697955946781
  0.006529742611750  0.006770096259036  0.000004427844609  0.000001377335760
 -0.000000609591083  0.021776503911655  0.001425920586384  0.000166719900968
  0.000220526254049  0.000001885162575 -0.003486994386570 -0.001292562677003
 -0.001023074459106 -0.000003356001343 -0.000013995652589  0.000098057277495
 -0.000074613409533  0.000057230176166  0.000000341929947  0.000001148355179
 -0.000399148395028  0.000074878884515  0.000005158110509  0.000052445138250
  0.000000577647978  0.000339594734535 -0.000006619674110  0.000057431696552
 -0.000000019839511 -0.000017737914809 -0.000044626610134  0.000056176347094
  0.000026626061685 -0.000000134785674  0.000000367875868 -0.000352915386443
  0.000072266340045 -0.000004813745936  0.000051862478352  0.000000257958085
  0.000439207895329 -0.000023793486313  0.000107864676201  0.000000183411246
 -0.000018784884460 -0.000047078207752  0.000053449864541 -0.000026644149598
  0.000000253430434 -0.000000027089279 -0.000013968060229 -0.000291781243707
  0.000066568712381 -0.000003118445255  0.000000244470446  0.000335071829138
 -0.001032378277707 -0.000072905902725 -0.000102652645612  0.000000338443307
  0.000328605419846 -0.001037782637466  0.000071524151424 -0.000099707241695
  0.000000556408487 -0.000012292600997 -0.000277552919439 -0.000065990024896
 -0.000003499590040  0.000000337243858 -0.000005142375315 -0.000105847293903
  0.000008391925175 -0.000014311941231  0.000000078014179 -0.000003425249012
 -0.000093053187738 -0.000008542748995 -0.000014382145964 -0.000000009909239
    6 Orbital Energy   -10.208671 Occupation  1.000000
  0.020433544415949  0.001536894633564 -0.000128873796499  0.000160414627944
  0.000001627928531 -0.009718731869591  0.004862926761858 -0.001037521388289
 -0.000005499089514  0.000063039588756  0.000171705019147 -0.000016413594530
 -0.000103981169460 -0.000000478542141  0.000000670817788 -0.697105741997183
 -0.035220872202062  0.000312122659049  0.000238214701167 -0.000031614912727
  0.019973715171362 -0.004277677378157 -0.005443796838010  0.000019065838121
  0.006000292314672  0.006163659102179  0.006457695105794  0.000023243429606
  0.000000583213631 -0.000000685060970  0.706726278874083  0.035694837340558
  0.000309755631597 -0.000241083338430  0.000032047349757 -0.020074355404503
 -0.004270722691147  0.005460072275303 -0.000019281407404 -0.006092472188535
 -0.006252942458041 -0.006551144778440  0.000023597855765  0.000000571809289
  0.000000704524292 -0.020723095591004 -0.001556753429907 -0.000131486623482
 -0.000164472351031 -0.000001659676495  0.009769701999750  0.004880536755789
  0.001051235967606  0.000005613289496 -0.000062690268443 -0.000174394477996
  0.000017302118849 -0.000105384087794 -0.000000421379555 -0.000000731706826
  0.000193472267959  0.000286757572875  0.000027481148380  0.000002172474932
 -0.000000062811668 -0.005982799920136 -0.001726704179968 -0.003056808221370
 -0.000002173626632  0.000020002617761  0.000065395550073  0.000095385261187
 -0.000004468624604  0.000000087277033 -0.000000401860822 -0.000147505938899
 -0.000285677304223  0.000027777729787 -0.000003080568357 -0.000000202307679
  0.005977218834076 -0.001727117034886  0.003055485808249  0.000002267816110
 -0.000020211385336 -0.000065980182768 -0.000097032844431 -0.000003947761367
  0.000000140173232  0.000000089240893 -0.000106032202097 -0.000923984824666
  0.000043941268879  0.000025334461526  0.000000410245063  0.000431837779866
  0.000247603701391 -0.000100807551615 -0.000195544032898 -0.000000162120198
 -0.000436850605689 -0.000233714279165 -0.000101698112237  0.000197153037454
  0.000000363028267  0.000105841823667  0.000927036280272  0.000044592245395
 -0.000025301843981 -0.000000514401831 -0.000095603843774 -0.000737598767467
 -0.000006668722064  0.000016400279320  0.000000117930101  0.000095886165052
  0.000738741444918 -0.000006654408004 -0.000016092058795 -0.000000181031323
    7 Orbital Energy    -0.869102 Occupation  1.000000
  0.093345538730983 -0.179340585618607  0.062018778064840  0.007289943394139
 -0.001500572138351 -0.112563067374326  0.008839984424931  0.002654405668930
 -0.002070279172956 -0.000159571771779 -0.003162268384115  0.010610927200032
 -0.000707714872366  0.000082855391277  0.000010026287356  0.085686875044152
 -0.164606956373377  0.027766170119188  0.054760088458992 -0.001375733899842
 -0.101856078769233  0.003840016226640  0.008934004122154 -0.001815727238344
 -0.002107241881205 -0.001353906870357  0.009818547852417  0.001431136976037
  0.000042617287279  0.000083148161919  0.085693875577906 -0.164617016243687
 -0.027758854890550  0.054766837836035 -0.001375903450834 -0.101877219934168
 -0.003836844875155  0.008943129813133 -0.001815835336803 -0.002105077647787
 -0.001355304238268  0.009818555245146 -0.001432038738623 -0.000042592590113
  0.000083168551542  0.093357062403750 -0.179362936019628 -0.062022292405476
  0.007282923896766 -0.001500838165316 -0.112561634071523 -0.008833380117363
  0.002661221254193 -0.002070643325030 -0.000158371551669 -0.003162837391872
  0.010611421055330  0.000707708544204 -0.000082839510354  0.000010136105379
  0.101670857865262 -0.195456377536849 -0.034538690107500 -0.051915363361184
 -0.001633743932683 -0.123446664029584 -0.005109466638714 -0.005772911134965
 -0.002382802206378 -0.002679138735539 -0.000419891305346  0.011456103901638
  0.001525216220423 -0.000040029335300 -0.000058614052614  0.101665207963329
 -0.195447356424825  0.034544059644711 -0.051914196714972 -0.001633292922307
 -0.123431612809771  0.005102335224634 -0.005768205154105 -0.002382901967469
 -0.002678768102823 -0.000419916822189  0.011455416726919 -0.001524572750838
  0.000039990176007 -0.000058412382479 -0.035601606050241 -0.007027990346951
  0.004304707735420  0.000117596687910 -0.000080195746275 -0.030467482473531
 -0.004731279682575  0.001881646679338  0.003356466275150 -0.000063534957034
 -0.030472592136377 -0.004732667656097 -0.001881882782926  0.003356944121880
 -0.000063677762205 -0.035607637032504 -0.007027791042759 -0.004305934106840
  0.000117284253950 -0.000080357702127 -0.041635531593168 -0.010264366334932
 -0.002472243475557 -0.004141437458400 -0.000099686749857 -0.041626122082870
 -0.010260627962592  0.002471613058759 -0.004140807579176 -0.000099576926793
    8 Orbital Energy    -0.763173 Occupation  1.000000
 -0.130296925523906  0.257906050096779 -0.026129976978408 -0.009706178612140
  0.002186507891248  0.193312510589034  0.003879135772734 -0.005395045687533
  0.004053256116609 -0.004154180534400  0.002659649602835 -0.012905653458886
  0.000547957995460  0.000052361780882 -0.000013701731537 -0.059632976675314
  0.117787221269224  0.074695386253869 -0.060989910372768  0.001009336238319
  0.090786011009260  0.010557606437003 -0.007394343804070  0.001669130928877
 -0.006396479601309  0.006131480443597 -0.005997649799597 -0.006570827888642
  0.000132735377705 -0.000057051891588  0.062553885072689 -0.123565313975244
  0.073183234961178  0.061108657307563 -0.001058297119630 -0.095085486232650
  0.010442209819331  0.007364142824807 -0.001754868738917  0.006270792904285
 -0.005987886283624  0.006289409723262 -0.006579671937751  0.000131209173233
  0.000055891686565  0.130576847611157 -0.258465706866401 -0.026281424161758
  0.006841218105119 -0.002190780683443 -0.193615263469734  0.003897641137568
  0.005014291524413 -0.004065705243346  0.004153655303212 -0.002650294076969
  0.012932294019539  0.000270783044217  0.000051933567053  0.000009304892872
  0.068320936295555 -0.135462622912844  0.086005684323051 -0.060640090347053
 -0.001135159407974 -0.099741422150996  0.014373104021822 -0.003184684526473
 -0.002361770905439  0.007255167848951 -0.006010990654504  0.006675812259962
  0.006371407765229  0.000152856098304 -0.000048067275027 -0.071049242760864
  0.140870008733461  0.084458356819864  0.060071638459129  0.001180632263339
  0.103809168180589  0.014224048246087  0.002882107191016  0.002452232992372
 -0.007132373509217  0.005842775328461 -0.006943590015759  0.006370203095549
  0.000151763250159  0.000045015717278  0.077742455088819  0.021091600355695
 -0.007837949894200 -0.000249062662310  0.000212537811912  0.033140621373981
  0.007274801393756 -0.000827711268243 -0.003574468186471  0.000089705877503
 -0.034732544600223 -0.007613885105858 -0.000923056566564  0.003715365672215
 -0.000093715205364 -0.077876495121343 -0.021117796097493 -0.007852917553527
  0.000215745106561 -0.000212836877347 -0.043853053055224 -0.014793708826589
 -0.001007294866279 -0.004269287166290 -0.000120905672584  0.045631292574829
  0.015400865226301 -0.001111039543149  0.004405591243325  0.000126047501616
    9 Orbital Energy    -0.762889 Occupation  1.000000
 -0.013122511689385  0.026228708360862 -0.006724262711006  0.113917376814731
  0.000199152091477  0.015015022408035  0.000599119730147  0.015255720521813
  0.000561682132714 -0.000002171282961 -0.000345172431182 -0.001252251255540
 -0.011063698133436 -0.000017548700347  0.000170214290576 -0.117538272934356
  0.232523531538125 -0.059335583825231 -0.005343084406954  0.001966777631372
  0.173207451979250 -0.004514784443438  0.001081995248428  0.003453011514072
  0.004941048144852 -0.005714812848492 -0.011759706107466 -0.000457020390278
 -0.000058947583655  0.000046815678799 -0.116016095987818  0.229522143810130
  0.061180510921203 -0.003818101428418  0.001941006127413  0.170851808979209
  0.004768361939162  0.001291824286631  0.003410345776573  0.005095778593091
 -0.005868032706106 -0.011607734062208  0.000292365155925  0.000062241419434
  0.000048267062003 -0.009858308474969  0.019764508684937  0.006070386686393
  0.114145689881205  0.000144094727829  0.010200932886910 -0.000482033304183
  0.015396036690418  0.000460094044222  0.000100180161497 -0.000412970176024
 -0.000930203633076  0.011075277573258  0.000018836028027  0.000170681468302
  0.109472639716828 -0.216898094139341 -0.060335504504325  0.022541091742768
 -0.001838143326686 -0.163200194642692 -0.005860392142727  0.012093520688130
 -0.003638932874615 -0.004797654820306  0.006629048098570  0.010730186033899
 -0.000003792895175 -0.000041995918183  0.000117214654391  0.107717523540390
 -0.213421765759955  0.062484918801975  0.024047723418254 -0.001809531597364
 -0.160613808408581  0.006209654464819  0.012175207321356 -0.003577984058666
 -0.004978372361982  0.006777439035291  0.010558715418308  0.000162268781183
  0.000045908930765  0.000118067970738  0.006445351758497  0.001433233065793
 -0.000703078499323  0.001317613679330  0.000009574145328  0.064120783404597
  0.013733508995198 -0.003838887268192 -0.005687576738925  0.000165331296277
  0.063280747972580  0.013540856590320  0.003817486690297 -0.005597476444812
  0.000163229768082  0.004497730440727  0.000907753576603  0.000507318336847
  0.001323559747077  0.000004215600831 -0.071929149237222 -0.024594066631957
 -0.004156842437574 -0.005490836104197 -0.000206761071163 -0.070791223741699
 -0.024209025707859  0.004129724584921 -0.005381515190615 -0.000203617071335
   10 Orbital Energy    -0.620683 Occupation  1.000000
  0.011312470446194 -0.023099550766951  0.000816507069418 -0.203767152602896
 -0.000202270150893 -0.026653577146630  0.001972522456133 -0.051540030670830
 -0.000798826561579 -0.000153712815575  0.000973565508577  0.000919357829437
  0.009867422542847  0.000011879127702 -0.000305655823103  0.088116175967984
 -0.183174640933392 -0.115164697893122  0.016210717309685 -0.001396329624546
 -0.141446654536295 -0.040335488415648 -0.020126672273876 -0.005408873942462
  0.008797348709273 -0.000745763737004  0.007069327852988  0.002077685328087
 -0.000201828789874 -0.000017757790713 -0.087663077192526  0.182231993300154
 -0.116220226167233 -0.017036057905916  0.001388874447937  0.140673413439856
 -0.040515943596086  0.019839232824755  0.005380997922331 -0.008829814304684
  0.000814878827834 -0.007033580953237  0.002119206323437 -0.000203246251342
  0.000016396823861 -0.012095869583661  0.024727131250114  0.000314673094088
  0.203632148694394  0.000214775072425  0.027941033902833  0.001629894465638
  0.051505623788607  0.000851465440760  0.000131234687598 -0.001025503651340
 -0.000982488833929  0.009858464313061  0.000010660262369  0.000305223853476
  0.089222471742973 -0.184913821023871  0.117112168398250  0.013995234422797
 -0.001352010830800 -0.150669194265079  0.041945979353034  0.021313430261438
 -0.006615590431118  0.008847169164343 -0.000029321877100  0.007162714006844
 -0.000886018098541  0.000201903019621  0.000075335938913 -0.088887831255515
  0.184221400620824  0.118140342470906 -0.013012553463619  0.001347704336378
  0.150150080629134  0.042191986299478 -0.020961653285286  0.006590480844877
 -0.008869107431324  0.000088131557807 -0.007135001751411 -0.000845460667778
  0.000203323198877 -0.000073335904870 -0.009021948843028 -0.003935618306701
  0.000708321214523 -0.003208984204577 -0.000016301246285 -0.087748176018237
 -0.027711077643491  0.002098278664407  0.007062055984190 -0.000226441989716
  0.087314361348363  0.027569675870732  0.002063067178961 -0.007041335678551
  0.000225182476896  0.009889947730045  0.004300517943369  0.000773959191056
  0.003204932163568  0.000018583160317 -0.110252021770272 -0.058658791638445
 -0.002575319890315 -0.007391301186768 -0.000302716930985  0.109792626491801
  0.058414263821609 -0.002539253828542  0.007375990828343  0.000301532728974
   11 Orbital Energy    -0.620161 Occupation  1.000000
  0.102327621309193 -0.212495575687590 -0.065155034060258  0.016584148085896
 -0.001588448424158 -0.167637219888301 -0.045757872952386  0.004813578107740
 -0.006925770601062  0.002832044838693  0.006964619309864  0.008189835151047
 -0.000925017346599 -0.000161335837571  0.000045780579026 -0.057347771501991
  0.119079257839038 -0.137096923974156  0.107170747213219  0.000921252015228
  0.096052764133070 -0.023953193730260  0.037993427773111  0.003570074360687
  0.003971674558619 -0.009093988106358 -0.004596087543840  0.005385334391849
 -0.000183981105805  0.000174470366467 -0.058020617828975  0.120474395362508
  0.136211110334611  0.107064135664356  0.000931868776069  0.097129866098317
  0.023641558716694  0.038150515083753  0.003611810532882  0.003908272811185
 -0.009084511225821 -0.004647898763571 -0.005369992240193  0.000182426620750
  0.000174626890620  0.102241931048841 -0.212320246245373  0.065161273137032
  0.018141136098818 -0.001586742709272 -0.167424054774823  0.045774460552252
  0.005206943733253 -0.006920058065543  0.002834210650374  0.006957437972967
  0.008183208270718  0.001000293273061  0.000161432316558  0.000048093173141
 -0.044530888268287  0.092586874041806  0.139002841951344 -0.126988344663916
  0.000656989061561  0.069879861352815  0.032535170162220 -0.046644325083750
  0.003312286388345  0.003062642783668 -0.007632487719100 -0.003557551383613
  0.005288549539934  0.000201783370734 -0.000232561028526 -0.045211804697410
  0.094001097978852 -0.138107067124376 -0.127089381781411  0.000667068262822
  0.071016494005789 -0.032204162412986 -0.046790149395987  0.003362527368871
  0.002998099690601 -0.007630714051732 -0.003611178397464 -0.005294425904528
 -0.000200192826416 -0.000233285130805 -0.113382137830104 -0.047348714233222
  0.008555036320149  0.000515681538711 -0.000301367164841  0.055481340109838
  0.017676733531427 -0.004442599356250 -0.002675909023562  0.000138392463288
  0.056168094782231  0.017895832343025  0.004458796799112 -0.002730161008367
  0.000140240616280 -0.113311844143192 -0.047318077774302 -0.008549514508957
  0.000540008978302 -0.000301100312883  0.057494340240566  0.030590063526778
  0.004712539179001  0.001880100492631  0.000162186780991  0.058336205858195
  0.031048898129591 -0.004732274990133  0.001936856821207  0.000164510696459
   12 Orbital Energy    -0.539894 Occupation  1.000000
  0.009370437408248 -0.019767564787231 -0.193897784433556 -0.013663890046097
 -0.001293963238516 -0.031226649196941 -0.067112436047145  0.010260206062636
 -0.001468043402309  0.002843067185710 -0.003471396344952  0.000180461756829
  0.001945837096435 -0.000524957637716 -0.000028506079533  0.014713609636232
 -0.031052283867651 -0.077959452067877 -0.144779088912102 -0.001376245690447
 -0.054766599302709 -0.034662823062480 -0.049549739119144 -0.001337348403799
 -0.002684772134305  0.002596310791308  0.000513160712182  0.003551304405704
 -0.000214643908741 -0.000392282289138  0.014733463184004 -0.031092868620236
  0.077985174593800 -0.144812391600937 -0.001376562795861 -0.054820309481778
  0.034664692334421 -0.049550221116535 -0.001339877912477 -0.002682996922702
  0.002595088776252  0.000514405783162 -0.003548699297543  0.000214698169088
 -0.000392302632767  0.009350292305744 -0.019726986139678  0.193893507980308
 -0.013680022034130 -0.001293690542812 -0.031167034731632  0.067120222628354
  0.010251435254548 -0.001466002713813  0.002843769426196 -0.003475085494356
  0.000178507233719 -0.001945719924323  0.000524979617145 -0.000028551645620
  0.001719329490556 -0.003932337615745  0.120939574354408  0.190583147143143
 -0.001162426068524  0.002150074193433  0.031630135938368  0.064346814335252
 -0.001512826846888 -0.000968079819685 -0.000536767078169 -0.000334831956645
  0.002598812793771  0.000320090210457  0.000514510830589  0.001712473794955
 -0.003919076390245 -0.120929594617890  0.190536424117228 -0.001162317329775
  0.002173140280966 -0.031632089138473  0.064350963589729 -0.001511331534151
 -0.000968736634417 -0.000537674730290 -0.000335669391680 -0.002603552497476
 -0.000320090301200  0.000514493278906 -0.107713291824386 -0.070467238510609
  0.004911073273040 -0.000005655726045 -0.000463142645154 -0.091862195963303
 -0.046671186930122  0.002314589254753  0.004023241396756 -0.000393652218608
 -0.091904824675483 -0.046695480783435 -0.002315607726490  0.004025187813835
 -0.000393768004429 -0.107691491575549 -0.070451633332546 -0.004909595307925
 -0.000005662134679 -0.000463220946814 -0.124479345937463 -0.102175105208021
 -0.002521537413297 -0.004418140631384 -0.000539538499237 -0.124440521165214
 -0.102144231208603  0.002520079362197 -0.004417403429327 -0.000539448310027
   13 Orbital Energy    -0.481493 Occupation  1.000000
  0.058658036807358 -0.122179478914774 -0.125950289489904  0.042894934314289
 -0.000897848349524 -0.157109969024874 -0.034137505650048  0.019540680380679
 -0.008228568865096 -0.007682639587408  0.014826024774397  0.004329493801576
 -0.001934104037656 -0.000182598702353  0.000105052722027 -0.065935498444820
  0.139116037311252  0.076282145416329  0.091010051998186  0.001044904585287
  0.162044296913284  0.030023124349587  0.034095866842235  0.008423786760004
 -0.009910572891179  0.001331765109245 -0.004601343693016  0.009497819959342
  0.000125530880358  0.000116906589841  0.065931139526108 -0.139105616518283
  0.076170979696580 -0.091031256948946 -0.001043657967364 -0.162017988970495
  0.029982840820083 -0.034100785428106 -0.008423047056344  0.009909801889501
 -0.001333549809048  0.004599593659311  0.009499962753632  0.000125276730186
 -0.000116931419282 -0.058658337795266  0.122178838579047 -0.125999831972946
 -0.042787634632021  0.000898633519888  0.157114423650593 -0.034157206506272
 -0.019515708420193  0.008229468199303  0.007684048152397 -0.014825224630009
 -0.004328782624467 -0.001931827178120 -0.000182704481688 -0.000104832153746
  0.051034271432689 -0.104490837756368  0.053163416360772  0.136697193697719
 -0.000764399983791 -0.150692626956365  0.002265683200949  0.026196692558983
 -0.008121236838122  0.008376281461066 -0.002870057261599  0.004040922956455
 -0.013365472610975  0.000065221185540  0.000222215140578 -0.051035542302075
  0.104494179607510  0.053082881842431 -0.136799310128894  0.000764817330675
  0.150698397452817  0.002237199589672 -0.026237096243092  0.008122049364325
 -0.008375125691210  0.002868115003860 -0.004040815370305 -0.013365101816789
  0.000065077349935 -0.000222638025211 -0.137544283696551 -0.101945163990253
  0.006536720196601  0.000934181748965 -0.000384432555877  0.131627871097633
  0.078358006512467 -0.003133745762751 -0.006307756473618  0.000346265846222
 -0.131610027064207 -0.078344820198476 -0.003133607822033  0.006306225981210
 -0.000346030616902  0.137571563240571  0.101966289455316  0.006537360682221
 -0.000931808111001  0.000384343822732 -0.150150630155749 -0.136269363332202
 -0.003562009270230 -0.005177982883328 -0.000450421668941  0.150176236882183
  0.136300727330004 -0.003564709061548  0.005178443384302  0.000450628375188
   14 Orbital Energy    -0.462390 Occupation  1.000000
  0.004861442944103 -0.009242492269631 -0.012447597740279 -0.272092615506062
 -0.000145364689136 -0.028795632474119  0.003195398565905 -0.091012334218901
 -0.000483771237356 -0.000845666430888  0.001141671133934  0.000407397172077
  0.004221453474647 -0.000028062477380 -0.000652394378686 -0.002905853661483
  0.005754082726746 -0.235517526237638  0.134971826628535  0.000054344940335
  0.015497457275170 -0.072992334116757  0.037876874116202  0.000189930514123
  0.003471348200100 -0.003720931166129 -0.000224805743722  0.002933944561865
 -0.000558656313243  0.000318288028725 -0.002878939381165  0.005697309345982
  0.235543979162889  0.134971651490874  0.000053980088124  0.015454620899473
  0.073047411133584  0.037875469991597  0.000186617481054  0.003475285623132
 -0.003724782468498 -0.000225307161347 -0.002933152679206  0.000558710408198
  0.000318318197149  0.004838347330974 -0.009192670875571  0.012379125746249
 -0.272124572423139 -0.000144738271640 -0.028738472643200 -0.003228749187607
 -0.090985849243920 -0.000479572581428 -0.000841322040168  0.001132934224959
  0.000404564764395 -0.004221100185873  0.000027989104745 -0.000652450838582
 -0.001749338169894  0.003096435953315 -0.247235712092495  0.130169327786889
  0.000053766283175  0.012074077506043 -0.087197987251751  0.051160003259170
  0.000263095621650 -0.003564883814147  0.003530995722982 -0.000171286074973
 -0.001492508609489 -0.000598486188926  0.000315152545227 -0.001775571541141
  0.003148033164943  0.247262704803570  0.130108125325761  0.000054220171046
  0.012162232729262  0.087165687717631  0.051106883115857  0.000267632847787
 -0.003569781905188  0.003532113964441 -0.000174164878536  0.001485605884041
  0.000598498401705  0.000315029708287 -0.012857907945090 -0.010645645015785
  0.000544700994973 -0.005270130294522 -0.000045363806371  0.002530299867455
  0.001656258484741 -0.004490644006676  0.002422050497309  0.000006169317042
  0.002505115413497  0.001649494902826  0.004489846704303  0.002423158581564
  0.000006135522122 -0.012787191153964 -0.010596873393689 -0.000541562924211
 -0.005271686348044 -0.000045165151413  0.009141730237964  0.009221744319623
 -0.004643856866716  0.003061902006682  0.000034148245368  0.009206520146890
  0.009271249517937  0.004643123086380  0.003063441509662  0.000034324001259
   15 Orbital Energy    -0.440371 Occupation  1.000000
 -0.020814234252128  0.048858635500993 -0.303995673942053 -0.031956893476407
 -0.000252418436251  0.092052685911448 -0.094723844928979  0.003795831373304
 -0.002326449433576 -0.008316386276280  0.003593053777969 -0.000673154696717
  0.001644318961767 -0.000758285000847 -0.000073236058857 -0.008930571857408
  0.021401335523083 -0.015594264154259 -0.140496951066498 -0.000159027552294
  0.031996255587350 -0.049061022594045 -0.020930976138050 -0.000731027877091
 -0.008420694110441  0.006624905697522 -0.000272919437938 -0.006292114431466
 -0.000075428570275 -0.000343128269855  0.008997636667996 -0.021564854776079
 -0.016328508608388  0.141606104298706  0.000163679918891 -0.032259336824895
 -0.049217080642270  0.021350148065177  0.000741732275275  0.008401991115740
 -0.006590566822421  0.000274885208111 -0.006292221656182 -0.000077153202483
  0.000345858311955  0.020825221414910 -0.048883403169821 -0.304179153260186
  0.031536138005667  0.000254709732597 -0.092091004385748 -0.094778687552076
 -0.003696740850608  0.002328719258458  0.008321376831753 -0.003593526142129
  0.000673883816481  0.001581352751761 -0.000758629881210  0.000072362678529
  0.016685139364280 -0.037718587740531 -0.003339549636356 -0.186333904349271
  0.000000075939516 -0.071017388308715 -0.025787258156243 -0.033547583049314
  0.000931484682140  0.008863913587525 -0.005207090004835  0.000678996349391
  0.010102689348498 -0.000040523113739 -0.000442169151565 -0.016797968553666
  0.037974594146097 -0.004173438570232  0.187193092380881  0.000001802278765
  0.071527488688419 -0.025909701045008  0.033836022712934 -0.000939035409853
 -0.008833221731401  0.005151907110647 -0.000683607211062  0.010114286722972
 -0.000042541862869  0.000444413679666 -0.169771516152564 -0.164954072999857
  0.005399201352541 -0.000197552394072 -0.000692412930638 -0.066784960639611
 -0.054879493173808  0.001788796816769  0.001711759220195 -0.000276060170790
  0.067496827113592  0.055451146629400  0.001800104909532 -0.001735346356249
  0.000279007618384  0.169874018585169  0.165049541025494  0.005402184742894
  0.000191689509049  0.000692930523578  0.091796319406837  0.108312569860178
  0.002248493313528  0.001556136215246  0.000384382452109 -0.092460302013353
 -0.109097803201463  0.002254992488797 -0.001574271364684 -0.000387072540439
   16 Orbital Energy    -0.439009 Occupation  1.000000
  0.002253816672764 -0.005231169933150  0.047386376147579 -0.090964916996038
  0.000481529782990 -0.008287059635661  0.014181505324670  0.018511300126096
  0.000515649703208  0.001415614647324 -0.000479956817561  0.000151042880172
  0.013105992772590  0.000094455860835 -0.000185174420638  0.014034492810428
 -0.034288355488370  0.142276729723705  0.235778676803846  0.000813027060871
 -0.054693805958288  0.030288904512884  0.089910072621094  0.002150241055291
 -0.003432057413962  0.006905412782776  0.000435159859909  0.000498435194232
  0.000337152734640  0.000587587138147  0.013989494012579 -0.034183700120920
 -0.142198919256892  0.235163115799963  0.000812371624003 -0.054531658849101
 -0.030060057194413  0.089810061987583  0.002147334044931 -0.003473310931895
  0.006938394584782  0.000433402439524 -0.000471171582312 -0.000336788355267
  0.000586042769591  0.002151363736361 -0.004992590015243 -0.045933534466172
 -0.091191191336757  0.000480886799645 -0.007823435804692 -0.013719883102327
  0.018493453273139  0.000504668171427  0.001376885284397 -0.000462816477777
  0.000147867424036 -0.013118332468333 -0.000090823989893 -0.000185722088225
 -0.023861364373696  0.054167697632848  0.175946464204799  0.177830478691180
  0.000447832345406  0.108242090941749  0.025815379224294  0.059035768449969
 -0.001461887283209  0.006608455009612 -0.011624516706835 -0.000866878323587
 -0.002795092097804  0.000422883969345  0.000465463507951 -0.023775776933390
  0.053971292852317 -0.175937053556737  0.176880555832495  0.000447549172238
  0.107909833021787 -0.025710046741071  0.058892144927483 -0.001457784304723
  0.006650160384136 -0.011649927955575 -0.000865320967492  0.002742267393933
 -0.000422743234495  0.000463273908798  0.027412196071023  0.025802185302714
 -0.000852977597299 -0.001237437555133  0.000120694231207  0.147833279230279
  0.119241401847393 -0.002559173376017 -0.004664275870804  0.000608523260415
  0.147548783079520  0.119006652929264  0.002551240015436 -0.004656694976301
  0.000607277778500  0.026601260329710  0.025015814128056  0.000826581656368
 -0.001239527766418  0.000117390517395 -0.138381773737668 -0.163644197743214
 -0.001317601916672 -0.003589502250701 -0.000564036408435 -0.137912041082466
 -0.163083782990513  0.001305627326001 -0.003582228598245 -0.000562147951109
   17 Orbital Energy    -0.384002 Occupation  1.000000
  0.000955468935611 -0.007008927310311 -0.000536875459714  0.000388700450900
  0.220394333318721  0.004810069892927  0.000399806884813  0.000565285372596
  0.127684914779791 -0.001000426888423 -0.000900116129872  0.000482064991457
 -0.000017226007367 -0.010115644319913 -0.001445949924441  0.000897910327532
 -0.006282559973173 -0.000428554178668 -0.000658575269797  0.198634458417248
  0.003648623415023 -0.000064981586139  0.000338289537774  0.110469046187524
 -0.000821061930386 -0.000857276330628  0.000458889295631 -0.000031412470386
 -0.004561929723118 -0.009256737704540  0.000897762831312 -0.006282858626239
  0.000428580625702 -0.000657724129447  0.198645000443044  0.003653245979246
  0.000067593812228  0.000338532041273  0.110471675602747 -0.000821164635388
 -0.000857191027150  0.000458650985097  0.000031270281276  0.004561388544385
 -0.009257566452214  0.000955726628371 -0.007009864671402  0.000537646898140
  0.000387838854714  0.220411681091597  0.004811292124021 -0.000398812839551
  0.000565584693275  0.127694015330034 -0.001000958748515 -0.000900254287770
  0.000481988614270  0.000017175899883  0.010116059855899 -0.001444587093149
  0.001030895234865 -0.007847576873162 -0.000303140916385  0.000115689721156
  0.243856420409204  0.006135321199102 -0.000575175001690 -0.000337414484041
  0.148253857765762 -0.001056342152930 -0.001074255289182  0.000504247692637
 -0.000046511508355  0.005572229597722  0.008112211638079  0.001031030068520
 -0.007847838860303  0.000302975405950  0.000115476296872  0.243851557741220
  0.006136560250771  0.000573383226526 -0.000335264901007  0.148250286346278
 -0.001056348763102 -0.001074469856556  0.000504132635278  0.000046563935451
 -0.005573026269447  0.008111903104354 -0.002630495403365 -0.002723596017634
  0.000016790472576 -0.000002403338069  0.004610708881046 -0.002454377714404
 -0.002419310242295  0.000016561251762  0.000021758721039  0.003861221543789
 -0.002454120736354 -0.002419025669222 -0.000016757312085  0.000021847939715
  0.003861746117777 -0.002630478818738 -0.002724024143415 -0.000016341171024
 -0.000002458196095  0.004611054131096 -0.002566174786794 -0.002702679514349
 -0.000000623174370 -0.000000420405328  0.005457714528274 -0.002566121499883
 -0.002701606158904  0.000000446381152 -0.000000347848347  0.005456993567692
   18 Orbital Energy    -0.363298 Occupation  1.000000
 -0.004450958909319  0.018291107910569 -0.220652820343069  0.004573689887418
 -0.000293823089083 -0.017685585869271 -0.039840687267694  0.021532161149504
 -0.003412254148499 -0.020845550793689  0.014436604849932  0.000803485362894
  0.001459847099246 -0.000462979481210  0.000028148969359  0.003347444828166
 -0.012121689291203  0.282711546531783  0.003166460954067  0.000179204829061
 -0.000583679453956  0.091456463929144 -0.008312580068454  0.001918100794535
 -0.011233297955454  0.014722393619239 -0.000374524805399  0.003173489238876
  0.000663298817999 -0.000015998020489  0.003342086697685 -0.012098217303291
 -0.282713558821475  0.002948023740453  0.000179015300091 -0.000607043686803
 -0.091462417936948 -0.008376221167821  0.001914643237395 -0.011239139977251
  0.014718232958441 -0.000374781544668 -0.003158274564967 -0.000663329106243
 -0.000016467087189 -0.004461969669472  0.018319328724537  0.220705762863659
  0.004779363501660 -0.000293873174791 -0.017677630332990  0.039850361543578
  0.021620287845611 -0.003411573932155 -0.020846773715428  0.014436237486909
  0.000803672923653 -0.001451255459770  0.000463132304925  0.000028609357362
  0.000513001254108 -0.004800509785973 -0.225944958419736  0.036076475560662
 -0.000071512420527  0.021539218861482 -0.081255070525094  0.042073537683747
  0.001392746129014 -0.009615671894556  0.012467741459657 -0.000393601240434
  0.004001887274852 -0.000532495133475  0.000114135769390  0.000506447060700
 -0.004781527603899  0.225967818614425  0.036205276742041 -0.000071225067696
  0.021533945829034  0.081289954971826  0.042061599556164  0.001392598744386
 -0.009614428392617  0.012461816682188 -0.000393240923370 -0.003991338579253
  0.000532581556649  0.000114418113753 -0.169976401625798 -0.197790342030935
  0.003782693060761  0.000489035880294 -0.000666795753410  0.100388055675396
  0.099326071360324  0.002013058236295 -0.004216653119626  0.000390224544878
  0.100252093809786  0.099195986864837 -0.002016707011401 -0.004214211297701
  0.000389689505980 -0.170001015014923 -0.197823425154225 -0.003783358336563
  0.000492175439662 -0.000666869521280  0.071681742539363  0.096609823667378
 -0.002158945767527  0.002775799160920  0.000279100710584  0.071598500888383
  0.096484520618236  0.002161425641985  0.002775327032246  0.000278813603007
   19 Orbital Energy    -0.362232 Occupation  1.000000
  0.009117422594657 -0.020632925896984  0.019938372842064 -0.261771751098834
 -0.000047053389401 -0.032505046651916 -0.000291059181494 -0.100468964696699
 -0.000639856000469 -0.000261056267392  0.001948469955311  0.000305684916320
  0.011687018488708  0.000057498735731 -0.000630025527890 -0.003546967713990
  0.000202832456422 -0.005718210113747  0.263235301469565  0.000458421222899
  0.030599015764766  0.002165344913437  0.073506137646156  0.004015640762776
 -0.000601403701624  0.004886684619332 -0.000988284947053  0.020202476507548
 -0.000036902834649  0.000570658403267  0.003544129895411 -0.000196433056429
 -0.005508866055943 -0.263172181038241 -0.000457562484768 -0.030605120139090
  0.002237199603253 -0.073462120022414 -0.004015639469750  0.000610232453784
 -0.004897607112818  0.000988766281518  0.020203475783885 -0.000036403747557
 -0.000570480333518 -0.009108092044705  0.020607506886996  0.019756623567495
  0.261724656111338  0.000047770420307  0.032495697088808 -0.000327722086920
  0.100448957901204  0.000641964684991  0.000275340536199 -0.001957242485842
 -0.000306420849846  0.011684561892862  0.000057160285524  0.000629923558387
  0.009890438500333 -0.028651700263804  0.028879297916358 -0.200416049639255
 -0.000029731158956  0.003342054217991  0.052971468327573 -0.036845944553064
  0.001874336160161 -0.000292887003392  0.006878176800847 -0.000405159895071
  0.015918909902456  0.000102667869543 -0.000446936642462 -0.009900938496188
  0.028677278674652  0.028693357687380  0.200430503662567  0.000030341545659
 -0.003322406137149  0.052912796708427  0.036830390202711 -0.001875548172867
  0.000302609552818 -0.006890937092730  0.000405352048397  0.015922343296426
  0.000102212445924  0.000446986863296  0.002107838102092  0.009025982585075
  0.000118539589217 -0.004065033246978  0.000024441697880  0.169659427849871
  0.162831156250436 -0.003963215538807 -0.003054571271505  0.000644484186977
 -0.169700997273997 -0.162870595680742 -0.003959400696175  0.003057814738999
 -0.000644612999020 -0.001979551093735 -0.008876193749474  0.000121697566620
  0.004064156929639 -0.000023917148357  0.125277864654193  0.177134466354872
  0.002919503768505  0.000791604831238  0.000506742420630 -0.125364129953252
 -0.177260430903307  0.002918338707484 -0.000795213105374 -0.000507092442746
   20 Orbital Energy    -0.272031 Occupation  1.000000
  0.000731305730174 -0.010130543359415 -0.000600584264386  0.000234021686755
  0.338724625302840  0.016398912116616 -0.001835609470892  0.000165083471519
  0.242047543045182 -0.001704164629657 -0.001385547346501  0.000432611248061
  0.000000711208973 -0.006125247870611 -0.001147650850259  0.000390212652681
 -0.004770851367559 -0.002406935260165  0.001076095050145  0.158772422957634
  0.006917328903990 -0.005393984201232  0.002283649442164  0.104577568870662
 -0.000683039893526 -0.000754037836654  0.000212408452217 -0.000083523451755
  0.011818871277568 -0.010874507403744 -0.000397244532402  0.004857648148091
 -0.002398357929801 -0.001064444241465 -0.161673772132478 -0.007048111733420
 -0.005374034213802 -0.002255387900987 -0.106557992590250  0.000695472294631
  0.000767901409695 -0.000216311895626 -0.000084938280647  0.011714626045729
  0.010895691243480 -0.000731878953190  0.010138379438136 -0.000602263466920
 -0.000204411313108 -0.338999203922725 -0.016412904178924 -0.001838340302401
 -0.000099536252336 -0.242312240166868  0.001705372591116  0.001386453633964
 -0.000433270663587  0.000000554122748 -0.006135158416265  0.000971353077825
 -0.000334191934544  0.005306850780242 -0.002659621455945  0.001143333928556
 -0.177996271734543 -0.009508856067528 -0.005965013631287  0.002130564391481
 -0.137748945927747  0.000781792642764  0.000851818271662 -0.000216651661610
  0.000082042051543  0.013050872544376 -0.010432528931024  0.000339159771021
 -0.005386140490465 -0.002647548668571 -0.001130920087283  0.180655390663643
  0.009647690216522 -0.005943207816089 -0.002100143215633  0.139738073776285
 -0.000793215707179 -0.000864530019704  0.000219926521493  0.000083214266589
  0.012951487624053  0.010412702525848 -0.003867235093761 -0.002103531324642
 -0.000058133027530  0.000006244496128  0.008614115155264 -0.001793234269403
 -0.000966986827587  0.000050825160504 -0.000060855610989  0.003841407711389
  0.001826037688772  0.000985043244543  0.000049975345002  0.000061185431502
 -0.003910073597994  0.003869876945439  0.002104556515160 -0.000058380517194
 -0.000007070630086 -0.008619618173831  0.002065628943470  0.001132270658978
  0.000048235362303 -0.000062264278428 -0.004763195970337 -0.002096688323212
 -0.001150036672169  0.000047942555025  0.000062252602524  0.004835063810792
   21 Orbital Energy    -0.271280 Occupation  1.000000
 -0.000059252278585  0.000937012945724  0.000124549623153  0.003153718899993
 -0.031783172996302 -0.001826109584300  0.000309384484177  0.006912147842796
 -0.030127099997467  0.000133938374474  0.000135283503391 -0.000047434377751
  0.000007158855141  0.001165624180186 -0.018453650653451 -0.000738122077576
  0.009206291050635 -0.000874866044074  0.001204138714009 -0.307264202320428
 -0.013742520178788 -0.002017851377422  0.002961946359603 -0.210320059843313
  0.001308291025279  0.001452647768329 -0.000417076646560  0.000137031864108
  0.010906900450232  0.002201454024610 -0.000734269153515  0.009160166747501
  0.000898079465040  0.001214395829791 -0.305744993270907 -0.013668497990664
  0.002072654510186  0.002978278429014 -0.209319778292251  0.001301702045120
  0.001445258067987 -0.000415206715341 -0.000136175665451 -0.011018581454700
  0.002098360408607 -0.000052182504918  0.000841455879497 -0.000119587225024
  0.003156051535034 -0.028570831060702 -0.001679280979170 -0.000300017499683
  0.006914254556406 -0.027824691637578  0.000118537421898  0.000122039409181
 -0.000043087466211 -0.000007052857372 -0.001107506094190 -0.018465114701034
  0.000527840832163 -0.008349016710699 -0.001284338910069  0.001289909356382
  0.279959306823837  0.014741178554634 -0.002300042901700  0.003259828973445
  0.209820062733036 -0.001222845577913 -0.001366951532186  0.000333064930100
 -0.000135976394100  0.010360317509164 -0.002141541902973  0.000524670359682
 -0.008297451525836  0.001309636654914  0.001301130409890  0.278252094058780
  0.014640751861562  0.002359422542350  0.003273236118525  0.208494299681852
 -0.001215449627554 -0.001358877083291  0.000331075703767  0.000135214018930
 -0.010484548041918 -0.002240179388890  0.000364996376065  0.000175255699665
 -0.000003568740455 -0.000085077114693 -0.000655956804269  0.003472113043626
  0.001844458572753  0.000062520873092  0.000015728155092 -0.007278661125650
  0.003454680581574  0.001837003990915 -0.000062801450443  0.000015092613866
 -0.007242322978659  0.000328031641628  0.000153173896432  0.000003189228179
 -0.000084612742621 -0.000574209253631 -0.003248001701513 -0.001798988116411
  0.000060065810822  0.000028564458513  0.007644598294409 -0.003228518670168
 -0.001791206419892 -0.000060595085095  0.000027992026471  0.007598292692862
   22 Orbital Energy    -0.025529 Occupation  0.000000
  0.000065121638957  0.000654070461955  0.000342396349903  0.005606827527138
 -0.029825514008500 -0.004194307910882  0.001593030870084  0.005677024671021
 -0.044273651354507  0.000110316959895  0.000067284081800 -0.000028805698049
  0.000005673105787  0.000092199056639 -0.029460012785833  0.000442641846770
  0.007373301559825  0.003887094353265  0.001021073118080 -0.305962483672018
 -0.031038466212396  0.006605482614299  0.005683754354251 -0.375085999545188
  0.001241388252019  0.001255348605779 -0.000319577343405  0.000024641022707
 -0.016586344334669  0.002428459131483 -0.000441395091458 -0.007349648538485
  0.003904720001731 -0.001000546368044  0.304971049799231  0.030938356997782
  0.006610749131296 -0.005645944323209  0.373852348438913 -0.001237484869669
 -0.001251620555794  0.000318532441872  0.000024558167608 -0.016688994540470
 -0.002507846981809 -0.000068400590816 -0.000698533061502  0.000360506340864
 -0.005606405085214  0.031673890063352  0.004399380325735  0.001651377835294
 -0.005679814612483  0.046669009225632 -0.000118423740811 -0.000074209388095
  0.000030725745014  0.000005697736619  0.000044462608879  0.029450880785472
  0.000683162084357  0.007839878143992 -0.003939530205045 -0.001369930194800
 -0.324627828732400 -0.039381285208257 -0.007664367690509 -0.007743623500016
 -0.448043738751614  0.001289501333726  0.001351782054862 -0.000307372075528
  0.000063487437126  0.016784499086573  0.001577524547954 -0.000681483923493
 -0.007818248569279 -0.003956221714102  0.001350282582154  0.323770243968517
  0.039276900430951 -0.007673301496950  0.007705684610794  0.446869722567455
 -0.001285939304419 -0.001348022852948  0.000306589032958  0.000063230670096
  0.016883818009026 -0.001487213283261  0.000429844418059 -0.000201723640778
 -0.000006434215922  0.000031163563551 -0.000901712437138  0.004461309089766
  0.000561581837964 -0.000015022018923 -0.000057972363818 -0.010421304230304
 -0.004446941791303 -0.000561652381835 -0.000014544296092  0.000057610993371
  0.010388368658711 -0.000457479822332  0.000200072054391 -0.000006058719545
 -0.000031486252355  0.000969643203644  0.005108623702176  0.001026484700830
  0.000015718258214  0.000057613241449 -0.012800564730960 -0.005094945722622
 -0.001026637933733  0.000015823751999 -0.000057894892407  0.012765189795557
   23 Orbital Energy    -0.024816 Occupation  0.000000
 -0.000646942892244 -0.008785831725235 -0.003477541040862  0.000017771542782
  0.364354371495183  0.040620667634737 -0.010924563048778  0.000028343715044
  0.475224775923129 -0.001531974392497 -0.001432906419532  0.000363213389267
  0.000010506621905  0.009185114695555 -0.001838858837877  0.000293350993226
  0.004636064818833 -0.003366807674574  0.004060056103874 -0.194052133742569
 -0.020344625081748 -0.001460507420721  0.007415242730277 -0.241899886075325
  0.000759595352331  0.000783970630179 -0.000201314153918  0.000026399238543
  0.020245118649004 -0.015671877066648  0.000295285861384  0.004673066053391
  0.003347271308357  0.004064682017269 -0.195580725034665 -0.020494136683913
  0.001430295466560  0.007440221115482 -0.243789789594985  0.000765767863967
  0.000790168313783 -0.000203083895328 -0.000026345934332 -0.020161171428886
 -0.015660257053574 -0.000646620150431 -0.008782329353744  0.003474598837044
  0.000046271831911  0.364188058928362  0.040595830305266  0.010911865924073
  0.000057903621425  0.474985187917140 -0.001531198366859 -0.001432722858860
  0.000362928861537 -0.000010520521894 -0.009184654902369 -0.001988106710556
  0.000354585095275  0.004125186707407  0.003338112889904 -0.003787410619417
 -0.169324820839116 -0.020189169023416  0.001653791525389 -0.006884832258535
 -0.231426369570973  0.000686153212041  0.000727566958337 -0.000160129636572
  0.000018597859396 -0.019748307275076  0.017847739740265  0.000358147520413
  0.004165676796954 -0.003317940081092 -0.003794072159595 -0.170982923208604
 -0.020395645799430 -0.001612653879460 -0.006926640835805 -0.233714507161921
  0.000692642244788  0.000734487492786 -0.000161659282907 -0.000018958501091
  0.019662717126320  0.017855797607571 -0.005522390850863 -0.000805154699859
  0.000066625965081  0.000007175586594  0.013360967767627  0.002823691888674
  0.000209988280943 -0.000036527466162 -0.000021306209663 -0.006500092131111
  0.002846180841131  0.000213524207065  0.000036759586312 -0.000021660374684
 -0.006553228735110 -0.005520773658230 -0.000807917372972 -0.000067078090709
  0.000007324360546  0.013355509262670  0.002685213216681  0.000726530183778
  0.000044501996807  0.000008923015098 -0.006789762201816  0.002711292081379
  0.000731308907634 -0.000044577962743  0.000009256688394 -0.006855239645122
   24 Orbital Energy     0.048237 Occupation  0.000000
 -0.030127813646927  0.052404025081873  0.102716083753175 -0.004361965007557
  0.001635172545554  0.360308080412789  0.183586366214703  0.113419879025159
 -0.000767591057291 -0.020584685415508  0.011417578665694 -0.000053765619985
 -0.004684438770639  0.000199070509188 -0.000075363539098 -0.024725333087962
  0.054235242079422  0.024333749702871  0.025501325877962  0.001079328926600
  0.140180383849481  0.001714895542344  0.077904003507876 -0.000772717560238
  0.003539490757348 -0.013002467039457  0.001230589455200 -0.011372404720653
  0.000076674720744  0.000035495491340 -0.024720860572648  0.054219731052027
 -0.024316698345092  0.025494559082711  0.001077603047473  0.140223057530379
 -0.001646989393623  0.077857606206402 -0.000775029104933  0.003539189636386
 -0.012995872903006  0.001231673824959  0.011371360705280 -0.000076579627232
  0.000035427422133 -0.030131164361019  0.052424253198497 -0.102685456276900
 -0.004397434971298  0.001636162122995  0.360159574325671 -0.183639533454904
  0.113422324209303 -0.000766545434983 -0.020583104620504  0.011413087181671
 -0.000052447151116  0.004683598121664 -0.000199059446094 -0.000075624274271
 -0.052539721015647  0.072351958625343 -0.106655422487162 -0.179819963184453
  0.002643835039668  0.861643608771974 -0.317557732613761 -0.394949197198233
 -0.002315337045953  0.001838265416787 -0.011701702198312 -0.003091224257281
 -0.017639083338907 -0.000195740042779 -0.000389875704397 -0.052563848082857
  0.072394577970959  0.106693180909934 -0.179893009304210  0.002643938053015
  0.861785472059312  0.317588525969181 -0.395242090309084 -0.002315667615013
  0.001834898489746 -0.011707120975435 -0.003091153283673  0.017636047771140
  0.000195806308781 -0.000390169773717 -0.053778018560176 -0.542041302116552
 -0.004391495404929 -0.000951466143065 -0.000408829692337 -0.043605055003335
 -0.277198283995985 -0.001102786804517 -0.003591584787220 -0.000276466654783
 -0.043588355513513 -0.277120517347483  0.001102667088921 -0.003590585016098
 -0.000276417623031 -0.053772829717803 -0.542005160578332  0.004391407063193
 -0.000952569698078 -0.000408718948383 -0.060366038401133 -1.134535759466683
  0.002330850174125  0.004027999028070 -0.000612994356834 -0.060392797426379
 -1.134858435470193 -0.002330667640278  0.004030587195465 -0.000613268207622
   25 Orbital Energy     0.103451 Occupation  0.000000
 -0.019516491793792 -0.011432380115958  0.188810170264639  0.041501520528160
  0.000840297442094  0.905090671049031  0.132133281187236  0.177632446368912
 -0.001551844990731 -0.007605943734162  0.011902122802804 -0.005306947115832
  0.003618394016746  0.000259077889170  0.000076412931164  0.003859818122133
  0.007918396019523  0.061848550063123  0.034062747886057  0.001345722547216
 -0.261094087397905  0.056086980810964  0.299900257215536  0.001482483422018
  0.008874814251541 -0.013417013141641  0.002277273974336 -0.001404959576556
  0.000254489108450  0.000030672315082 -0.003836249975561 -0.007957687572306
  0.061883560910197 -0.034190645507088 -0.001347356774639  0.260777456870992
  0.056149564870753 -0.300167606843383 -0.001481966062145 -0.008877396993509
  0.013426062097675 -0.002278565336081 -0.001424559048105  0.000254547235715
 -0.000030898464394  0.019559192111715  0.011362221322746  0.188924329604692
 -0.041494711951998 -0.000842051440152 -0.905728576749513  0.132470074243334
 -0.177635424523479  0.001554924938279  0.007616150410148 -0.011904639177335
  0.005308529116496  0.003624410282943  0.000259321674202 -0.000076524858009
  0.063384073857073 -0.105976245903204  0.088248509622752  0.163657016548058
 -0.003542915082650 -0.835085835447717  0.270973473786442  0.914390679217911
  0.004503132896850  0.002686565723616  0.008957775125136  0.001474194066080
 -0.005471457908057  0.000365981567690  0.000369932508611 -0.063389868489984
  0.105969731795689  0.088294661082591 -0.163702237991733  0.003541757569937
  0.835115775466622  0.271059608208401 -0.914446461809682 -0.004503891516527
 -0.002689186085676 -0.008956794353596 -0.001474492301255 -0.005475802035305
  0.000366104956830 -0.000370031564197 -0.025800752374663 -0.676627046124581
 -0.002295836170001  0.003445757111724 -0.000418712239508 -0.026259883136254
 -0.250536480077298  0.002238687277315 -0.003277329914658 -0.000105602082654
  0.026316308601990  0.251129588807381  0.002234317156802  0.003280269005679
  0.000105997567914  0.025833056775083  0.677358383845784 -0.002298697680199
 -0.003447024688305  0.000418955584579  0.029588589715003  1.393971092643141
 -0.001114191937554 -0.001816122657622  0.000411508671075 -0.029597997738065
 -1.394016340116772 -0.001113205409502  0.001818151987108 -0.000411609141579
   26 Orbital Energy     0.117277 Occupation  0.000000
  0.052918983968679 -0.088302116382487 -0.111937405493789 -0.015995900222904
 -0.002295081980944 -0.811379901802977 -0.409938528464589  0.161519856903726
  0.003902956045531  0.008749267347047 -0.000464333230890  0.000640646885391
 -0.009384383462757 -0.000265964870505 -0.000200462490526  0.023519016619884
 -0.033357250078960 -0.053502052422201 -0.186336928946659 -0.002195636753542
 -0.510480175044192 -0.130779406037182 -0.336141947374969  0.000793656901086
 -0.001088910894237  0.006110112710302 -0.000047998756862  0.022545113699014
 -0.000028886375900 -0.000351925473178  0.023514735607912 -0.033371773018715
  0.053449479110237 -0.186229270313658 -0.002202166879354 -0.510171388903487
  0.130873498925304 -0.336051890435961  0.000780612646717 -0.001076960552299
  0.006103315203138 -0.000049800012437 -0.022545945048750  0.000028912870431
 -0.000352090780690  0.052876180874466 -0.088229654134856  0.111733444220603
 -0.015990378988986 -0.002285690615482 -0.810757565136373  0.409260885728830
  0.161610322594505  0.003911954148009  0.008740441749307 -0.000461676419232
  0.000641078389548  0.009384884194943  0.000265264759472 -0.000200636869738
 -0.030744965128955  0.020387788278282 -0.095818505212302 -0.127400892141093
  0.001553637928456  0.778515374440831 -0.425049720871423 -0.277051222328627
 -0.002696219621674 -0.002768045019346  0.002784706778519 -0.004713739916038
  0.003541826316167 -0.000123678060116 -0.000291425464461 -0.030732968426525
  0.020400305069289  0.095767917781882 -0.127331266139574  0.001558118117479
  0.777854341330971  0.425091384981060 -0.276942971571775 -0.002684206142959
 -0.002776517660033  0.002788632935139 -0.004707753429991 -0.003541690293596
  0.000123549293504 -0.000291639299797  0.036550010886867  0.858790220848750
  0.003026045672299 -0.002331248285324  0.000365535933357  0.064356379513551
  0.793031141466123  0.005787737608560  0.002254567392146  0.000499989867249
  0.064335469931606  0.792795191806901 -0.005788403497232  0.002252671007859
  0.000499410656350  0.036509874243942  0.857671369968503 -0.003021899919036
 -0.002330352134086  0.000365414536403 -0.002000524472440 -0.855117173971008
 -0.001895946174339  0.001717939316533 -0.000271019465633 -0.002007432318767
 -0.854648323435760  0.001895831234856  0.001718381919935 -0.000270674207129
   27 Orbital Energy     0.132598 Occupation  0.000000
  0.006201984168297 -0.005639534400220 -0.011732768270015  0.003484842518883
 -0.288984809652641 -0.086598098381561 -0.074390739979829  0.012037134703656
 -0.516333916202439  0.002123389643281  0.000986034195551 -0.000627806346656
  0.000488537510818 -0.015352281434924  0.003589688731540 -0.000736810428402
 -0.002149931637399 -0.005148856468085 -0.009414796118643  0.312754722246491
 -0.016557720911988  0.016566236969475  0.001520388645634  0.538658688764523
 -0.001503303818219 -0.001022218880678  0.000915152867403 -0.000150989954973
  0.008940791957193  0.011840629596234  0.000734747319420  0.002153557270942
 -0.005154422812202  0.009427121566009 -0.312766535405290  0.016595211734277
  0.016558818904056 -0.001500778078834 -0.538693450062440  0.001503387407892
  0.001021936608174 -0.000915134025818 -0.000149599895373  0.008940334401246
 -0.011844083076405 -0.006204293740922  0.005642431200082 -0.011739864763272
 -0.003483173116035  0.288998486329200  0.086639382324113 -0.074421199002365
 -0.012048715491734  0.516378432670322 -0.002123564505477 -0.000986014439867
  0.000627754335322  0.000487854279208 -0.015351128690622 -0.003590540634688
  0.006558822771361 -0.008059565294201 -0.003175073323375  0.001026032957120
 -0.266610111416826 -0.073189781937285  0.028140567256660  0.053511476295822
 -0.494745021782501  0.002507704202401  0.000598208734008 -0.000726188528087
 -0.000401816497559  0.006312979477571  0.014476474596712 -0.006556417689258
  0.008057601229487 -0.003182220309081 -0.001015741322262  0.266602537027266
  0.073121419214813  0.028104609941753 -0.053480956579201  0.494728939158705
 -0.002507654289399 -0.000598809652878  0.000726408159771 -0.000401806876548
  0.006313531617441 -0.014474240241639  0.010649361483040  0.119707184660766
  0.000319842217523  0.000300069601395 -0.014569065501844 -0.006191580157726
  0.006378752574405  0.000086036222409  0.000083706524962  0.014519453855267
  0.006188521344851 -0.006433316848073  0.000086240630617 -0.000083811374964
 -0.014521231525482 -0.010652349166251 -0.119756436255997  0.000319490365706
 -0.000300081168061  0.014569038500499  0.006829162489499  0.086518509261949
 -0.000246538582991  0.000097804708872 -0.014653661099129 -0.006829236080700
 -0.086434852634246 -0.000246460680620 -0.000098045968228  0.014652431683610
   28 Orbital Energy     0.135302 Occupation  0.000000
  0.055034360039865 -0.130054725274059 -0.181792503967330  0.048702894253518
  0.021980589042617 -0.224826238150554 -1.156307264146827  0.170129614384060
  0.050824707894672  0.012854980336860  0.006799345192665 -0.003997804864187
  0.006581984788521  0.000849202214518 -0.000236130740036  0.012470354575065
  0.038653326733922 -0.032551196790433 -0.069650371939741 -0.027488715012317
 -1.051717006879102  0.345127389153767  0.265331207918827 -0.047399152820121
 -0.009349191283219 -0.001402637450044  0.007020690497023  0.001661732604508
 -0.000874441428739 -0.001024372342928 -0.012486021879540 -0.038630195553572
 -0.032591476348041  0.069738381726135  0.027491471171886  1.052048991941894
  0.345076330234353 -0.265202563557030  0.047401314341431  0.009347145363603
  0.001398607536876 -0.007021872778320  0.001671263550050 -0.000874394279421
  0.001024827067717 -0.055050164528905  0.130073449668170 -0.181834756135158
 -0.048693947639051 -0.021981116301851  0.225085368201087 -1.156485348704527
 -0.170274082212026 -0.050830091101536 -0.012857932106533 -0.006797023561431
  0.003997230349792  0.006577065238881  0.000849004831351  0.000236255479794
  0.065244381698498 -0.160745689176529 -0.014322549963787  0.060076581625715
  0.020691415141232 -0.203097537493763  0.467482666083024  0.909273324150114
  0.050452485461423  0.024289103296417 -0.002612319191629 -0.005142715101787
 -0.008591347203765 -0.000548134428546 -0.000924363824662 -0.065226156881024
  0.160729703954601 -0.014370486899402 -0.059995631067628 -0.020692358544129
  0.202482937735109  0.467174934117497 -0.909057527218568 -0.050449438556285
 -0.024289133689725  0.002606631836908  0.005146083019865 -0.008590305268821
 -0.000548234573880  0.000924359867144  0.062036425471162  1.401694077088826
  0.004878606983376  0.004239856769030  0.001766169781216 -0.006526238771735
  0.095752127467022  0.000715599186432 -0.000291063989301 -0.001119511710684
  0.006500069259437 -0.096156781281169  0.000717905854722  0.000289082252951
  0.001119464992627 -0.062050287232457 -1.402004984628640  0.004879656246213
 -0.004239336947267 -0.001766407119634  0.020978231188785  1.103007959158807
 -0.003721005237071  0.000407175737499  0.001503147770644 -0.020987607355053
 -1.102317801182191 -0.003721854125076 -0.000406480884873 -0.001502849266830
   29 Orbital Energy     0.160357 Occupation  0.000000
 -0.078577442077211  0.113538008949172  0.082588334698522 -0.036917052408078
  0.002517921915317  1.388480163828463  0.348319258755288  0.009553403490266
 -0.006755463718920  0.006574905742578 -0.015604110863014 -0.002898637187561
 -0.006127802853693  0.000225326204246 -0.000138221903505  0.059098525009797
 -0.090533830748965 -0.136945340527621 -0.107123595674607 -0.002785818974923
 -1.036664178765302 -0.512477918680400 -0.210489892552512  0.004665599445339
 -0.003693991190710  0.012496174614785  0.000960891868209  0.003406141426905
 -0.000214164465649 -0.000253962826357  0.059048341517776 -0.090440452012612
  0.136934914532577 -0.107074619536756 -0.002785007435477 -1.036080504188435
  0.512474044464096 -0.210315951834512  0.004658877008823 -0.003703005803138
  0.012496490427293  0.000962116485572 -0.003408890395756  0.000214166761287
 -0.000253923156045 -0.078565487952586  0.113507897458196 -0.082601077052484
 -0.036950408633609  0.002519174605946  1.388465026823391 -0.348270470387764
  0.009364538706686 -0.006752111023189  0.006574664061263 -0.015600307632725
 -0.002900612292936  0.006137221208019 -0.000225393014062 -0.000138259481364
  0.033416403624533 -0.060000663928820  0.043730914311407 -0.067570523389337
 -0.000829425741729 -0.509957800641443  0.318749380423355 -0.179163706535514
  0.002820566306469 -0.005123678723371  0.009466344532275 -0.000368243099771
 -0.015231114532494  0.000183396615928 -0.000138207167801  0.033401774476679
 -0.059988989300417 -0.043748542326950 -0.067555422067946 -0.000826996407945
 -0.509522612502852 -0.318928688212233 -0.179052982824630  0.002820610888366
 -0.005127741436578  0.009471473362410 -0.000370065505603  0.015231266223775
 -0.000183488669062 -0.000138012561733 -0.007316704089605 -0.946888085201719
 -0.001974316397215 -0.000858154962889 -0.000294463675938  0.052190950709683
  1.022668155566680 -0.003231944871290  0.007490689281744  0.000481241771437
  0.052170087612869  1.022236399413820  0.003236227175966  0.007489885078064
  0.000480779799381 -0.007303437460321 -0.946794997200982  0.001973580709198
 -0.000864989793501 -0.000294386692729 -0.009308090036832  0.160820153312321
  0.008874495345613 -0.004628337110752  0.000000375923610 -0.009292306897521
  0.160835522302504 -0.008876800918510 -0.004630004015719  0.000000589739615
   30 Orbital Energy     0.182640 Occupation  0.000000
  0.034768096676953 -0.108175238320197 -0.002778070528648 -0.060791825171186
  0.000413003774534  0.147312379353536 -0.657996051094263 -0.397050589085513
  0.007985390183223 -0.000433044031101  0.016756464436969 -0.006012040309504
 -0.012155128963619 -0.000042544637728 -0.000197767117460 -0.104655366387381
  0.209878742512394  0.047646945632959  0.110944934144760  0.002071258585882
  1.107592488332582  0.310336933392891  0.863534192635881 -0.013750516728885
 -0.017950131216952 -0.007767225591379  0.004186697758722  0.004392474195518
  0.000119376497358  0.000267384296088  0.104679964774646 -0.209924560344636
  0.047649307849348 -0.111000627441674 -0.002072918112006 -1.108104889047205
  0.310544592222235 -0.863683094842507  0.013752670074698  0.017942969310342
  0.007779199380713 -0.004184800458067  0.004392043579268  0.000119377816824
 -0.000267428868892 -0.034801823865233  0.108215516205390 -0.002791316170662
  0.060759060024404 -0.000411753796906 -0.146714449713576 -0.658047173874577
  0.396945287611514 -0.007988440188300  0.000438975550543 -0.016766293581058
  0.006009363261782 -0.012148854291795 -0.000042612045815  0.000197652811201
 -0.021438489873720 -0.025251555017767  0.056200106467803  0.002091965763721
  0.001740393468242  1.210295223005776  0.597436121710307  0.497984037843365
  0.003331499963496 -0.002628533240278  0.013773018086533 -0.007289499953537
 -0.001780460650769  0.000182880068351 -0.000027045017520  0.021458730137683
  0.025207178983991  0.056170379051572 -0.002136868378482 -0.001742361256265
 -1.210689147676454  0.597232864497056 -0.498110339952675 -0.003328609428755
  0.002624140659990 -0.013770312167806  0.007287972950339 -0.001771546158058
  0.000182960759702  0.000026571563104  0.017410150163063  0.577621847128845
  0.001523588684754 -0.009811868261875  0.000195887300664 -0.063420092766318
 -1.459245613410307 -0.006685119397393 -0.003690370938187 -0.000623470104874
  0.063427521027179  1.459805144281098 -0.006680585614502  0.003695226945160
  0.000623846888198 -0.017399269273418 -0.577893563484592  0.001522944407848
  0.009808441950600 -0.000195921770325  0.032326163611989  0.283067286055758
  0.004405106632942 -0.004278388038524  0.000150042775676 -0.032342459539016
 -0.282936281701284  0.004400080831599  0.004275167463243 -0.000150065596930
   31 Orbital Energy     0.266306 Occupation  0.000000
 -0.065301723586502  0.069291899929093 -0.251941859017476 -0.104642593145057
 -0.000435974431018  1.729871609541116 -1.427856479827863 -0.612910592014419
 -0.002492732223975 -0.003216342056266 -0.000916654259832 -0.001708740500622
 -0.002571520428770 -0.000587553451626 -0.000167203430470  0.015533309920201
 -0.016805704220957  0.075547126243387  0.109088711573737  0.001101328556264
 -0.279156205168925  0.070413792063596  0.753811546813758  0.000283826717357
 -0.019494470349230  0.021230470809883  0.001422638418133 -0.005746253198849
 -0.000185385591498  0.000385039343687  0.015460140938615 -0.016745471441671
 -0.075417029390025  0.108738826356279  0.001097400541092 -0.277181622958158
 -0.069451036757439  0.752144111251668  0.000283580390195 -0.019511383597951
  0.021245270221268  0.001417216939183  0.005759428733513  0.000186182521177
  0.000384458108889 -0.065290678802620  0.069292622965236  0.251939391743921
 -0.104661119912811 -0.000436927777701  1.729258349167249  1.427770420746355
 -0.614045567471192 -0.002492210697616 -0.003229057807276 -0.000910658197405
 -0.001707334720393  0.002622819434421  0.000587294964377 -0.000168042712260
  0.048002662693437 -0.050791155494888 -0.033718000541158 -0.119382711007298
 -0.000885924288126 -1.431307265641908  0.497700970531563 -1.162710300124632
  0.002326114834270 -0.021216279275447  0.021621567942682  0.000594806425038
 -0.025409947841996  0.000326156953327 -0.000629696021989  0.047890724308643
 -0.050664676761797  0.033474837182689 -0.119144504571494 -0.000884429111059
 -1.428375102924900 -0.499912612864177 -1.161661533374187  0.002320141264599
 -0.021246757684155  0.021642550076270  0.000592387791118  0.025421269455819
 -0.000327146393941 -0.000629233361473  0.015542707752907  0.917104034763257
  0.001604760937331 -0.003504204903758  0.000143570945519  0.014916872466648
 -0.560878028415650 -0.010928561520540  0.006400232295462 -0.000029784694073
  0.014953811623763 -0.559591977588753  0.010935793661904  0.006408048087472
 -0.000029628465811  0.015478369365041  0.917102389371782 -0.001601783012826
 -0.003534927407100  0.000143338174920 -0.049294897910013 -0.375604372891789
  0.020234014552587 -0.008536645702214 -0.000154154935827 -0.049254421554666
 -0.374486914290244 -0.020253210653169 -0.008549890720560 -0.000153891138269
&
&hess
   1
   1  6.973373E-01
   2  4.148165E-05  6.429074E-01
   3 -1.309649E-07 -5.977565E-08  1.380787E-01
   4 -1.762849E-01  5.059517E-02 -6.004821E-08  6.566264E-01
   5  1.167868E-01 -2.729183E-01  6.314861E-08  2.352488E-02  6.835395E-01
   6  1.349462E-05  5.574557E-08 -6.152231E-02  1.086421E-08  5.645230E-08
   7 -2.597581E-02  7.714943E-02  1.176289E-07 -3.214392E-01 -3.313835E-02
   8  2.752963E-02  3.446537E-02  4.351965E-08  3.314512E-02 -1.279537E-01
   9  9.267650E-07  5.679440E-08  7.147824E-03 -2.162094E-08 -7.278196E-09
  10 -1.459886E-03 -1.416533E-06 -9.544380E-09 -2.597996E-02 -2.753435E-02
  11  2.099157E-06 -6.900224E-02 -7.008845E-08 -7.715673E-02  3.446242E-02
  12 -1.530284E-08 -1.286272E-08 -7.543540E-03  1.024758E-06  4.290370E-08
  13 -2.597422E-02 -7.714754E-02 -5.765896E-08 -5.211150E-02  2.924319E-02
  14 -2.753371E-02  3.446501E-02  1.801285E-09  2.924885E-02 -1.834258E-02
  15  8.497611E-07 -4.149298E-08  7.148772E-03  2.708018E-08 -1.571094E-08
  16 -1.763005E-01 -5.063718E-02  8.482088E-08  6.468076E-02 -2.478683E-02
  17 -1.168299E-01 -2.730173E-01  1.011486E-07  2.479197E-02 -5.618832E-02
  18  1.352192E-05 -6.657886E-08 -6.151672E-02 -4.420868E-08 -5.315045E-09
  19 -3.037554E-01 -3.133569E-07  8.964038E-08 -1.165358E-02 -3.089645E-03
  20  1.885453E-06 -6.293883E-02 -3.039048E-08  2.766838E-02  4.871446E-03
  21  1.145969E-07  2.301320E-08 -3.940666E-02 -9.230729E-09 -1.916768E-08
  22  1.138176E-02  1.435185E-02 -2.679648E-11 -1.231338E-01 -1.042201E-01
  23 -1.638016E-02 -1.816612E-02 -3.682911E-09 -1.042158E-01 -2.434367E-01
  24  1.810891E-08 -1.303097E-08  2.236185E-03 -1.557129E-08 -4.201102E-08
  25 -5.527124E-03 -1.702876E-03 -1.882743E-08 -9.900156E-03  2.868671E-02
  26 -3.571672E-04  1.665923E-03 -1.404459E-09 -2.088361E-03  3.118972E-03
  27 -1.290479E-09 -1.250980E-08  6.895218E-03  2.632903E-08  3.456490E-09
  28  7.949948E-04  1.780757E-08  5.526796E-09  7.653116E-04 -3.269316E-03
  29  1.060627E-07 -1.273679E-03 -9.606408E-09 -1.906788E-03 -4.628171E-03
  30  4.303717E-09  1.839745E-08 -4.368698E-04  6.087641E-09 -2.641348E-08
  31 -5.528383E-03  1.703369E-03  4.420660E-09 -7.552785E-04  9.091073E-04
  32  3.578535E-04  1.665865E-03  1.113924E-08  8.838632E-04  2.777064E-04
  33  1.341493E-08  4.504991E-09  6.894457E-03 -2.685905E-09 -1.110492E-08
  34  1.138382E-02 -1.435202E-02  1.790319E-08 -1.031966E-03 -2.950833E-03
  35  1.638186E-02 -1.816145E-02 -3.085191E-08 -4.329147E-03 -2.830136E-03
  36  2.884135E-09  1.254695E-08  2.236167E-03  1.140731E-09  1.727839E-10
   6
   6  1.380824E-01
   7  1.612238E-08  6.566355E-01
   8 -4.587374E-08 -2.351552E-02  6.837264E-01
   9 -6.151093E-02  3.074698E-08 -7.031165E-08  1.380635E-01
  10  8.374284E-09 -1.762957E-01 -1.168330E-01  3.122895E-08  6.973448E-01
  11  4.774817E-08 -5.064044E-02 -2.730197E-01  2.618802E-08  9.879838E-06
  12  7.150782E-03  1.313571E-05 -4.298965E-08 -6.151432E-02 -1.921817E-09
  13  4.690900E-08  6.467905E-02  2.478831E-02 -1.509998E-08 -1.762986E-01
  14 -7.779994E-09 -2.479008E-02 -5.618839E-02  9.865841E-09  1.168295E-01
  15 -7.546369E-03 -5.993356E-08  6.515878E-09  7.146340E-03  1.354039E-05
  16 -2.785278E-08 -5.211040E-02 -2.924693E-02 -4.396389E-08 -2.597585E-02
  17 -3.090821E-08 -2.924852E-02 -1.834186E-02 -1.559162E-08  2.753259E-02
  18  7.146925E-03  4.978237E-08 -2.462777E-09 -7.544693E-03  8.947124E-07
  19 -1.455871E-08  7.660941E-04  3.269031E-03 -5.238832E-09  7.950816E-04
  20  9.798831E-10  1.906292E-03 -4.627921E-03 -1.074383E-08 -1.225143E-07
  21  2.235016E-03 -1.989278E-08 -1.097552E-08  6.893578E-03 -1.040585E-08
  22 -1.281299E-08 -9.895955E-03 -2.868338E-02 -1.542845E-08 -5.527711E-03
  23 -7.352452E-08  2.089047E-03  3.119237E-03 -6.489435E-09  3.569843E-04
  24 -3.942108E-02 -2.298205E-08  1.167949E-08  2.236560E-03  1.454484E-08
  25 -6.045481E-09 -1.231362E-01  1.042556E-01  7.984014E-10  1.138336E-02
  26 -1.350838E-09  1.042542E-01 -2.435234E-01  9.273442E-09  1.637981E-02
  27  2.237293E-03 -1.616657E-08  2.586729E-08 -3.940918E-02 -4.100977E-08
  28  9.992038E-09 -1.165667E-02  3.087887E-03 -7.088587E-09 -3.037507E-01
  29 -2.350713E-08 -2.767233E-02  4.870172E-03  2.236519E-08 -1.097334E-06
  30  6.893632E-03  1.964863E-08 -4.524674E-09  2.238051E-03 -2.599403E-08
  31  1.310265E-08 -1.032356E-03  2.951236E-03  1.565746E-08  1.138485E-02
  32  1.462464E-08  4.328379E-03 -2.830329E-03 -2.388066E-09 -1.638186E-02
  33 -4.368894E-04  6.706639E-09  1.152979E-08  6.895660E-03 -9.904383E-09
  34 -2.986487E-08 -7.555917E-04 -9.088711E-04  6.238596E-09 -5.527853E-03
  35  3.287737E-08 -8.837573E-04  2.776713E-04 -3.538790E-09 -3.571589E-04
  36  6.895286E-03 -4.311754E-09 -1.540071E-10 -4.365760E-04  5.099139E-09
  11
  11  6.430116E-01
  12 -6.193842E-09  1.380721E-01
  13  5.063123E-02 -3.869833E-08  6.564464E-01
  14 -2.730200E-01 -4.049203E-08  2.360868E-02  6.838591E-01
  15  2.208830E-08 -6.151672E-02  1.130666E-07  1.925125E-11  1.380632E-01
  16  7.715133E-02  5.888931E-08 -3.212076E-01 -3.314258E-02 -9.058002E-08
  17  3.446635E-02  1.089051E-08  3.314066E-02 -1.279737E-01  5.133712E-08
  18 -1.520937E-08  7.148090E-03 -7.687582E-08  2.624770E-08 -6.152897E-02
  19 -3.196821E-07  4.205491E-09  7.650343E-04 -3.269120E-03  1.270823E-08
  20 -1.273681E-03 -6.023336E-09 -1.906131E-03 -4.628202E-03  8.829799E-09
  21  1.777297E-08 -4.366772E-04  9.480214E-09  1.310215E-08  6.894645E-03
  22  1.703326E-03 -1.113809E-08 -7.553534E-04  9.085983E-04  2.749047E-09
  23  1.666105E-03 -1.763647E-08  8.832098E-04  2.778903E-04 -1.380490E-08
  24  6.044336E-09  6.895312E-03 -2.192968E-08 -7.128645E-09 -4.369895E-04
  25 -1.435216E-02  1.425200E-08 -1.031655E-03 -2.951064E-03  1.451638E-08
  26 -1.816236E-02  6.313941E-09 -4.329410E-03 -2.829614E-03 -2.045012E-08
  27 -2.139440E-08  2.234721E-03 -1.283651E-09  1.539927E-08  6.894168E-03
  28 -1.540766E-06  2.459401E-08 -1.165590E-02 -3.087326E-03  7.919658E-09
  29 -6.293990E-02 -1.269529E-08  2.767255E-02  4.869929E-03 -3.087975E-08
  30  9.862715E-09 -3.940944E-02  2.877714E-08 -1.341422E-08  2.238722E-03
  31  1.435611E-02  7.600595E-09 -1.231763E-01 -1.043451E-01  1.378585E-08
  32 -1.816340E-02  1.481502E-08 -1.043368E-01 -2.436373E-01  2.609134E-08
  33  3.499637E-08  2.237235E-03 -2.665140E-08 -3.297388E-08 -3.938927E-02
  34 -1.703481E-03 -1.189195E-08 -9.897474E-03  2.868488E-02 -4.698101E-09
  35  1.665968E-03 -6.884587E-09 -2.086574E-03  3.120004E-03  1.439248E-09
  36 -3.564278E-09  6.893768E-03 -5.181161E-08 -7.197058E-09  2.236162E-03
  16
  16  6.564079E-01
  17 -2.351862E-02  6.837390E-01
  18  1.823382E-08 -2.013703E-08  1.380836E-01
  19 -1.165585E-02  3.087257E-03 -2.331728E-08  3.245269E-01
  20 -2.767319E-02  4.870018E-03  1.463810E-08  2.885417E-06  6.153301E-02
  21 -1.075408E-08 -3.100074E-08  2.239096E-03 -7.221542E-08  1.460313E-08
  22 -1.031829E-03  2.950781E-03 -2.007149E-08  8.545917E-04 -4.032022E-04
  23  4.329327E-03 -2.830200E-03  4.368322E-09  2.918598E-04  9.202769E-04
  24  9.838607E-09 -2.424113E-09  6.893645E-03 -9.205583E-09  1.364282E-08
  25 -7.561058E-04 -9.085607E-04  2.819959E-09 -7.032994E-04  1.496536E-03
  26 -8.830741E-04  2.779230E-04 -1.548378E-08 -1.641241E-04  6.568782E-05
  27  1.320844E-08  8.831011E-09 -4.370437E-04  1.216492E-08 -3.723659E-09
  28  7.656466E-04  3.269100E-03 -1.545862E-08 -8.181970E-05 -3.936399E-08
  29  1.906016E-03 -4.627616E-03  3.684170E-08 -5.897661E-09  2.266193E-04
  30 -1.192837E-08  4.595764E-09  6.895295E-03  2.548854E-09 -4.098412E-10
  31 -9.896910E-03 -2.868502E-02 -3.660356E-10 -7.033029E-04 -1.496700E-03
  32  2.089019E-03  3.123539E-03  9.183316E-09  1.643513E-04  6.587741E-05
  33  2.549872E-08  1.456728E-08  2.235995E-03 -1.332515E-08  2.218788E-10
  34 -1.231370E-01  1.042576E-01  3.798434E-08  8.546435E-04  4.035583E-04
  35  1.042509E-01 -2.435241E-01 -1.880845E-09 -2.918621E-04  9.205533E-04
  36  4.858640E-08 -1.239324E-08 -3.940912E-02 -2.308238E-09 -5.451827E-09
  21
  21  2.966663E-02
  22  1.446321E-09  1.272525E-01
  23 -1.745500E-08  1.138202E-01  2.586610E-01
  24 -3.756055E-03 -2.838504E-08  8.982850E-09  2.968324E-02
  25  2.729812E-09  9.513083E-04 -3.683800E-04  1.025931E-08  1.272571E-01
  26  2.292753E-09  3.678616E-04  8.228202E-04 -7.011834E-09 -1.138587E-01
  27  3.261423E-04 -4.489871E-09 -5.436581E-09 -3.756950E-03  4.328726E-08
  28 -2.909225E-09 -7.032164E-04  1.642050E-04 -5.748277E-09  8.547680E-04
  29  2.830740E-09 -1.496520E-03  6.553374E-05 -1.495890E-09  4.035435E-04
  30 -1.219669E-03  1.726561E-09 -2.906719E-09  3.261785E-04 -1.761483E-08
  31 -1.555544E-09  1.492483E-04 -1.338671E-04 -2.714994E-09  4.506935E-04
  32 -1.066496E-10 -1.339820E-04 -5.307890E-06  1.019012E-09 -8.357923E-04
  33  3.260891E-04  2.502856E-10  7.641902E-09 -1.219336E-03 -1.082104E-09
  34  3.924813E-10  4.506403E-04 -8.360452E-04  4.481204E-09  1.493290E-04
  35  1.538246E-08  8.359129E-04 -1.087932E-03 -3.954256E-09  1.340198E-04
  36 -3.757359E-03 -2.924262E-09  2.670035E-09  3.259249E-04  3.702216E-10
  26
  26  2.587430E-01
  27 -1.648932E-08  2.967113E-02
  28 -2.916651E-04  1.820853E-08  3.245256E-01
  29  9.204830E-04  6.086076E-09  1.192394E-06  6.153513E-02
  30  1.023452E-08 -3.756610E-03 -2.652612E-09  6.386977E-09  2.966742E-02
  31  8.361301E-04 -2.904337E-09  8.545381E-04 -4.034949E-04 -1.116885E-09
  32 -1.087744E-03 -1.776768E-09  2.916001E-04  9.207293E-04  1.109997E-09
  33  1.952593E-09  3.260840E-04  1.469699E-08 -2.680231E-09 -3.757939E-03
  34  1.339244E-04  3.791462E-10 -7.033965E-04  1.496852E-03  2.403288E-09
  35 -5.271959E-06 -4.572511E-10 -1.641847E-04  6.576270E-05 -2.259310E-10
  36  4.596179E-09 -1.219911E-03  9.902302E-10 -6.198347E-09  3.260319E-04
  31
  31  1.272939E-01
  32  1.139417E-01  2.588551E-01
  33  4.732402E-08 -1.099612E-08  2.965043E-02
  34  9.516426E-04 -3.680168E-04  7.306911E-09  1.272553E-01
  35  3.679678E-04  8.219372E-04 -4.265344E-09 -1.138587E-01  2.587434E-01
  36  1.208525E-08  1.039207E-08 -3.755851E-03 -4.282549E-08  3.863585E-09
  36
  36  2.967052E-02
&
