399.199	0.438902
401.127	0.808402
403.056	4.25915
404.984	4.26196
406.913	4.26477
408.841	0.494962
410.77	0.238055
412.698	0.271568
414.627	0.399373
416.555	0.649919
418.484	0.643635
420.412	0.638093
422.341	0.905088
424.269	0.444219
426.198	0.251762
428.126	0.128615
430.055	0.334719
431.983	1.06771
433.912	0.83136
435.84	0.53743
437.769	0.500821
439.697	0.532498
441.626	0.509654
443.554	0.625826
445.483	4.31967
447.411	1.42036
449.34	0.797288
451.268	1.15379
453.197	1.05064
455.125	4.33302
457.054	4.33567
458.982	0.842274
460.911	0.289561
462.839	0.386043
464.768	1.01682
466.696	4.34884
468.625	4.35146
470.553	0.918961
472.482	0.84683
474.41	2.41009
476.339	4.36186
478.267	4.36445
480.196	1.24699
482.124	0.949857
484.053	0.907901
485.981	0.610439
487.91	1.69353
489.838	4.37984
491.767	4.38238
493.695	1.35002
495.624	4.38746
497.552	4.38998
499.481	4.3925
501.409	4.39502
503.338	4.39753
505.266	4.40003
507.195	1.79474
509.123	0.827578
511.052	0.90224
512.98	1.36645
514.909	0.447602
516.837	-0.132881
518.766	-0.101302
520.694	-0.0790753
522.623	0.0187162
524.551	0.0229791
526.48	0.0159612
528.408	0.538207
530.337	0.272357
532.265	0.0163763
534.194	-0.00762773
536.122	-0.165136
538.051	-0.176432
539.979	-0.0566617
541.908	-0.0339835
543.836	-0.0580859
545.765	-0.0971581
547.693	0.0251591
549.622	0.0773865
551.55	0.141588
553.479	0.104071
555.407	0.0588478
557.336	0.238676
559.264	0.338266
561.193	0.0516011
563.121	0.0311248
565.05	0.201665
566.978	0.167039
568.907	0.12545
570.835	0.19571
572.764	0.266349
574.692	0.268574
576.621	0.322841
578.549	0.332915
580.478	0.288944
582.406	0.31821
584.335	0.35424
586.263	0.377259
588.192	0.385723
590.12	0.338781
592.049	0.30846
593.977	0.309738
595.906	0.318382
597.834	0.330758
599.763	0.348115
601.691	0.342252
603.62	0.339371
605.548	0.346185
607.477	0.351154
609.405	0.351106
611.334	0.360245
613.262	0.376063
615.191	0.391201
617.119	0.413018
619.048	0.429167
620.976	0.444019
622.905	0.46529
624.833	0.4643
626.762	0.456663
628.69	0.452472
630.619	0.45332
632.547	0.45922
634.476	0.465344
636.404	0.474649
638.333	0.489824
640.261	0.503748
642.19	0.507413
644.118	0.501997
646.047	0.493106
647.975	0.477714
649.904	0.47289
651.832	0.476722
653.761	0.480632
655.689	0.485505
657.618	0.492705
659.546	0.504
661.474	0.529043
663.403	0.5598
665.331	0.572802
667.26	0.55917
669.188	0.544914
671.117	0.539954
673.045	0.531319
674.974	0.526763
676.903	0.525237
678.831	0.52565
680.76	0.526733
682.688	0.531337
684.617	0.528463
686.545	0.518674
688.474	0.51466
690.402	0.512291
692.331	0.513678
694.259	0.519805
696.188	0.522724
698.116	0.522789
700.044	0.528344
701.973	0.525817
703.901	0.525127
705.83	0.526632
707.758	0.530961
709.687	0.536096
711.615	0.539636
713.544	0.540915
715.472	0.54485
717.401	0.54887
719.33	0.554652
721.258	0.562152
723.187	0.569723
725.115	0.573238
727.044	0.57764
728.972	0.586458
730.901	0.591287
732.829	0.590801
734.757	0.597087
736.686	0.597909
738.614	0.594031
740.543	0.590461
742.471	0.58812
744.4	0.583086
746.328	0.576848
748.257	0.567621
750.185	0.558988
752.114	0.547943
754.042	0.535947
755.971	0.525244
757.899	0.512864
759.828	0.499381
761.756	0.488654
763.685	0.479935
765.613	0.469526
767.542	0.4594
769.47	0.448377
771.399	0.441424
773.327	0.436955
775.256	0.431493
777.184	0.425371
779.113	0.422962
781.041	0.416099
782.97	0.406436
784.898	0.394524
786.827	0.383685
788.755	0.37217
790.684	0.362175
792.612	0.353212
794.541	0.34467
796.469	0.336622
798.398	0.330979
800.326	0.323943
802.255	0.316166
804.183	0.310269
806.112	0.303785
808.04	0.297642
809.969	0.291741
811.897	0.287991
813.826	0.283617
815.754	0.279568
817.683	0.273914
819.611	0.26927
821.54	0.265552
823.468	0.26381
825.397	0.262279
827.325	0.262726
829.254	0.266504
831.182	0.275065
833.111	0.286514
835.039	0.294201
836.968	0.292681
838.896	0.282612
840.825	0.270045
842.753	0.258702
844.682	0.25028
846.61	0.243491
848.539	0.239074
850.467	0.235632
852.396	0.234971
854.324	0.234113
856.253	0.233692
858.181	0.232887
860.11	0.23384
862.038	0.235679
863.967	0.237502
865.895	0.241148
867.824	0.246261
869.752	0.252264
871.681	0.260481
873.609	0.271281
875.538	0.284486
877.466	0.302625
879.395	0.325068
881.323	0.356831
883.252	0.397716
885.18	0.444983
887.109	0.48701
889.037	0.512665
890.966	0.517515
892.894	0.513423
894.823	0.506029
896.751	0.482128
898.68	0.438567
900.608	0.391209
902.537	0.352442
904.465	0.324105
906.394	0.305687
908.322	0.293992
910.251	0.286987
912.179	0.282493
914.108	0.280454
916.036	0.278276
917.965	0.276994
919.893	0.276275
921.822	0.276565
923.75	0.277491
925.679	0.278023
927.607	0.279399
929.536	0.282121
931.464	0.284089
933.393	0.286124
935.321	0.290356
937.25	0.294287
939.178	0.298121
941.107	0.302605
943.035	0.307249
944.964	0.311889
946.892	0.317519
948.821	0.323801
950.749	0.33011
952.678	0.336351
954.606	0.343464
956.535	0.35336
958.463	0.365195
960.392	0.378686
962.32	0.39505
964.249	0.414482
966.177	0.437223
968.106	0.463478
970.034	0.490712
971.963	0.51276
973.891	0.524782
975.82	0.53044
977.748	0.537897
979.677	0.553004
981.605	0.577609
983.534	0.611337
985.462	0.650044
987.391	0.684057
989.319	0.709869
991.248	0.725502
993.176	0.735074
995.105	0.736967
997.033	0.728492
998.961	0.706376
1000.89	0.676923
1002.82	0.648208
1004.75	0.628366
1006.68	0.617654
1008.6	0.614171
1010.53	0.61729
1012.46	0.626738
1014.39	0.638274
1016.32	0.648636
1018.25	0.654662
1020.17	0.6579
1022.1	0.664185
1024.03	0.677519
1025.96	0.690986
1027.89	0.698833
1029.82	0.698162
1031.75	0.693536
1033.67	0.691507
1035.6	0.693334
1037.53	0.699738
1039.46	0.711748
1041.39	0.724416
1043.32	0.735157
1045.24	0.743163
1047.17	0.751236
1049.1	0.761451
1051.03	0.772472
1052.96	0.780074
1054.89	0.78556
1056.82	0.789852
1058.74	0.799339
1060.67	0.818556
1062.6	0.844785
1064.53	0.864091
1066.46	0.874
1068.39	0.871804
1070.32	0.864851
1072.24	0.855017
1074.17	0.844992
1076.1	0.835079
1078.03	0.830133
1079.96	0.840271
1081.89	0.872096
1083.81	0.91449
1085.74	0.948186
1087.67	0.964275
1089.6	0.979074
1091.53	0.999348
1093.46	1.02065
1095.39	1.03314
1097.31	1.04183
1099.24	1.04872
1101.17	1.06076
1103.1	1.07722
1105.03	1.09763
1106.96	1.11345
1108.89	1.12237
1110.81	1.10526
1112.74	1.07538
1114.67	1.04685
1116.6	1.02555
1118.53	1.01114
1120.46	1.0061
1122.39	1.00853
1124.31	1.01837
1126.24	1.0333
1128.17	1.05566
1130.1	1.07118
1132.03	1.06697
1133.96	1.03989
1135.89	1.00862
1137.81	0.980381
1139.74	0.962846
1141.67	0.954667
1143.6	0.952127
1145.53	0.949226
1147.46	0.950886
1149.38	0.9533
1151.31	0.953595
1153.24	0.951439
1155.17	0.953162
1157.1	0.962003
1159.03	0.979376
1160.95	0.999164
1162.88	1.01769
1164.81	1.03457
1166.74	1.05006
1168.67	1.05488
1170.6	1.04135
1172.53	1.00597
1174.45	0.958934
1176.38	0.908733
1178.31	0.863835
1180.24	0.827509
1182.17	0.804057
1184.1	0.796284
1186.03	0.803226
1187.95	0.817758
1189.88	0.830108
1191.81	0.827718
1193.74	0.818685
1195.67	0.812799
1197.6	0.818006
1199.53	0.832976
1201.45	0.850889
1203.38	0.859726
1205.31	0.854116
1207.24	0.840183
1209.17	0.82928
1211.1	0.820386
1213.03	0.814661
1214.95	0.809933
1216.88	0.80557
1218.81	0.799289
1220.74	0.792317
1222.67	0.781034
1224.6	0.763403
1226.52	0.737664
1228.45	0.710659
1230.38	0.686264
1232.31	0.668919
1234.24	0.657355
1236.17	0.651034
1238.09	0.651031
1240.02	0.658513
1241.95	0.672403
1243.88	0.694243
1245.81	0.720727
1247.74	0.748024
1249.67	0.77123
1251.59	0.790638
1253.52	0.807112
1255.45	0.825477
1257.38	0.843954
1259.31	0.861616
1261.24	0.875463
1263.17	0.887413
1265.09	0.891422
1267.02	0.884935
1268.95	0.862589
1270.88	0.835865
1272.81	0.817032
1274.74	0.811868
1276.67	0.81813
1278.59	0.834433
1280.52	0.853531
1282.45	0.869114
1284.38	0.873015
1286.31	0.864473
1288.24	0.843449
1290.17	0.818971
1292.09	0.792678
1294.02	0.77458
1295.95	0.768459
1297.88	0.774621
1299.81	0.784051
1301.74	0.792949
1303.66	0.803578
1305.59	0.826287
1307.52	0.858129
1309.45	0.88004
1311.38	0.864648
1313.31	0.827918
1315.23	0.803984
1317.16	0.801072
1319.09	0.810324
1321.02	0.819474
1322.95	0.813968
1324.88	0.806674
1326.81	0.808413
1328.73	0.820199
1330.66	0.835812
1332.59	0.855198
1334.52	0.872199
1336.45	0.884862
1338.38	0.885561
1340.31	0.887683
1342.23	0.890224
1344.16	0.882344
1346.09	0.868758
1348.02	0.859035
1349.95	0.854989
1351.88	0.860922
1353.81	0.868466
1355.73	0.880716
1357.66	0.891679
1359.59	0.898886
1361.52	0.892594
1363.45	0.880644
1365.38	0.865132
1367.3	0.837211
1369.23	0.805851
1371.16	0.782929
1373.09	0.759201
1375.02	0.75326
1376.95	0.762777
1378.88	0.767035
1380.8	0.764576
1382.73	0.756238
1384.66	0.740984
1386.59	0.724143
1388.52	0.72362
1390.45	0.73182
1392.38	0.733719
1394.3	0.734118
1396.23	0.75101
1398.16	0.77224
1400.09	0.800591
1402.02	0.824208
1403.95	0.831917
1405.87	0.84255
1407.8	0.849992
1409.73	0.851629
1411.66	0.856303
1413.59	0.869787
1415.52	0.875802
1417.44	0.875571
1419.37	0.892849
1421.3	0.923915
1423.23	0.930308
1425.16	0.940775
1427.09	0.943825
1429.02	0.931624
1430.94	0.913607
1432.87	0.896465
1434.8	0.868818
1436.73	0.837028
1438.66	0.826371
1440.59	0.820435
1442.52	0.807994
1444.44	0.798304
1446.37	0.786956
1448.3	0.791181
1450.23	0.808322
1452.16	0.822562
1454.09	0.816421
1456.02	0.771371
1457.94	0.704065
1459.87	0.70499
1461.8	0.702694
1463.73	0.68849
1465.66	0.688529
1467.59	0.705397
1469.52	0.711228
1471.44	0.700373
1473.37	0.709786
1475.3	0.741542
1477.23	0.768179
1479.16	0.781445
1481.09	0.779541
1483.01	0.776511
1484.94	0.758854
1486.87	0.722741
1488.8	0.678389
1490.73	0.657063
1492.66	0.651394
1494.58	0.626686
1496.51	0.581022
1498.44	0.55886
1500.37	0.547909
1502.3	0.533669
1504.23	0.506218
1506.16	0.440605
1508.08	0.414497
1510.01	0.440584
1511.94	0.441938
1513.87	0.431092
1515.8	0.401153
1517.73	0.383398
1519.66	0.371914
1521.58	0.341957
1523.51	0.349105
1525.44	0.348246
1527.37	0.346284
1529.3	0.351369
1531.23	0.342273
1533.16	0.31793
1535.08	0.320112
1537.01	0.315334
1538.94	0.271523
1540.87	0.237276
1542.8	0.260894
1544.73	0.278577
1546.66	0.297323
1548.58	0.292948
1550.51	0.282588
1552.44	0.279761
1554.37	0.26236
1556.3	0.246978
1558.23	0.203447
1560.15	0.22798
1562.08	0.257327
1564.01	0.257919
1565.94	0.254738
1567.87	0.24634
1569.8	0.233399
1571.72	0.2455
1573.65	0.241589
1575.58	0.220572
1577.51	0.225159
1579.44	0.241134
1581.37	0.243088
1583.3	0.241926
1585.22	0.239842
1587.15	0.23807
1589.08	0.23429
1591.01	0.232041
1592.94	0.228575
1594.87	0.22541
1596.8	0.2266
1598.72	0.227661
1600.65	0.223964
1602.58	0.221182
1604.51	0.221731
1606.44	0.219931
1608.37	0.216173
1610.3	0.219078
1612.22	0.221672
1614.15	0.215309
1616.08	0.198477
1618.01	0.206753
1619.94	0.21713
1621.87	0.209154
1623.8	0.204099
1625.72	0.213473
1627.65	0.21298
1629.58	0.220102
1631.51	0.221839
1633.44	0.209939
1635.37	0.180829
1637.29	0.18946
1639.22	0.207428
1641.15	0.211546
1643.08	0.206123
1645.01	0.186375
1646.94	0.157537
1648.86	0.176915
1650.79	0.17955
1652.72	0.144622
1654.65	0.15928
1656.58	0.183701
1658.51	0.188499
1660.44	0.180574
1662.36	0.166702
1664.29	0.171933
1666.22	0.171812
1668.15	0.151807
1670.08	0.136793
1672.01	0.148199
1673.94	0.148453
1675.86	0.147276
1677.79	0.152482
1679.72	0.14279
1681.65	0.12928
1683.58	0.101817
1685.51	0.115045
1687.44	0.130323
1689.36	0.132053
1691.29	0.138563
1693.22	0.135379
1695.15	0.112277
1697.08	0.0963242
1699.01	0.097348
1700.93	0.104589
1702.86	0.116901
1704.79	0.112359
1706.72	0.119775
1708.65	0.13296
1710.58	0.138044
1712.51	0.136713
1714.43	0.122035
1716.36	0.108841
1718.29	0.121892
1720.22	0.146956
1722.15	0.149223
1724.08	0.14575
1726.01	0.145862
1727.93	0.13924
1729.86	0.126397
1731.79	0.116321
1733.72	0.100913
1735.65	0.1194
1737.58	0.127316
1739.5	0.119837
1741.43	0.118039
1743.36	0.108842
1745.29	0.100691
1747.22	0.0860651
1749.15	0.0756686
1751.07	0.0807435
1753	0.0936865
1754.93	0.0944936
1756.86	0.0862409
1758.79	0.0871453
1760.72	0.081871
1762.65	0.0810468
1764.57	0.0889159
1766.5	0.0845551
1768.43	0.0754357
1770.36	0.0638571
1772.29	0.0523185
1774.22	0.0662293
1776.15	0.0748968
1778.07	0.0749286
1780	0.0671738
1781.93	0.0673551
1783.86	0.06721
1785.79	0.0654166
1787.72	0.0647214
1789.65	0.0537858
1791.57	0.0363108
1793.5	0.0387232
1795.43	0.0446602
1797.36	0.0446639
1799.29	0.0397951
1801.22	0.0365783
1803.15	0.0422831
1805.07	0.0448334
1807	0.0421687
1808.93	0.0363268
1810.86	0.0322274
1812.79	0.036211
1814.72	0.0397573
1816.64	0.0373502
1818.57	0.0367566
1820.5	0.0354331
1822.43	0.0310746
1824.36	0.0221983
1826.29	0.0210851
1828.21	0.0151411
1830.14	0.00956237
1832.07	0.0210329
1834	0.0245575
1835.93	0.02143
1837.86	0.0201508
1839.79	0.0210043
1841.71	0.0146828
1843.64	0.0023976
1845.57	0.00434977
1847.5	0.0103272
1849.43	0.014429
1851.36	0.01652
1853.29	0.0156498
1855.21	0.0148069
1857.14	0.0130246
1859.07	0.0119126
1861	0.0118186
1862.93	0.011734
1864.86	0.00753188
1866.79	-0.00443435
1868.71	-0.0117148
1870.64	-0.000128865
1872.57	0.00792044
1874.5	0.00819212
1876.43	0.00680256
1878.36	0.00529408
1880.29	0.00421166
1882.21	0.00270736
1884.14	0.000533402
1886.07	-0.000495672
1888	-0.00506675
1889.93	-0.00853139
1891.86	-0.00335062
1893.78	-0.00427884
1895.71	-0.00474226
1897.64	-0.00112581
1899.57	0.000171602
1901.5	-0.000114322
1903.43	-8.9407e-005
1905.35	-0.000317693
1907.28	-0.00243413
1909.21	-0.00457913
1911.14	-0.000677586
1913.07	0.00304526
1915	0.00290442
1916.93	-0.00205821
1918.85	-0.00192094
1920.78	-0.000363171
1922.71	-0.00457788
1924.64	-0.000205994
1926.57	0.00300944
1928.5	0.00287652
1930.43	0.00251138
1932.35	0.00240237
1934.28	0.00335658
1936.21	0.00497311
1938.14	0.00643098
1940.07	0.00530756
1942	0.000708818
1943.93	0.00452113
1945.85	0.00968504
1947.78	0.012493
1949.71	0.0142615
1951.64	0.014679
1953.57	0.0142528
1955.5	0.0139216
1957.43	0.0148408
1959.35	0.0148309
1961.28	0.0147558
1963.21	0.0144873
1965.14	0.0114452
1967.07	0.00804663
1969	0.0113523
1970.92	0.0139283
1972.85	0.0151861
1974.78	0.0169527
1976.71	0.0194319
1978.64	0.0217781
1980.57	0.0238011
1982.49	0.0242648
1984.42	0.023611
1986.35	0.0208734
1988.28	0.0175577
1990.21	0.0139458
1992.14	0.0102983
1994.07	0.0131573
1995.99	0.0153847
1997.92	0.0156373
1999.85	0.0170482
2001.78	0.0191535
2003.71	0.0217175
2005.64	0.0243702
2007.57	0.0269523
2009.49	0.0296289
2011.42	0.0323383
2013.35	0.0342742
2015.28	0.0343823
2017.21	0.0347242
2019.14	0.0391864
2021.06	0.0429636
2022.99	0.0452611
2024.92	0.047063
2026.85	0.0484633
2028.78	0.049358
2030.71	0.050132
2032.64	0.0504034
2034.56	0.0507146
2036.49	0.0509035
2038.42	0.0510288
2040.35	0.0503935
2042.28	0.0514661
2044.21	0.053418
2046.14	0.0549407
2048.06	0.0559865
2049.99	0.0565305
2051.92	0.0564774
2053.85	0.0563346
2055.78	0.0559134
2057.71	0.0556482
2059.64	0.0549774
2061.56	0.0542316
2063.49	0.051856
2065.42	0.0497187
2067.35	0.0492987
2069.28	0.0482537
2071.21	0.0465406
2073.14	0.0452116
2075.06	0.044441
2076.99	0.0439749
2078.92	0.0436624
2080.85	0.0438607
2082.78	0.0445664
2084.71	0.0460001
2086.63	0.0472271
2088.56	0.0483007
2090.49	0.0498194
2092.42	0.0517151
2094.35	0.0526733
2096.28	0.0531873
2098.21	0.0530139
2100.13	0.0526428
2102.06	0.0521801
2103.99	0.0520862
2105.92	0.0521148
2107.85	0.0527114
2109.78	0.0535176
2111.7	0.0541157
2113.63	0.0541314
2115.56	0.0541692
2117.49	0.0538903
2119.42	0.0530287
2121.35	0.0519869
2123.27	0.0515636
2125.2	0.0514139
2127.13	0.0522538
2129.06	0.0536374
2130.99	0.0553405
2132.92	0.0563461
2134.85	0.0565701
2136.77	0.0558115
2138.7	0.0543723
2140.63	0.0516216
2142.56	0.0481285
2144.49	0.0441253
2146.42	0.0401276
2148.35	0.0365061
2150.27	0.0335051
2152.2	0.0306588
2154.13	0.0282034
2156.06	0.0260178
2157.99	0.0241124
2159.92	0.0220805
2161.84	0.0202593
2163.77	0.0187034
2165.7	0.0177209
2167.63	0.0167963
2169.56	0.0163504
2171.49	0.0161393
2173.42	0.0167711
2175.34	0.0177923
2177.27	0.0188482
2179.2	0.0195781
2181.13	0.0205253
2183.06	0.0209217
2184.99	0.0211434
2186.92	0.0210572
2188.84	0.0209625
2190.77	0.0205814
2192.7	0.0202725
2194.63	0.0199219
2196.56	0.0196937
2198.49	0.0191479
2200.42	0.0182657
2202.34	0.0171029
2204.27	0.0158848
2206.2	0.0142155
2208.13	0.0127927
2210.06	0.0118049
2211.99	0.0115269
2213.92	0.0116454
2215.84	0.0128082
2217.77	0.0144197
2219.7	0.0166359
2221.63	0.0190457
2223.56	0.0212501
2225.49	0.0225041
2227.41	0.0229069
2229.34	0.0223595
2231.27	0.0213044
2233.2	0.0196049
2235.13	0.0178252
2237.06	0.0156967
2238.99	0.0137963
2240.91	0.0118208
2242.84	0.00995654
2244.77	0.00839996
2246.7	0.00689453
2248.63	0.00558692
2250.56	0.00538826
2252.49	0.00514126
2254.41	0.00493032
2256.34	0.00471193
2258.27	0.00461197
2260.2	0.00411761
2262.13	0.0033778
2264.06	0.00259101
2265.98	0.00196183
2267.91	0.00145453
2269.84	0.00118417
2271.77	0.00111079
2273.7	0.00171733
2275.63	0.0022049
2277.55	0.00265378
2279.48	0.00285685
2281.41	0.00297874
2283.34	0.00252146
2285.27	0.00188601
2287.2	0.00077951
2289.13	-0.000392854
2291.05	-0.00142497
2292.98	-0.00213605
2294.91	-0.00262636
2296.84	-0.00258756
2298.77	-0.00226021
2300.7	-0.00143176
2302.63	-0.000545919
2304.55	0.000799179
2306.48	0.00241482
2308.41	0.00387901
2310.34	0.00524449
2312.27	0.00665939
2314.2	0.00774509
2316.13	0.00890017
2318.05	0.00926477
2319.98	0.00930166
2321.91	0.00914097
2323.84	0.00883603
2325.77	0.00834942
2327.7	0.00767243
2329.63	0.00608981
2331.55	0.00485581
2333.48	0.00319451
2335.41	0.00121391
2337.34	-0.000939369
2339.27	-0.00240201
2341.2	-0.00333971
2343.12	-0.00278467
2345.05	-0.00180423
2346.98	-0.000735283
2348.91	-0.000152111
2350.84	-0.00135976
2352.77	-0.00397021
2354.7	-0.00587261
2356.62	-0.00712961
2358.55	-0.00762862
2360.48	-0.00813085
2362.41	-0.00746846
2364.34	-0.00663352
2366.27	-0.00532717
2368.2	-0.00378424
2370.12	-0.00120711
2372.05	0.00126624
2373.98	0.00394517
2375.91	0.00662655
2377.84	0.00907439
2379.76	0.0113357
2381.69	0.0134481
2383.62	0.01495
2385.55	0.0163361
2387.48	0.0179989
2389.41	0.0204188
2391.34	0.0232214
2393.26	0.0260763
2395.19	0.0286542
2397.12	0.0315413
2399.05	0.0344689
2400.98	0.0374574
2402.91	0.0400014
2404.84	0.0424304
2406.76	0.0450369
2408.69	0.0474135
2410.62	0.0491015
2412.55	0.0502565
2414.48	0.050808
2416.41	0.0510117
2418.33	0.0506008
2420.26	0.050584
2422.19	0.0503387
2424.12	0.0499566
2426.05	0.0498168
2427.98	0.0499493
2429.91	0.0499362
2431.83	0.0507744
2433.76	0.051994
2435.69	0.0539267
2437.62	0.056097
2439.55	0.0586566
2441.48	0.0615765
2443.41	0.0646098
2445.33	0.0673126
2447.26	0.0702376
2449.19	0.0731351
2451.12	0.0760878
2453.05	0.0786051
2454.98	0.0811258
2456.91	0.0833759
2458.83	0.0856903
2460.76	0.0879152
2462.69	0.0899155
2464.62	0.0912492
2466.55	0.0925534
2468.48	0.0931981
2470.41	0.0928341
2472.33	0.0920737
2474.26	0.0914087
2476.19	0.0905983
2478.12	0.0896162
2480.05	0.0884457
2481.98	0.0880545
2483.9	0.0880761
2485.83	0.0881209
2487.76	0.0880315
2489.69	0.0884084
2491.62	0.088773
2493.55	0.0886829
2495.48	0.0882586
2497.4	0.0880556
2499.33	0.0875353
2501.26	0.0872074
2503.19	0.0870152
2505.12	0.0868255
2507.05	0.0863544
2508.98	0.0863378
2510.9	0.0860899
2512.83	0.0862955
2514.76	0.0863589
2516.69	0.0862116
2518.62	0.0860081
2520.55	0.0855461
2522.47	0.0844948
2524.4	0.083416
2526.33	0.0817521
2528.26	0.0802826
2530.19	0.0790458
2532.12	0.0781057
2534.04	0.0769922
2535.97	0.0761004
2537.9	0.0755893
2539.83	0.0751458
2541.76	0.0745721
2543.69	0.0735989
2545.62	0.0720316
2547.54	0.0706148
2549.47	0.0690889
2551.4	0.0675545
2553.33	0.066457
2555.26	0.0664431
2557.19	0.0670861
2559.12	0.0681727
2561.04	0.0695871
2562.97	0.0716742
2564.9	0.0739361
2566.83	0.0768697
2568.76	0.0798211
2570.69	0.0825813
2572.61	0.0855603
2574.54	0.08857
2576.47	0.0910467
2578.4	0.093501
2580.33	0.0957251
2582.26	0.0982651
2584.19	0.100488
2586.11	0.102592
2588.04	0.10458
2589.97	0.107102
2591.9	0.109794
2593.83	0.112798
2595.76	0.116426
2597.69	0.12087
2599.61	0.12547
2601.54	0.13015
2603.47	0.134835
2605.4	0.139652
2607.33	0.143481
2609.26	0.146668
2611.19	0.148621
2613.11	0.149881
2615.04	0.150755
2616.97	0.151562
2618.9	0.152055
2620.83	0.152906
2622.76	0.153684
2624.69	0.154939
2626.61	0.15657
2628.54	0.158232
2630.47	0.159181
2632.4	0.160205
2634.33	0.161091
2636.26	0.161585
2638.18	0.161408
2640.11	0.160654
2642.04	0.159139
2643.97	0.157154
2645.9	0.154832
2647.83	0.152745
2649.75	0.151004
2651.68	0.150236
2653.61	0.150468
2655.54	0.151498
2657.47	0.152933
2659.4	0.155294
2661.33	0.157585
2663.25	0.16026
2665.18	0.162998
2667.11	0.165934
2669.04	0.168545
2670.97	0.171275
2672.9	0.174137
2674.82	0.177122
2676.75	0.180049
2678.68	0.183454
2680.61	0.18653
2682.54	0.190261
2684.47	0.19428
2686.4	0.198389
2688.32	0.201735
2690.25	0.204751
2692.18	0.206864
2694.11	0.208648
2696.04	0.209813
2697.97	0.21034
2699.9	0.210549
2701.82	0.210837
2703.75	0.2105
2705.68	0.209785
2707.61	0.20885
2709.54	0.208409
2711.47	0.208378
2713.4	0.208459
2715.32	0.207602
2717.25	0.207371
2719.18	0.207447
2721.11	0.207185
2723.04	0.207039
2724.97	0.207338
2726.9	0.20776
2728.82	0.207917
2730.75	0.207301
2732.68	0.20726
2734.61	0.207496
2736.54	0.207042
2738.47	0.206127
2740.39	0.206474
2742.32	0.207803
2744.25	0.209593
2746.18	0.211536
2748.11	0.2146
2750.04	0.217219
2751.97	0.219429
2753.89	0.222528
2755.82	0.225438
2757.75	0.227182
2759.68	0.228766
2761.61	0.23005
2763.54	0.230915
2765.47	0.23124
2767.39	0.231889
2769.32	0.231763
2771.25	0.232196
2773.18	0.232669
2775.11	0.232899
2777.04	0.232968
2778.96	0.233239
2780.89	0.233804
2782.82	0.235537
2784.75	0.238036
2786.68	0.240958
2788.61	0.244434
2790.53	0.248902
2792.46	0.25335
2794.39	0.257893
2796.32	0.262686
2798.25	0.267539
2800.18	0.270681
2802.11	0.272395
2804.03	0.273779
2805.96	0.274627
2807.89	0.274423
2809.82	0.275004
2811.75	0.276129
2813.68	0.278217
2815.61	0.280399
2817.53	0.282487
2819.46	0.284793
2821.39	0.28785
2823.32	0.289966
2825.25	0.291732
2827.18	0.293594
2829.1	0.295952
2831.03	0.297987
2832.96	0.301191
2834.89	0.305548
2836.82	0.310309
2838.75	0.315991
2840.68	0.323077
2842.6	0.330914
2844.53	0.340503
2846.46	0.352187
2848.39	0.365865
2850.32	0.381271
2852.25	0.398297
2854.18	0.416367
2856.1	0.432476
2858.03	0.443194
2859.96	0.449115
2861.89	0.452222
2863.82	0.453314
2865.75	0.453674
2867.68	0.453782
2869.6	0.452719
2871.53	0.454128
2873.46	0.458031
2875.39	0.465253
2877.32	0.477585
2879.25	0.496379
2881.18	0.518435
2883.1	0.537229
2885.03	0.546201
2886.96	0.546349
2888.89	0.544656
2890.82	0.548647
2892.75	0.564315
2894.67	0.596619
2896.6	0.630943
2898.53	0.641258
2900.46	0.618278
2902.39	0.579392
2904.32	0.546637
2906.25	0.527441
2908.17	0.516228
2910.1	0.510088
2912.03	0.506563
2913.96	0.507705
2915.89	0.511901
2917.82	0.512591
2919.75	0.506512
2921.67	0.497689
2923.6	0.489557
2925.53	0.479393
2927.46	0.465965
2929.39	0.452865
2931.32	0.438165
2933.24	0.418702
2935.17	0.393914
2937.1	0.368144
2939.03	0.344075
2940.96	0.322656
2942.89	0.304875
2944.81	0.292344
2946.74	0.283178
2948.67	0.276675
2950.6	0.272613
2952.53	0.271062
2954.46	0.27059
2956.39	0.271915
2958.31	0.27394
2960.24	0.278294
2962.17	0.287369
2964.1	0.304383
2966.03	0.329045
2967.96	0.352855
2969.89	0.359987
2971.81	0.345729
2973.74	0.325319
2975.67	0.31097
2977.6	0.306164
2979.53	0.315057
2981.46	0.334977
2983.39	0.344445
2985.31	0.324159
2987.24	0.290001
2989.17	0.26024
2991.1	0.239108
2993.03	0.223484
2994.96	0.213179
2996.89	0.207071
2998.81	0.203277
3000.74	0.200574
3002.67	0.198827
3004.6	0.197559
3006.53	0.197274
3008.46	0.196615
3010.38	0.19566
3012.31	0.195214
3014.24	0.195684
3016.17	0.196071
3018.1	0.197098
3020.03	0.197652
3021.96	0.198685
3023.88	0.199907
3025.81	0.200695
3027.74	0.201026
3029.67	0.201229
3031.6	0.202499
3033.53	0.204981
3035.45	0.206908
3037.38	0.209522
3039.31	0.211096
3041.24	0.212776
3043.17	0.215541
3045.1	0.218073
3047.02	0.219296
3048.95	0.221231
3050.88	0.223722
3052.81	0.22693
3054.74	0.228493
3056.67	0.231327
3058.6	0.235453
3060.52	0.237943
3062.45	0.2396
3064.38	0.24165
3066.31	0.244413
3068.24	0.248093
3070.17	0.25248
3072.1	0.25667
3074.02	0.261042
3075.95	0.264385
3077.88	0.267177
3079.81	0.270568
3081.74	0.275278
3083.67	0.280455
3085.59	0.284108
3087.52	0.287971
3089.45	0.292601
3091.38	0.296726
3093.31	0.300342
3095.24	0.303937
3097.17	0.308255
3099.09	0.312629
3101.02	0.316717
3102.95	0.32244
3104.88	0.327739
3106.81	0.332299
3108.74	0.337118
3110.67	0.341872
3112.59	0.346465
3114.52	0.351291
3116.45	0.354718
3118.38	0.359579
3120.31	0.365077
3122.24	0.370125
3124.17	0.375015
3126.09	0.379647
3128.02	0.383408
3129.95	0.388348
3131.88	0.393537
3133.81	0.398666
3135.74	0.403273
3137.67	0.408534
3139.59	0.414123
3141.52	0.420328
3143.45	0.425234
3145.38	0.429226
3147.31	0.434897
3149.24	0.441409
3151.16	0.446073
3153.09	0.451197
3155.02	0.456536
3156.95	0.461506
3158.88	0.467355
3160.81	0.473858
3162.74	0.478449
3164.66	0.484249
3166.59	0.489664
3168.52	0.495378
3170.45	0.501056
3172.38	0.508934
3174.31	0.51609
3176.24	0.521972
3178.16	0.527178
3180.09	0.534713
3182.02	0.540671
3183.95	0.547265
3185.88	0.555118
3187.81	0.561304
3189.73	0.565993
3191.66	0.572658
3193.59	0.579417
3195.52	0.584526
3197.45	0.589293
3199.38	0.596055
3201.3	0.600557
3203.23	0.606208
3205.16	0.610388
3207.09	0.613633
3209.02	0.618337
3210.95	0.623922
3212.88	0.626409
3214.8	0.629339
3216.73	0.632862
3218.66	0.636359
3220.59	0.639516
3222.52	0.642106
3224.45	0.64336
3226.38	0.647482
3228.3	0.651214
3230.23	0.655421
3232.16	0.656394
3234.09	0.658298
3236.02	0.661018
3237.95	0.663986
3239.88	0.666787
3241.8	0.670165
3243.73	0.67184
3245.66	0.675138
3247.59	0.679541
3249.52	0.68311
3251.45	0.685101
3253.38	0.687626
3255.3	0.692178
3257.23	0.694752
3259.16	0.695936
3261.09	0.702093
3263.02	0.707457
3264.95	0.710089
3266.87	0.712905
3268.8	0.717497
3270.73	0.717635
3272.66	0.719836
3274.59	0.723974
3276.52	0.731235
3278.45	0.736949
3280.37	0.741878
3282.3	0.747576
3284.23	0.749786
3286.16	0.752329
3288.09	0.759114
3290.02	0.764737
3291.95	0.769147
3293.87	0.774149
3295.8	0.778932
3297.73	0.78407
3299.66	0.787281
3301.59	0.78772
3303.52	0.791431
3305.44	0.794042
3307.37	0.798022
3309.3	0.799951
3311.23	0.803625
3313.16	0.806475
3315.09	0.807426
3317.01	0.808776
3318.94	0.810394
3320.87	0.809651
3322.8	0.810529
3324.73	0.812293
3326.66	0.817948
3328.59	0.82182
3330.51	0.825037
3332.44	0.825957
3334.37	0.831622
3336.3	0.834606
3338.23	0.840219
3340.16	0.844798
3342.08	0.850254
3344.01	0.857729
3345.94	0.864247
3347.87	0.869987
3349.8	0.869928
3351.73	0.87161
3353.66	0.880504
3355.58	0.887203
3357.51	0.890187
3359.44	0.892594
3361.37	0.90048
3363.3	0.906259
3365.23	0.906168
3367.16	0.908785
3369.08	0.919686
3371.01	0.928365
3372.94	0.936006
3374.87	0.93937
3376.8	0.946251
3378.73	0.949992
3380.66	0.95409
3382.58	0.959073
3384.51	0.964299
3386.44	0.962913
3388.37	0.968534
3390.3	0.969278
3392.23	0.97171
3394.16	0.978614
3396.08	0.983272
3398.01	0.983618
3399.94	0.995426
3401.87	0.997884
3403.8	0.99936
3405.73	1.00509
3407.65	1.01072
3409.58	1.0083
3411.51	1.00986
3413.44	1.01772
3415.37	1.02933
3417.3	1.03479
3419.23	1.03774
3421.15	1.03725
3423.08	1.04839
3425.01	1.0579
3426.94	1.06833
3428.87	1.07721
3430.8	1.08988
3432.73	1.09641
3434.65	1.10778
3436.58	1.1138
3438.51	1.11645
3440.44	1.1204
3442.37	1.12209
3444.3	1.11076
3446.22	1.10449
3448.15	1.10185
3450.08	1.10438
3452.01	1.09885
3453.94	1.09358
3455.87	1.08619
3457.79	1.07867
3459.72	1.06898
3461.65	1.06443
3463.58	1.05105
3465.51	1.04696
3467.44	1.04504
3469.37	1.04421
3471.29	1.03265
3473.22	1.02115
3475.15	1.00789
3477.08	1.00307
3479.01	0.98961
3480.94	0.970232
3482.87	0.95237
3484.79	0.940799
3486.72	0.924855
3488.65	0.912026
3490.58	0.892151
3492.51	0.876243
3494.44	0.860894
3496.36	0.843644
3498.29	0.821511
3500.22	0.80321
3502.15	0.777236
3504.08	0.758597
3506.01	0.74558
3507.94	0.727062
3509.86	0.704424
3511.79	0.69074
3513.72	0.675149
3515.65	0.662399
3517.58	0.643901
3519.51	0.62578
3521.44	0.604795
3523.36	0.585889
3525.29	0.57194
3527.22	0.556111
3529.15	0.542166
3531.08	0.533771
3533.01	0.522461
3534.94	0.506097
3536.86	0.490656
3538.79	0.481517
3540.72	0.468809
3542.65	0.450647
3544.58	0.429533
3546.51	0.419476
3548.44	0.413062
3550.36	0.401388
3552.29	0.385166
3554.22	0.379599
3556.15	0.371398
3558.08	0.35974
3560.01	0.344775
3561.93	0.331948
3563.86	0.313874
3565.79	0.287741
3567.72	0.279694
3569.65	0.291065
3571.58	0.290445
3573.5	0.282686
3575.43	0.272516
3577.36	0.264641
3579.29	0.256286
3581.22	0.250588
3583.15	0.241079
3585.08	0.225436
3587	0.204745
3588.93	0.211536
3590.86	0.216084
3592.79	0.205847
3594.72	0.193336
3596.65	0.190733
3598.58	0.185054
3600.5	0.180425
3602.43	0.181636
3604.36	0.178954
3606.29	0.162987
3608.22	0.149167
3610.15	0.147475
3612.07	0.138041
3614	0.129643
3615.93	0.131207
3617.86	0.118135
3619.79	0.114845
3621.72	0.126722
3623.65	0.129921
3625.57	0.118798
3627.5	0.0950985
3629.43	0.0843495
3631.36	0.103502
3633.29	0.105559
3635.22	0.107577
3637.15	0.105729
3639.07	0.102582
3641	0.0978763
3642.93	0.0934253
3644.86	0.0831675
3646.79	0.051542
3648.72	0.0237787
3650.65	0.0424378
3652.57	0.0691925
3654.5	0.0694792
3656.43	0.0622209
3658.36	0.0701119
3660.29	0.0722775
3662.22	0.0715025
3664.15	0.0683711
3666.07	0.0612906
3668	0.0397401
3669.93	0.0194679
3671.86	0.0311095
3673.79	0.0211016
3675.72	0.000713587
3677.64	0.0233436
3679.57	0.0346128
3681.5	0.0428711
3683.43	0.0417762
3685.36	0.034579
3687.29	0.0153977
3689.22	-0.00393498
3691.14	0.00851965
3693.07	0.0269213
3695	0.0321259
3696.93	0.032853
3698.86	0.0305625
3700.79	0.0205317
3702.71	0.0207376
3704.64	0.0274568
3706.57	0.0239092
3708.5	0.00983709
3710.43	-0.0105717
3712.36	-0.00256568
3714.28	0.016318
3716.21	0.0238081
3718.14	0.019103
3720.07	0.0141656
3722	0.00705349
3723.93	0.00694788
3725.86	0.00708771
3727.78	0.0164581
3729.71	0.0171078
3731.64	0.000447512
3733.57	-0.0195574
3735.5	-0.0263874
3737.43	-0.00437874
3739.36	0.00815213
3741.28	0.00794536
3743.21	-9.11355e-005
3745.14	-0.00916421
3747.07	-0.00438261
3749	-0.0185311
3750.93	-0.0257447
3752.85	0.000152409
3754.78	0.0168942
3756.71	0.0163053
3758.64	0.0133783
3760.57	0.0225772
3762.5	0.0325464
3764.43	0.0274477
3766.35	0.0269399
3768.28	0.0257004
3770.21	0.0255243
3772.14	0.0384369
3774.07	0.0450707
3776	0.0444178
3777.93	0.0367182
3779.85	0.0354207
3781.78	0.044546
3783.71	0.041351
3785.64	0.0431956
3787.57	0.0503764
3789.5	0.0530259
3791.43	0.0535282
3793.35	0.0515115
3795.28	0.0402868
3797.21	0.0340903
3799.14	0.0315175
3801.07	0.0154973
3803	0.0304191
3804.93	0.0404574
3806.85	0.0380547
3808.78	0.0535161
3810.71	0.061445
3812.64	0.0596911
3814.57	0.0462069
3816.5	0.0381449
3818.42	0.039544
3820.35	0.0259113
3822.28	0.0415902
3824.21	0.0577753
3826.14	0.0582893
3828.07	0.0654421
3830	0.06663
3831.92	0.0626997
3833.85	0.0618646
3835.78	0.0553172
3837.71	0.0470282
3839.64	0.052954
3841.57	0.0704002
3843.5	0.0818789
3845.42	0.0960232
3847.35	0.102103
3849.28	0.0954325
3851.21	0.0782102
3853.14	0.0593942
3855.07	0.0868556
3856.99	0.104917
3858.92	0.116765
3860.85	0.112725
3862.78	0.103597
3864.71	0.10435
3866.64	0.11749
3868.56	0.109893
3870.49	0.1086
3872.42	0.120354
3874.35	0.126577
3876.28	0.141277
3878.21	0.140594
3880.14	0.129005
3882.06	0.135118
3883.99	0.137275
3885.92	0.140185
3887.85	0.152708
3889.78	0.149383
3891.71	0.14447
3893.64	0.157646
3895.56	0.165203
3897.49	0.159873
3899.42	0.151869
3901.35	0.151137
3903.28	0.149912
3905.21	0.163807
3907.14	0.182903
3909.06	0.192937
3910.99	0.196031
3912.92	0.197612
3914.85	0.193044
3916.78	0.188423
3918.71	0.192345
3920.64	0.198159
3922.56	0.198492
3924.49	0.197716
3926.42	0.207077
3928.35	0.208764
3930.28	0.205207
3932.21	0.208064
3934.13	0.217863
3936.06	0.2251
3937.99	0.227729
3939.92	0.228881
3941.85	0.226107
3943.78	0.231061
3945.71	0.236746
3947.63	0.235523
3949.56	0.238991
3951.49	0.246487
3953.42	0.251912
3955.35	0.255624
3957.28	0.259024
3959.21	0.262971
3961.13	0.265119
3963.06	0.270126
3964.99	0.275505
3966.92	0.278213
3968.85	0.279693
3970.78	0.281772
3972.7	0.283142
3974.63	0.285248
3976.56	0.287843
3978.49	0.290332
3980.42	0.291515
3982.35	0.293048
3984.27	0.29489
3986.2	0.297211
3988.13	0.297912
3990.06	0.298092
3991.99	0.299601
3993.92	0.300958
3995.85	0.302506
3997.77	0.304373
3999.7	0.305474
4001.63	-0.513348
