399.199	1.13958
401.127	0.775002
403.056	4.18249
404.984	0.989458
406.913	0.311197
408.841	0.145588
410.77	0.0417529
412.698	0.0212373
414.627	0.15996
416.555	0.312509
418.484	0.159367
420.412	0.18679
422.341	0.324039
424.269	0.305212
426.198	0.301925
428.126	0.259559
430.055	0.263596
431.983	0.116379
433.912	0.0594637
435.84	0.152068
437.769	0.505231
439.697	0.228439
441.626	0.000520825
443.554	-0.0303371
445.483	-0.0637116
447.411	-0.00186276
449.34	0.273166
451.268	0.27286
453.197	0.141984
455.125	0.107169
457.054	0.184749
458.982	0.130053
460.911	0.236719
462.839	0.201825
464.768	0.12252
466.696	0.130825
468.625	0.481467
470.553	0.668291
472.482	0.189771
474.41	0.0717192
476.339	0.0304383
478.267	0.0639857
480.196	0.374583
482.124	0.595019
484.053	0.235533
485.981	0.232122
487.91	0.907625
489.838	4.31984
491.767	4.32274
493.695	4.32564
495.624	4.32853
497.552	4.33141
499.481	0.670622
501.409	0.0310588
503.338	0.528278
505.266	4.34287
507.195	4.34572
509.123	4.34856
511.052	4.3514
512.98	4.35423
514.909	4.35705
516.837	4.35987
518.766	4.36268
520.694	0.104275
522.623	0.511911
524.551	4.37108
526.48	4.37386
528.408	4.37664
530.337	0.616207
532.265	0.0558238
534.194	0.217605
536.122	-0.173881
538.051	-0.183437
539.979	0.0612595
541.908	0.0975502
543.836	0.133389
545.765	0.104465
547.693	0.143829
549.622	0.0428978
551.55	-0.127168
553.479	-0.182437
555.407	-0.113273
557.336	0.05135
559.264	0.0570611
561.193	0.0442079
563.121	-0.0115573
565.05	-0.00610793
566.978	0.0693103
568.907	0.100947
570.835	0.0951509
572.764	0.100168
574.692	0.0980918
576.621	0.078952
578.549	0.105047
580.478	0.123294
582.406	0.134836
584.335	0.144885
586.263	0.159327
588.192	0.174439
590.12	0.182725
592.049	0.167907
593.977	0.156842
595.906	0.147181
597.834	0.136701
599.763	0.146977
601.691	0.152496
603.62	0.151595
605.548	0.154388
607.477	0.169938
609.405	0.179667
611.334	0.183547
613.262	0.191035
615.191	0.201757
617.119	0.231774
619.048	0.259997
620.976	0.284789
622.905	0.292233
624.833	0.291606
626.762	0.286929
628.69	0.280286
630.619	0.28019
632.547	0.281942
634.476	0.284266
636.404	0.294797
638.333	0.308398
640.261	0.323842
642.19	0.344519
644.118	0.355918
646.047	0.350893
647.975	0.339193
649.904	0.324781
651.832	0.313733
653.761	0.311739
655.689	0.313053
657.618	0.316282
659.546	0.324911
661.474	0.347743
663.403	0.379129
665.331	0.407219
667.26	0.420732
669.188	0.422413
671.117	0.414879
673.045	0.401344
674.974	0.391243
676.903	0.388288
678.831	0.387188
680.76	0.383376
682.688	0.37962
684.617	0.380118
686.545	0.376609
688.474	0.371699
690.402	0.369597
692.331	0.372353
694.259	0.373069
696.188	0.372228
698.116	0.372525
700.044	0.373453
701.973	0.373574
703.901	0.376081
705.83	0.3751
707.758	0.373187
709.687	0.373427
711.615	0.377098
713.544	0.382575
715.472	0.387007
717.401	0.39187
719.33	0.397296
721.258	0.39875
723.187	0.402912
725.115	0.41036
727.044	0.416173
728.972	0.423934
730.901	0.43776
732.829	0.448119
734.757	0.457202
736.686	0.467505
738.614	0.480725
740.543	0.490149
742.471	0.499168
744.4	0.506593
746.328	0.512056
748.257	0.516102
750.185	0.517581
752.114	0.51283
754.042	0.505591
755.971	0.498056
757.899	0.486521
759.828	0.474312
761.756	0.460034
763.685	0.444599
765.613	0.43073
767.542	0.418917
769.47	0.406847
771.399	0.392442
773.327	0.378017
775.256	0.367977
777.184	0.357991
779.113	0.352412
781.041	0.346738
782.97	0.340742
784.898	0.329563
786.827	0.315763
788.755	0.300547
790.684	0.288113
792.612	0.276432
794.541	0.265605
796.469	0.255492
798.398	0.246661
800.326	0.238999
802.255	0.230781
804.183	0.222575
806.112	0.213749
808.04	0.206359
809.969	0.199423
811.897	0.193992
813.826	0.188212
815.754	0.183306
817.683	0.17617
819.611	0.169843
821.54	0.163944
823.468	0.159078
825.397	0.154251
827.325	0.151868
829.254	0.15362
831.182	0.160807
833.111	0.174396
835.039	0.192092
836.968	0.200014
838.896	0.189386
840.825	0.170164
842.753	0.151218
844.682	0.136676
846.61	0.125211
848.539	0.118272
850.467	0.112597
852.396	0.109381
854.324	0.106241
856.253	0.104947
858.181	0.103101
860.11	0.101983
862.038	0.101691
863.967	0.102276
865.895	0.103014
867.824	0.105345
869.752	0.109612
871.681	0.115124
873.609	0.12338
875.538	0.13414
877.466	0.149587
879.395	0.170346
881.323	0.199282
883.252	0.239218
885.18	0.295249
887.109	0.358149
889.037	0.404319
890.966	0.413622
892.894	0.40391
894.823	0.403393
896.751	0.400602
898.68	0.36007
900.608	0.295968
902.537	0.238159
904.465	0.19512
906.394	0.168436
908.322	0.151782
910.251	0.142289
912.179	0.136386
914.108	0.134007
916.036	0.133793
917.965	0.133666
919.893	0.132304
921.822	0.130852
923.75	0.130985
925.679	0.133249
927.607	0.135242
929.536	0.137186
931.464	0.139461
933.393	0.142007
935.321	0.144978
937.25	0.148643
939.178	0.152463
941.107	0.156672
943.035	0.161112
944.964	0.165985
946.892	0.172105
948.821	0.177649
950.749	0.182647
952.678	0.187845
954.606	0.194129
956.535	0.202325
958.463	0.212721
960.392	0.225824
962.32	0.241864
964.249	0.261509
966.177	0.284842
968.106	0.313513
970.034	0.34855
971.963	0.385513
973.891	0.413103
975.82	0.420956
977.748	0.415429
979.677	0.414765
981.605	0.428333
983.534	0.456805
985.462	0.499281
987.391	0.54768
989.319	0.592053
991.248	0.620957
993.176	0.634146
995.105	0.64403
997.033	0.655602
998.961	0.650723
1000.89	0.621357
1002.82	0.578725
1004.75	0.542301
1006.68	0.519431
1008.6	0.510072
1010.53	0.511209
1012.46	0.518705
1014.39	0.531997
1016.32	0.547143
1018.25	0.55658
1020.17	0.557273
1022.1	0.557074
1024.03	0.566386
1025.96	0.587337
1027.89	0.609583
1029.82	0.615474
1031.75	0.602863
1033.67	0.587256
1035.6	0.580693
1037.53	0.583995
1039.46	0.593498
1041.39	0.606804
1043.32	0.623866
1045.24	0.63906
1047.17	0.650266
1049.1	0.659109
1051.03	0.667898
1052.96	0.676354
1054.89	0.683989
1056.82	0.68631
1058.74	0.684776
1060.67	0.68862
1062.6	0.707731
1064.53	0.741442
1066.46	0.776357
1068.39	0.794923
1070.32	0.79278
1072.24	0.777428
1074.17	0.761673
1076.1	0.749498
1078.03	0.733606
1079.96	0.712193
1081.89	0.706665
1083.81	0.732879
1085.74	0.784945
1087.67	0.835276
1089.6	0.86761
1091.53	0.897974
1093.46	0.931704
1095.39	0.948799
1097.31	0.954867
1099.24	0.956728
1101.17	0.952693
1103.1	0.951432
1105.03	0.97359
1106.96	1.01126
1108.89	1.05233
1110.81	1.06685
1112.74	1.0392
1114.67	0.991167
1116.6	0.951157
1118.53	0.921908
1120.46	0.90988
1122.39	0.909183
1124.31	0.914417
1126.24	0.924788
1128.17	0.944701
1130.1	0.972445
1132.03	0.998317
1133.96	0.99
1135.89	0.949448
1137.81	0.905034
1139.74	0.876884
1141.67	0.865112
1143.6	0.865252
1145.53	0.86672
1147.46	0.863359
1149.38	0.859062
1151.31	0.863986
1153.24	0.872167
1155.17	0.871979
1157.1	0.868623
1159.03	0.877365
1160.95	0.897666
1162.88	0.924532
1164.81	0.947957
1166.74	0.967853
1168.67	0.988493
1170.6	1.00431
1172.53	0.992389
1174.45	0.949935
1176.38	0.885556
1178.31	0.8213
1180.24	0.767238
1182.17	0.729997
1184.1	0.710724
1186.03	0.712492
1187.95	0.73476
1189.88	0.763328
1191.81	0.770712
1193.74	0.757886
1195.67	0.746544
1197.6	0.749704
1199.53	0.763146
1201.45	0.78336
1203.38	0.802039
1205.31	0.806606
1207.24	0.792524
1209.17	0.779547
1211.1	0.773591
1213.03	0.768935
1214.95	0.763188
1216.88	0.755491
1218.81	0.742825
1220.74	0.728813
1222.67	0.714461
1224.6	0.695531
1226.52	0.666492
1228.45	0.632944
1230.38	0.602683
1232.31	0.579039
1234.24	0.560856
1236.17	0.549479
1238.09	0.545827
1240.02	0.54972
1241.95	0.560381
1243.88	0.580247
1245.81	0.610105
1247.74	0.648379
1249.67	0.686311
1251.59	0.712958
1253.52	0.727713
1255.45	0.742635
1257.38	0.763434
1259.31	0.788837
1261.24	0.806378
1263.17	0.814046
1265.09	0.822774
1267.02	0.837125
1268.95	0.836493
1270.88	0.809557
1272.81	0.773418
1274.74	0.751644
1276.67	0.749109
1278.59	0.76432
1280.52	0.789014
1282.45	0.817122
1284.38	0.838085
1286.31	0.845494
1288.24	0.832821
1290.17	0.804912
1292.09	0.768377
1294.02	0.738359
1295.95	0.724926
1297.88	0.73105
1299.81	0.743954
1301.74	0.751803
1303.66	0.755155
1305.59	0.772232
1307.52	0.811953
1309.45	0.851443
1311.38	0.843005
1313.31	0.79441
1315.23	0.755189
1317.16	0.749632
1319.09	0.768969
1321.02	0.784938
1322.95	0.775802
1324.88	0.759266
1326.81	0.754397
1328.73	0.764955
1330.66	0.781481
1332.59	0.80082
1334.52	0.822819
1336.45	0.85095
1338.38	0.874023
1340.31	0.876891
1342.23	0.860748
1344.16	0.841527
1346.09	0.819203
1348.02	0.803278
1349.95	0.795782
1351.88	0.801992
1353.81	0.819181
1355.73	0.842291
1357.66	0.862486
1359.59	0.885244
1361.52	0.903207
1363.45	0.891808
1365.38	0.85379
1367.3	0.816413
1369.23	0.77522
1371.16	0.74694
1373.09	0.734361
1375.02	0.72844
1376.95	0.725968
1378.88	0.729939
1380.8	0.728713
1382.73	0.720717
1384.66	0.709364
1386.59	0.700126
1388.52	0.684691
1390.45	0.677383
1392.38	0.679596
1394.3	0.695619
1396.23	0.713088
1398.16	0.728661
1400.09	0.742528
1402.02	0.757962
1403.95	0.78259
1405.87	0.807448
1407.8	0.816705
1409.73	0.818242
1411.66	0.81458
1413.59	0.815305
1415.52	0.824361
1417.44	0.840652
1419.37	0.853964
1421.3	0.866567
1423.23	0.887788
1425.16	0.910297
1427.09	0.923294
1429.02	0.937152
1430.94	0.936267
1432.87	0.927987
1434.8	0.917467
1436.73	0.89485
1438.66	0.859902
1440.59	0.838877
1442.52	0.816944
1444.44	0.800312
1446.37	0.789308
1448.3	0.785623
1450.23	0.789221
1452.16	0.812137
1454.09	0.835669
1456.02	0.848535
1457.94	0.769567
1459.87	0.704882
1461.8	0.670878
1463.73	0.6543
1465.66	0.638243
1467.59	0.631265
1469.52	0.634874
1471.44	0.651577
1473.37	0.66956
1475.3	0.678326
1477.23	0.693308
1479.16	0.711118
1481.09	0.736499
1483.01	0.758967
1484.94	0.778585
1486.87	0.799783
1488.8	0.810937
1490.73	0.790362
1492.66	0.766389
1494.58	0.750314
1496.51	0.723424
1498.44	0.685141
1500.37	0.649128
1502.3	0.622582
1504.23	0.609601
1506.16	0.608378
1508.08	0.562472
1510.01	0.534245
1511.94	0.509561
1513.87	0.494611
1515.8	0.486865
1517.73	0.468991
1519.66	0.460414
1521.58	0.450611
1523.51	0.427981
1525.44	0.417399
1527.37	0.399759
1529.3	0.38527
1531.23	0.380427
1533.16	0.377786
1535.08	0.361153
1537.01	0.359015
1538.94	0.367687
1540.87	0.36659
1542.8	0.350248
1544.73	0.334216
1546.66	0.31757
1548.58	0.315093
1550.51	0.30981
1552.44	0.305861
1554.37	0.305732
1556.3	0.307854
1558.23	0.32031
1560.15	0.290972
1562.08	0.279472
1564.01	0.276543
1565.94	0.270956
1567.87	0.271675
1569.8	0.268745
1571.72	0.257675
1573.65	0.257532
1575.58	0.261649
1577.51	0.251161
1579.44	0.243105
1581.37	0.239495
1583.3	0.237037
1585.22	0.235046
1587.15	0.234019
1589.08	0.233407
1591.01	0.232304
1592.94	0.2318
1594.87	0.231129
1596.8	0.227841
1598.72	0.225775
1600.65	0.226544
1602.58	0.227487
1604.51	0.226954
1606.44	0.229082
1608.37	0.230963
1610.3	0.230035
1612.22	0.229685
1614.15	0.234883
1616.08	0.243468
1618.01	0.240499
1619.94	0.239469
1621.87	0.246165
1623.8	0.248445
1625.72	0.246359
1627.65	0.248471
1629.58	0.246343
1631.51	0.247088
1633.44	0.253504
1635.37	0.264008
1637.29	0.256485
1639.22	0.248852
1641.15	0.245357
1643.08	0.246312
1645.01	0.255026
1646.94	0.263508
1648.86	0.251692
1650.79	0.252766
1652.72	0.262658
1654.65	0.243747
1656.58	0.233348
1658.51	0.227558
1660.44	0.227099
1662.36	0.225992
1664.29	0.215686
1666.22	0.213586
1668.15	0.219094
1670.08	0.216634
1672.01	0.207147
1673.94	0.205028
1675.86	0.197735
1677.79	0.192685
1679.72	0.195064
1681.65	0.198187
1683.58	0.205443
1685.51	0.189214
1687.44	0.183807
1689.36	0.179521
1691.29	0.171958
1693.22	0.172166
1695.15	0.179905
1697.08	0.181988
1699.01	0.183021
1700.93	0.173883
1702.86	0.171272
1704.79	0.175581
1706.72	0.173617
1708.65	0.172769
1710.58	0.177723
1712.51	0.18583
1714.43	0.196773
1716.36	0.201765
1718.29	0.181872
1720.22	0.163616
1722.15	0.158072
1724.08	0.153174
1726.01	0.149838
1727.93	0.151956
1729.86	0.156979
1731.79	0.16221
1733.72	0.166718
1735.65	0.154346
1737.58	0.153833
1739.5	0.153247
1741.43	0.144752
1743.36	0.137819
1745.29	0.131262
1747.22	0.130755
1749.15	0.127963
1751.07	0.117347
1753	0.105969
1754.93	0.103639
1756.86	0.102451
1758.79	0.0981782
1760.72	0.0988182
1762.65	0.0948572
1764.57	0.0909945
1766.5	0.0934511
1768.43	0.096996
1770.36	0.102832
1772.29	0.105452
1774.22	0.0969526
1776.15	0.0923259
1778.07	0.0897765
1780	0.0888203
1781.93	0.0827359
1783.86	0.0791696
1785.79	0.074457
1787.72	0.0713732
1789.65	0.0740969
1791.57	0.0776058
1793.5	0.0704035
1795.43	0.0658669
1797.36	0.0624024
1799.29	0.0612625
1801.22	0.0581502
1803.15	0.052389
1805.07	0.0486754
1807	0.0478239
1808.93	0.0480393
1810.86	0.0473514
1812.79	0.0425071
1814.72	0.0396914
1816.64	0.0390525
1818.57	0.0380698
1820.5	0.0376709
1822.43	0.039659
1824.36	0.0419939
1826.29	0.0406405
1828.21	0.0434599
1830.14	0.0422886
1832.07	0.0341971
1834	0.0318071
1835.93	0.031076
1837.86	0.0292808
1839.79	0.026706
1841.71	0.0295584
1843.64	0.0329854
1845.57	0.0288855
1847.5	0.0247597
1849.43	0.0208114
1851.36	0.0178941
1853.29	0.0163327
1855.21	0.0147104
1857.14	0.0143254
1859.07	0.0137883
1861	0.013265
1862.93	0.012569
1864.86	0.0144616
1866.79	0.0197961
1868.71	0.0211889
1870.64	0.0133891
1872.57	0.00930232
1874.5	0.00744373
1876.43	0.00625098
1878.36	0.00457919
1880.29	0.00269657
1882.21	0.000932157
1884.14	-5.29289e-005
1886.07	-0.00159186
1888	-0.000160515
1889.93	-0.000530541
1891.86	-0.00331372
1893.78	-0.00254345
1895.71	-0.00248116
1897.64	-0.00420552
1899.57	-0.00449961
1901.5	-0.00432897
1903.43	-0.00402498
1905.35	-0.00359845
1907.28	-0.00168729
1909.21	-0.000444651
1911.14	-0.0018518
1913.07	-0.00238043
1915	-0.000405371
1916.93	0.00343394
1918.85	0.00427288
1920.78	0.00534612
1922.71	0.00721896
1924.64	0.00277972
1926.57	-8.59499e-005
1928.5	-0.00210071
1930.43	-0.00325763
1932.35	-0.00405061
1934.28	-0.00433648
1936.21	-0.00417244
1938.14	-0.00266778
1940.07	0.000674844
1942	0.00623113
1943.93	0.00762254
1945.85	0.00891209
1947.78	0.0100156
1949.71	0.0115409
1951.64	0.0125015
1953.57	0.0132715
1955.5	0.0128813
1957.43	0.012237
1959.35	0.012059
1961.28	0.0125135
1963.21	0.0126039
1965.14	0.014297
1967.07	0.01451
1969	0.0111931
1970.92	0.00865066
1972.85	0.00780404
1974.78	0.00774896
1976.71	0.00914544
1978.64	0.011834
1980.57	0.0157648
1982.49	0.0197635
1984.42	0.022823
1986.35	0.0240291
1988.28	0.023427
1990.21	0.021806
1992.14	0.0196961
1994.07	0.0149216
1995.99	0.0123255
1997.92	0.0112112
1999.85	0.0112305
2001.78	0.0118207
2003.71	0.0137482
2005.64	0.0165443
2007.57	0.0203788
2009.49	0.0234871
2011.42	0.0263267
2013.35	0.028792
2015.28	0.0319155
2017.21	0.0338971
2019.14	0.0343146
2021.06	0.0354654
2022.99	0.0381449
2024.92	0.040975
2026.85	0.0440426
2028.78	0.0461882
2030.71	0.0477673
2032.64	0.0486591
2034.56	0.0495782
2036.49	0.0497957
2038.42	0.049871
2040.35	0.0502898
2042.28	0.0503796
2044.21	0.0505775
2046.14	0.0517507
2048.06	0.0531129
2049.99	0.0550534
2051.92	0.0565001
2053.85	0.0575652
2055.78	0.0579031
2057.71	0.0585573
2059.64	0.059065
2061.56	0.0598175
2063.49	0.0606011
2065.42	0.0603578
2067.35	0.0579178
2069.28	0.0553955
2071.21	0.0523806
2073.14	0.0497304
2075.06	0.0474582
2076.99	0.0458982
2078.92	0.0442905
2080.85	0.0432178
2082.78	0.0425208
2084.71	0.0428262
2086.63	0.0437045
2088.56	0.0455908
2090.49	0.0475855
2092.42	0.0498728
2094.35	0.0520841
2096.28	0.0542672
2098.21	0.0557134
2100.13	0.0566464
2102.06	0.0563734
2103.99	0.0557367
2105.92	0.0547242
2107.85	0.0542185
2109.78	0.0542023
2111.7	0.0552803
2113.63	0.0566567
2115.56	0.0580368
2117.49	0.0585437
2119.42	0.0587476
2121.35	0.0579462
2123.27	0.0566258
2125.2	0.0546637
2127.13	0.0534944
2129.06	0.0533088
2130.99	0.0548404
2132.92	0.0571212
2134.85	0.0600827
2136.77	0.062656
2138.7	0.0642369
2140.63	0.0638649
2142.56	0.0613888
2144.49	0.0570707
2146.42	0.0519349
2148.35	0.046095
2150.27	0.0406873
2152.2	0.0359153
2154.13	0.0323039
2156.06	0.0295435
2157.99	0.0274498
2159.92	0.02538
2161.84	0.0236446
2163.77	0.0218454
2165.7	0.0204245
2167.63	0.0189152
2169.56	0.0175602
2171.49	0.0165109
2173.42	0.0161434
2175.34	0.0160199
2177.27	0.0167673
2179.2	0.0179595
2181.13	0.019621
2183.06	0.0212635
2184.99	0.0229691
2186.92	0.0239709
2188.84	0.0242465
2190.77	0.023761
2192.7	0.0232759
2194.63	0.0225796
2196.56	0.0223044
2198.49	0.0222518
2200.42	0.0223417
2202.34	0.0220706
2204.27	0.0214835
2206.2	0.0200816
2208.13	0.0183774
2210.06	0.0158957
2211.99	0.0135238
2213.92	0.0115591
2215.84	0.0106315
2217.77	0.010844
2219.7	0.0125595
2221.63	0.015011
2223.56	0.018212
2225.49	0.0213354
2227.41	0.0244121
2229.34	0.0262498
2231.27	0.0270896
2233.2	0.0266246
2235.13	0.0252454
2237.06	0.0231673
2238.99	0.0209632
2240.91	0.0184237
2242.84	0.0159253
2244.77	0.0131284
2246.7	0.0104936
2248.63	0.00799817
2250.56	0.00645959
2252.49	0.00543851
2254.41	0.00528812
2256.34	0.00564563
2258.27	0.00629669
2260.2	0.00649339
2262.13	0.00621319
2264.06	0.00494975
2265.98	0.00339437
2267.91	0.00183612
2269.84	0.000807881
2271.77	7.11083e-005
2273.7	0.000158012
2275.63	0.00059998
2277.55	0.00139779
2279.48	0.00188959
2281.41	0.0021714
2283.34	0.00197428
2285.27	0.0017556
2287.2	0.00118506
2289.13	0.00053376
2291.05	-0.000701666
2292.98	-0.00205517
2294.91	-0.003277
2296.84	-0.00431252
2298.77	-0.00530267
2300.7	-0.0056234
2302.63	-0.00563329
2304.55	-0.00480831
2306.48	-0.00332713
2308.41	-0.0011304
2310.34	0.00116426
2312.27	0.00349706
2314.2	0.00544828
2316.13	0.00765908
2318.05	0.00975388
2319.98	0.012114
2321.91	0.0141401
2323.84	0.0159072
2325.77	0.0169646
2327.7	0.0168207
2329.63	0.0155797
2331.55	0.0142385
2333.48	0.0125362
2335.41	0.0107223
2337.34	0.00777626
2339.27	0.00547367
2341.2	0.00377977
2343.12	0.00317341
2345.05	0.00285655
2346.98	0.00357056
2348.91	0.00413418
2350.84	0.00362211
2352.77	0.00124574
2354.7	-0.000798523
2356.62	-0.0024206
2358.55	-0.00372273
2360.48	-0.00527644
2362.41	-0.00586528
2364.34	-0.00614017
2366.27	-0.00556982
2368.2	-0.00458473
2370.12	-0.00319171
2372.05	-0.00160599
2373.98	0.00104743
2375.91	0.00354284
2377.84	0.0059762
2379.76	0.00804394
2381.69	0.00990003
2383.62	0.0111048
2385.55	0.0124561
2387.48	0.0138405
2389.41	0.0154629
2391.34	0.0174258
2393.26	0.0202265
2395.19	0.0229658
2397.12	0.0258534
2399.05	0.0286312
2400.98	0.0315934
2402.91	0.0343936
2404.84	0.0374221
2406.76	0.0405013
2408.69	0.0439094
2410.62	0.0471514
2412.55	0.0500426
2414.48	0.0515998
2416.41	0.0522699
2418.33	0.0518301
2420.26	0.0509942
2422.19	0.0497203
2424.12	0.0484269
2426.05	0.0471848
2427.98	0.04631
2429.91	0.0453549
2431.83	0.0448519
2433.76	0.0447745
2435.69	0.0457253
2437.62	0.0472575
2439.55	0.0493933
2441.48	0.0519353
2443.41	0.0551746
2445.33	0.0584961
2447.26	0.0621957
2449.19	0.0660926
2451.12	0.0700455
2453.05	0.0738242
2454.98	0.077476
2456.91	0.0809804
2458.83	0.0845481
2460.76	0.0878708
2462.69	0.0914326
2464.62	0.0947379
2466.55	0.0978183
2468.48	0.099983
2470.41	0.101086
2472.33	0.100553
2474.26	0.0992903
2476.19	0.0975454
2478.12	0.0957799
2480.05	0.0936027
2481.98	0.0918137
2483.9	0.0901693
2485.83	0.0894261
2487.76	0.0897065
2489.69	0.090858
2491.62	0.0923312
2493.55	0.0939335
2495.48	0.0948874
2497.4	0.0950715
2499.33	0.0942482
2501.26	0.0933403
2503.19	0.0916879
2505.12	0.0896407
2507.05	0.0876173
2508.98	0.0859151
2510.9	0.0845354
2512.83	0.0844891
2514.76	0.0855334
2516.69	0.0870371
2518.62	0.0886292
2520.55	0.0904109
2522.47	0.0913262
2524.4	0.0917689
2526.33	0.091666
2528.26	0.0912918
2530.19	0.090355
2532.12	0.0892468
2534.04	0.0876061
2535.97	0.0855998
2537.9	0.0835623
2539.83	0.0818842
2541.76	0.0799658
2543.69	0.0780389
2545.62	0.0763466
2547.54	0.0747747
2549.47	0.0726317
2551.4	0.070424
2553.33	0.0678729
2555.26	0.0657931
2557.19	0.0638623
2559.12	0.0628128
2561.04	0.0625501
2562.97	0.0635412
2564.9	0.064971
2566.83	0.0668518
2568.76	0.069666
2570.69	0.0731956
2572.61	0.0761681
2574.54	0.0791552
2576.47	0.081878
2578.4	0.0849354
2580.33	0.0881406
2582.26	0.0915655
2584.19	0.0941612
2586.11	0.0960594
2588.04	0.0973164
2589.97	0.0983682
2591.9	0.0989898
2593.83	0.100723
2595.76	0.103124
2597.69	0.106776
2599.61	0.111795
2601.54	0.117913
2603.47	0.124123
2605.4	0.130459
2607.33	0.13581
2609.26	0.140269
2611.19	0.143228
2613.11	0.145644
2615.04	0.147534
2616.97	0.149296
2618.9	0.150583
2620.83	0.151743
2622.76	0.153406
2624.69	0.155656
2626.61	0.157411
2628.54	0.160039
2630.47	0.163462
2632.4	0.166551
2634.33	0.168783
2636.26	0.170504
2638.18	0.170753
2640.11	0.170457
2642.04	0.169449
2643.97	0.167774
2645.9	0.165022
2647.83	0.161771
2649.75	0.157918
2651.68	0.154721
2653.61	0.152081
2655.54	0.150635
2657.47	0.149948
2659.4	0.15039
2661.33	0.15184
2663.25	0.154216
2665.18	0.156879
2667.11	0.160296
2669.04	0.163613
2670.97	0.16706
2672.9	0.17034
2674.82	0.173589
2676.75	0.176719
2678.68	0.180398
2680.61	0.184078
2682.54	0.187853
2684.47	0.191762
2686.4	0.19594
2688.32	0.200254
2690.25	0.204718
2692.18	0.207779
2694.11	0.210091
2696.04	0.211341
2697.97	0.211657
2699.9	0.210931
2701.82	0.209993
2703.75	0.209188
2705.68	0.20837
2707.61	0.206938
2709.54	0.205394
2711.47	0.204517
2713.4	0.204759
2715.32	0.204853
2717.25	0.205391
2719.18	0.205832
2721.11	0.205838
2723.04	0.20639
2724.97	0.208442
2726.9	0.21017
2728.82	0.211616
2730.75	0.213444
2732.68	0.215572
2734.61	0.216699
2736.54	0.217061
2738.47	0.216992
2740.39	0.217919
2742.32	0.21794
2744.25	0.21807
2746.18	0.21851
2748.11	0.219815
2750.04	0.22169
2751.97	0.22387
2753.89	0.225919
2755.82	0.228508
2757.75	0.230998
2759.68	0.23355
2761.61	0.235586
2763.54	0.237437
2765.47	0.238227
2767.39	0.238409
2769.32	0.237642
2771.25	0.23653
2773.18	0.23539
2775.11	0.233955
2777.04	0.232072
2778.96	0.23037
2780.89	0.229053
2782.82	0.228694
2784.75	0.229114
2786.68	0.231041
2788.61	0.233759
2790.53	0.237201
2792.46	0.240784
2794.39	0.2463
2796.32	0.251713
2798.25	0.256877
2800.18	0.260688
2802.11	0.263182
2804.03	0.265108
2805.96	0.26732
2807.89	0.268724
2809.82	0.270482
2811.75	0.27247
2813.68	0.275384
2815.61	0.278107
2817.53	0.280563
2819.46	0.283375
2821.39	0.287118
2823.32	0.290543
2825.25	0.293336
2827.18	0.296559
2829.1	0.300661
2831.03	0.304632
2832.96	0.307768
2834.89	0.3109
2836.82	0.315591
2838.75	0.32031
2840.68	0.325661
2842.6	0.331795
2844.53	0.339299
2846.46	0.348983
2848.39	0.362166
2850.32	0.377271
2852.25	0.393423
2854.18	0.408056
2856.1	0.419676
2858.03	0.426791
2859.96	0.430049
2861.89	0.432447
2863.82	0.4377
2865.75	0.441758
2867.68	0.442184
2869.6	0.440055
2871.53	0.438654
2873.46	0.438704
2875.39	0.442618
2877.32	0.455207
2879.25	0.477717
2881.18	0.506194
2883.1	0.52987
2885.03	0.5369
2886.96	0.532979
2888.89	0.530332
2890.82	0.535318
2892.75	0.554735
2894.67	0.592913
2896.6	0.63609
2898.53	0.649462
2900.46	0.618202
2902.39	0.575111
2904.32	0.544063
2906.25	0.525236
2908.17	0.514734
2910.1	0.509211
2912.03	0.504812
2913.96	0.504368
2915.89	0.504327
2917.82	0.502186
2919.75	0.495477
2921.67	0.486497
2923.6	0.480221
2925.53	0.476661
2927.46	0.47071
2929.39	0.46068
2931.32	0.444824
2933.24	0.421531
2935.17	0.392286
2937.1	0.363104
2939.03	0.338329
2940.96	0.318353
2942.89	0.301236
2944.81	0.289014
2946.74	0.280083
2948.67	0.272624
2950.6	0.267416
2952.53	0.265162
2954.46	0.264028
2956.39	0.264117
2958.31	0.266176
2960.24	0.270668
2962.17	0.275393
2964.1	0.284335
2966.03	0.304352
2967.96	0.337606
2969.89	0.370208
2971.81	0.376217
2973.74	0.350853
2975.67	0.323678
2977.6	0.312544
2979.53	0.323354
2981.46	0.354053
2983.39	0.365635
2985.31	0.330507
2987.24	0.284728
2989.17	0.250682
2991.1	0.22841
2993.03	0.213844
2994.96	0.2043
2996.89	0.198166
2998.81	0.194348
3000.74	0.191369
3002.67	0.189402
3004.6	0.187528
3006.53	0.186136
3008.46	0.185157
3010.38	0.185451
3012.31	0.185666
3014.24	0.185696
3016.17	0.185852
3018.1	0.185762
3020.03	0.186015
3021.96	0.187421
3023.88	0.187994
3025.81	0.188628
3027.74	0.19
3029.67	0.191783
3031.6	0.193192
3033.53	0.19431
3035.45	0.19575
3037.38	0.196851
3039.31	0.198185
3041.24	0.20029
3043.17	0.202221
3045.1	0.204305
3047.02	0.206592
3048.95	0.208828
3050.88	0.210336
3052.81	0.213043
3054.74	0.21634
3056.67	0.219
3058.6	0.221024
3060.52	0.224127
3062.45	0.227096
3064.38	0.230529
3066.31	0.233542
3068.24	0.236419
3070.17	0.239427
3072.1	0.24331
3074.02	0.247849
3075.95	0.2521
3077.88	0.255533
3079.81	0.259784
3081.74	0.264055
3083.67	0.268674
3085.59	0.273195
3087.52	0.277461
3089.45	0.281461
3091.38	0.286406
3093.31	0.291833
3095.24	0.298054
3097.17	0.302325
3099.09	0.307127
3101.02	0.313518
3102.95	0.319371
3104.88	0.324069
3106.81	0.329161
3108.74	0.33489
3110.67	0.340745
3112.59	0.345749
3114.52	0.351635
3116.45	0.357671
3118.38	0.364026
3120.31	0.370229
3122.24	0.376859
3124.17	0.38246
3126.09	0.387022
3128.02	0.392276
3129.95	0.399797
3131.88	0.406325
3133.81	0.412536
3135.74	0.418531
3137.67	0.424381
3139.59	0.430121
3141.52	0.437419
3143.45	0.443642
3145.38	0.449961
3147.31	0.45715
3149.24	0.464931
3151.16	0.470209
3153.09	0.477073
3155.02	0.484492
3156.95	0.491673
3158.88	0.499031
3160.81	0.50607
3162.74	0.513707
3164.66	0.521969
3166.59	0.529413
3168.52	0.537799
3170.45	0.546912
3172.38	0.554562
3174.31	0.56209
3176.24	0.571362
3178.16	0.579539
3180.09	0.587861
3182.02	0.595499
3183.95	0.60154
3185.88	0.605871
3187.81	0.610999
3189.73	0.616279
3191.66	0.620377
3193.59	0.623444
3195.52	0.627441
3197.45	0.631353
3199.38	0.634648
3201.3	0.634655
3203.23	0.635928
3205.16	0.638455
3207.09	0.639645
3209.02	0.641701
3210.95	0.643773
3212.88	0.642261
3214.8	0.641686
3216.73	0.64339
3218.66	0.645584
3220.59	0.646002
3222.52	0.646605
3224.45	0.647084
3226.38	0.650205
3228.3	0.652806
3230.23	0.653451
3232.16	0.653669
3234.09	0.654421
3236.02	0.657331
3237.95	0.662689
3239.88	0.664847
3241.8	0.665763
3243.73	0.668208
3245.66	0.672565
3247.59	0.674361
3249.52	0.678527
3251.45	0.683035
3253.38	0.687889
3255.3	0.691294
3257.23	0.695291
3259.16	0.699177
3261.09	0.704996
3263.02	0.710467
3264.95	0.7185
3266.87	0.723287
3268.8	0.726307
3270.73	0.731764
3272.66	0.739302
3274.59	0.74641
3276.52	0.754312
3278.45	0.761188
3280.37	0.768461
3282.3	0.774122
3284.23	0.781042
3286.16	0.789438
3288.09	0.79676
3290.02	0.799453
3291.95	0.80449
3293.87	0.809831
3295.8	0.811132
3297.73	0.810077
3299.66	0.813624
3301.59	0.818738
3303.52	0.82278
3305.44	0.82006
3307.37	0.819321
3309.3	0.821479
3311.23	0.82439
3313.16	0.829665
3315.09	0.834837
3317.01	0.837658
3318.94	0.843087
3320.87	0.845184
3322.8	0.846713
3324.73	0.85163
3326.66	0.857614
3328.59	0.862056
3330.51	0.866268
3332.44	0.867765
3334.37	0.873499
3336.3	0.880061
3338.23	0.88618
3340.16	0.885798
3342.08	0.885006
3344.01	0.8873
3345.94	0.891533
3347.87	0.894188
3349.8	0.896339
3351.73	0.903243
3353.66	0.911994
3355.58	0.917567
3357.51	0.922463
3359.44	0.921885
3361.37	0.92807
3363.3	0.935116
3365.23	0.942639
3367.16	0.944239
3369.08	0.948845
3371.01	0.954675
3372.94	0.962633
3374.87	0.964705
3376.8	0.968775
3378.73	0.970078
3380.66	0.974358
3382.58	0.980722
3384.51	0.984305
3386.44	0.982396
3388.37	0.984098
3390.3	0.98941
3392.23	0.991005
3394.16	0.985664
3396.08	0.989222
3398.01	0.989949
3399.94	0.991851
3401.87	0.990043
3403.8	0.989124
3405.73	0.992587
3407.65	0.998098
3409.58	1.00112
3411.51	1.00112
3413.44	1.00385
3415.37	1.01183
3417.3	1.02056
3419.23	1.03208
3421.15	1.03975
3423.08	1.05044
3425.01	1.06353
3426.94	1.07658
3428.87	1.08759
3430.8	1.10301
3432.73	1.10752
3434.65	1.10563
3436.58	1.10621
3438.51	1.10786
3440.44	1.09767
3442.37	1.09209
3444.3	1.08563
3446.22	1.07474
3448.15	1.05941
3450.08	1.0514
3452.01	1.04205
3453.94	1.03234
3455.87	1.01836
3457.79	1.01022
3459.72	0.998891
3461.65	0.992002
3463.58	0.977855
3465.51	0.963661
3467.44	0.948699
3469.37	0.934338
3471.29	0.918441
3473.22	0.907979
3475.15	0.889615
3477.08	0.871497
3479.01	0.852684
3480.94	0.839756
3482.87	0.822124
3484.79	0.80567
3486.72	0.787559
3488.65	0.76979
3490.58	0.746545
3492.51	0.726186
3494.44	0.708039
3496.36	0.69016
3498.29	0.67275
3500.22	0.660581
3502.15	0.645091
3504.08	0.626996
3506.01	0.609154
3507.94	0.596925
3509.86	0.579329
3511.79	0.562803
3513.72	0.548081
3515.65	0.534903
3517.58	0.519834
3519.51	0.506287
3521.44	0.495981
3523.36	0.48624
3525.29	0.473702
3527.22	0.463051
3529.15	0.447375
3531.08	0.433889
3533.01	0.42217
3534.94	0.413709
3536.86	0.401596
3538.79	0.389138
3540.72	0.378536
3542.65	0.373295
3544.58	0.36705
3546.51	0.35558
3548.44	0.341234
3550.36	0.332633
3552.29	0.323403
3554.22	0.311947
3556.15	0.302674
3558.08	0.296637
3560.01	0.290223
3561.93	0.284995
3563.86	0.28329
3565.79	0.284808
3567.72	0.269335
3569.65	0.253711
3571.58	0.24556
3573.5	0.241103
3575.43	0.235327
3577.36	0.230002
3579.29	0.224451
3581.22	0.218465
3583.15	0.214142
3585.08	0.216027
3587	0.215574
3588.93	0.201306
3590.86	0.193258
3592.79	0.192541
3594.72	0.18818
3596.65	0.182029
3598.58	0.178321
3600.5	0.17375
3602.43	0.165385
3604.36	0.161414
3606.29	0.161761
3608.22	0.158901
3610.15	0.15219
3612.07	0.151713
3614	0.146167
3615.93	0.1423
3617.86	0.14197
3619.79	0.132578
3621.72	0.12039
3623.65	0.115365
3625.57	0.116301
3627.5	0.123441
3629.43	0.112768
3631.36	0.100944
3633.29	0.0954756
3635.22	0.0891401
3637.15	0.0851696
3639.07	0.0812988
3641	0.0781596
3642.93	0.0753961
3644.86	0.0768558
3646.79	0.0871225
3648.72	0.0900427
3650.65	0.0711942
3652.57	0.0553795
3654.5	0.0551054
3656.43	0.0497959
3658.36	0.0418782
3660.29	0.0374069
3662.22	0.0335169
3664.15	0.03009
3666.07	0.0307748
3668	0.0374837
3669.93	0.0374888
3671.86	0.0279577
3673.79	0.0354889
3675.72	0.0333577
3677.64	0.0207756
3679.57	0.0123999
3681.5	0.0058859
3683.43	0.0035699
3685.36	0.00579327
3687.29	0.0131565
3689.22	0.017401
3691.14	0.00704509
3693.07	-0.00151378
3695	-0.0042842
3696.93	-0.0063656
3698.86	-0.00638884
3700.79	-0.00274587
3702.71	-0.00652283
3704.64	-0.00927866
3706.57	-0.00756752
3708.5	-0.000416696
3710.43	0.00773001
3712.36	0.000855327
3714.28	-0.0086236
3716.21	-0.0100838
3718.14	-0.00820047
3720.07	-0.00516015
3722	-0.00195533
3723.93	-0.00133818
3725.86	-0.00187063
3727.78	-0.00575387
3729.71	-0.00354761
3731.64	0.00521648
3733.57	0.0135992
3735.5	0.0159368
3737.43	0.00487232
3739.36	0.00199342
3741.28	0.0032298
3743.21	0.00868499
3745.14	0.00787228
3747.07	0.00940353
3749	0.0165949
3750.93	0.0186593
3752.85	0.00451505
3754.78	-0.000211835
3756.71	0.000920057
3758.64	0.00297433
3760.57	-0.00221556
3762.5	-0.0035035
3764.43	0.000165761
3766.35	0.000484347
3768.28	0.00279319
3770.21	0.00291133
3772.14	-0.00206047
3774.07	-0.00226146
3776	4.4167e-005
3777.93	0.00613582
3779.85	0.00637555
3781.78	0.00492686
3783.71	0.00872576
3785.64	0.00882566
3787.57	0.00532752
3789.5	0.00457162
3791.43	0.00490689
3793.35	0.00792843
3795.28	0.0143869
3797.21	0.0173272
3799.14	0.0211982
3801.07	0.029504
3803	0.020607
3804.93	0.0209906
3806.85	0.0217004
3808.78	0.0163683
3810.71	0.0154298
3812.64	0.0190232
3814.57	0.0276499
3816.5	0.0315691
3818.42	0.0349586
3820.35	0.0439937
3822.28	0.0349846
3824.21	0.0332196
3826.14	0.0352861
3828.07	0.034288
3830	0.0366448
3831.92	0.0413511
3833.85	0.0457069
3835.78	0.0543737
3837.71	0.062703
3839.64	0.0651034
3841.57	0.0615796
3843.5	0.0626867
3845.42	0.0614766
3847.35	0.0655856
3849.28	0.07517
3851.21	0.0912738
3853.14	0.102037
3855.07	0.0922487
3856.99	0.0879978
3858.92	0.0863678
3860.85	0.0906438
3862.78	0.098541
3864.71	0.0996191
3866.64	0.0969914
3868.56	0.104804
3870.49	0.107652
3872.42	0.107196
3874.35	0.106553
3876.28	0.103212
3878.21	0.108587
3880.14	0.114625
3882.06	0.114232
3883.99	0.117598
3885.92	0.11649
3887.85	0.114294
3889.78	0.121796
3891.71	0.12654
3893.64	0.124327
3895.56	0.125565
3897.49	0.134148
3899.42	0.14171
3901.35	0.147148
3903.28	0.152471
3905.21	0.149808
3907.14	0.146032
3909.06	0.147632
3910.99	0.151004
3912.92	0.154727
3914.85	0.160474
3916.78	0.16519
3918.71	0.164609
3920.64	0.164583
3922.56	0.168541
3924.49	0.172919
3926.42	0.17125
3928.35	0.174827
3930.28	0.180331
3932.21	0.183159
3934.13	0.181666
3936.06	0.183413
3937.99	0.186904
3939.92	0.191564
3941.85	0.198328
3943.78	0.200121
3945.71	0.201526
3947.63	0.207428
3949.56	0.210114
3951.49	0.211582
3953.42	0.213774
3955.35	0.217598
3957.28	0.2213
3959.21	0.225033
3961.13	0.229375
3963.06	0.233218
3964.99	0.235863
3966.92	0.239943
3968.85	0.243585
3970.78	0.247186
3972.7	0.250803
3974.63	0.253831
3976.56	0.254805
3978.49	0.255959
3980.42	0.257038
3982.35	0.258154
3984.27	0.258904
3986.2	0.260032
3988.13	0.261635
3990.06	0.263803
3991.99	0.264375
3993.92	0.26586
3995.85	0.266577
3997.77	0.267394
3999.7	0.267968
4001.63	-0.471536
