399.199	0.666059
401.127	1.18081
403.056	0.744443
404.984	0.461698
406.913	0.4405
408.841	0.333958
410.77	0.524041
412.698	0.680618
414.627	1.09784
416.555	1.25093
418.484	1.00338
420.412	0.918829
422.341	4.29853
424.269	0.537594
426.198	0.342385
428.126	0.277117
430.055	0.259759
431.983	0.470436
433.912	1.0067
435.84	0.732676
437.769	0.615351
439.697	0.4373
441.626	0.290415
443.554	0.242071
445.483	0.559625
447.411	0.688537
449.34	0.584913
451.268	0.509808
453.197	0.651175
455.125	0.46924
457.054	0.85689
458.982	4.3487
460.911	4.35128
462.839	0.918445
464.768	0.547449
466.696	0.562749
468.625	0.633105
470.553	0.313173
472.482	0.430429
474.41	4.36919
476.339	4.37173
478.267	0.61587
480.196	0.376412
482.124	0.636361
484.053	4.38181
485.981	4.38431
487.91	4.38681
489.838	4.38931
491.767	1.00868
493.695	1.05435
495.624	4.39676
497.552	4.39923
499.481	0.939988
501.409	0.264114
503.338	0.631733
505.266	0.624521
507.195	0.394139
509.123	0.0607454
511.052	0.359688
512.98	1.51626
514.909	0.0056349
516.837	0.287
518.766	4.42604
520.694	4.42844
522.623	4.43084
524.551	4.43323
526.48	0.331899
528.408	0.308503
530.337	0.586438
532.265	-0.0576497
534.194	-0.335946
536.122	-0.221163
538.051	-0.172034
539.979	-0.174039
541.908	-0.0250111
543.836	0.229684
545.765	0.104983
547.693	-0.0356534
549.622	-0.0376055
551.55	-0.0567254
553.479	-0.0504538
555.407	0.108267
557.336	0.223454
559.264	0.144492
561.193	0.199158
563.121	0.158711
565.05	0.0891314
566.978	0.181973
568.907	0.366197
570.835	0.420543
572.764	0.349008
574.692	0.311085
576.621	0.276812
578.549	0.276775
580.478	0.312724
582.406	0.329283
584.335	0.361049
586.263	0.382961
588.192	0.366577
590.12	0.354158
592.049	0.356502
593.977	0.353915
595.906	0.346803
597.834	0.34329
599.763	0.343596
601.691	0.348046
603.62	0.35175
605.548	0.354748
607.477	0.361691
609.405	0.365871
611.334	0.369009
613.262	0.383058
615.191	0.403875
617.119	0.424654
619.048	0.452638
620.976	0.475933
622.905	0.488503
624.833	0.482828
626.762	0.483778
628.69	0.489255
630.619	0.487478
632.547	0.482484
634.476	0.477478
636.404	0.484104
638.333	0.501287
640.261	0.515524
642.19	0.517763
644.118	0.517803
646.047	0.510489
647.975	0.50328
649.904	0.49893
651.832	0.492925
653.761	0.491598
655.689	0.499063
657.618	0.512945
659.546	0.5259
661.474	0.546858
663.403	0.574402
665.331	0.592391
667.26	0.581261
669.188	0.566549
671.117	0.566469
673.045	0.554598
674.974	0.546432
676.903	0.547561
678.831	0.545002
680.76	0.542577
682.688	0.540842
684.617	0.540712
686.545	0.542012
688.474	0.540366
690.402	0.534961
692.331	0.535931
694.259	0.537677
696.188	0.539108
698.116	0.540587
700.044	0.541655
701.973	0.540453
703.901	0.542126
705.83	0.547132
707.758	0.5513
709.687	0.552605
711.615	0.558898
713.544	0.566922
715.472	0.572345
717.401	0.571972
719.33	0.572611
721.258	0.576461
723.187	0.58406
725.115	0.589093
727.044	0.598469
728.972	0.604176
730.901	0.606692
732.829	0.609308
734.757	0.612742
736.686	0.6119
738.614	0.610734
740.543	0.607099
742.471	0.602373
744.4	0.592947
746.328	0.582974
748.257	0.573611
750.185	0.56679
752.114	0.557017
754.042	0.5451
755.971	0.534694
757.899	0.524131
759.828	0.51388
761.756	0.501587
763.685	0.48969
765.613	0.479215
767.542	0.471375
769.47	0.46326
771.399	0.454309
773.327	0.446186
775.256	0.441987
777.184	0.439033
779.113	0.436547
781.041	0.42859
782.97	0.416885
784.898	0.404934
786.827	0.394481
788.755	0.383082
790.684	0.373573
792.612	0.364233
794.541	0.355566
796.469	0.347116
798.398	0.33994
800.326	0.332337
802.255	0.325742
804.183	0.320412
806.112	0.315013
808.04	0.310446
809.969	0.304438
811.897	0.300432
813.826	0.296837
815.754	0.292995
817.683	0.286773
819.611	0.282295
821.54	0.277652
823.468	0.275373
825.397	0.274305
827.325	0.275539
829.254	0.279662
831.182	0.288202
833.111	0.298519
835.039	0.305439
836.968	0.304892
838.896	0.295044
840.825	0.281725
842.753	0.269438
844.682	0.261467
846.61	0.255688
848.539	0.252917
850.467	0.249115
852.396	0.247328
854.324	0.245814
856.253	0.245854
858.181	0.24584
860.11	0.24766
862.038	0.250278
863.967	0.253597
865.895	0.257142
867.824	0.261569
869.752	0.268277
871.681	0.276087
873.609	0.286421
875.538	0.300408
877.466	0.319479
879.395	0.342204
881.323	0.373515
883.252	0.413706
885.18	0.459935
887.109	0.500935
889.037	0.525156
890.966	0.530322
892.894	0.528313
894.823	0.519511
896.751	0.494431
898.68	0.450935
900.608	0.404142
902.537	0.365604
904.465	0.337889
906.394	0.320062
908.322	0.308029
910.251	0.30144
912.179	0.296894
914.108	0.294468
916.036	0.29286
917.965	0.291485
919.893	0.29021
921.822	0.290426
923.75	0.291431
925.679	0.292624
927.607	0.29408
929.536	0.295976
931.464	0.298957
933.393	0.301977
935.321	0.305028
937.25	0.30833
939.178	0.312363
941.107	0.31645
943.035	0.321223
944.964	0.326504
946.892	0.332173
948.821	0.337793
950.749	0.343871
952.678	0.350714
954.606	0.359019
956.535	0.368668
958.463	0.380398
960.392	0.394481
962.32	0.410719
964.249	0.429779
966.177	0.452021
968.106	0.477796
970.034	0.503445
971.963	0.52404
973.891	0.536268
975.82	0.542938
977.748	0.551998
979.677	0.567431
981.605	0.591283
983.534	0.624208
985.462	0.661799
987.391	0.695469
989.319	0.720314
991.248	0.736062
993.176	0.745537
995.105	0.747317
997.033	0.73722
998.961	0.713216
1000.89	0.683227
1002.82	0.656365
1004.75	0.637712
1006.68	0.62738
1008.6	0.625589
1010.53	0.630012
1012.46	0.638859
1014.39	0.649435
1016.32	0.658991
1018.25	0.663818
1020.17	0.668894
1022.1	0.677703
1024.03	0.689493
1025.96	0.700678
1027.89	0.707831
1029.82	0.707829
1031.75	0.703769
1033.67	0.701032
1035.6	0.704408
1037.53	0.712012
1039.46	0.724284
1041.39	0.737671
1043.32	0.747805
1045.24	0.755188
1047.17	0.763419
1049.1	0.772829
1051.03	0.783097
1052.96	0.790418
1054.89	0.79534
1056.82	0.801659
1058.74	0.812531
1060.67	0.829906
1062.6	0.853837
1064.53	0.8723
1066.46	0.881628
1068.39	0.879039
1070.32	0.870682
1072.24	0.862769
1074.17	0.857216
1076.1	0.849925
1078.03	0.846347
1079.96	0.857247
1081.89	0.888234
1083.81	0.928237
1085.74	0.958747
1087.67	0.976497
1089.6	0.99366
1091.53	1.01075
1093.46	1.02978
1095.39	1.04378
1097.31	1.05588
1099.24	1.0642
1101.17	1.07307
1103.1	1.0878
1105.03	1.10788
1106.96	1.11996
1108.89	1.12486
1110.81	1.11179
1112.74	1.08703
1114.67	1.05753
1116.6	1.035
1118.53	1.0197
1120.46	1.01421
1122.39	1.017
1124.31	1.0304
1126.24	1.04672
1128.17	1.06367
1130.1	1.07484
1132.03	1.07132
1133.96	1.04626
1135.89	1.01422
1137.81	0.988807
1139.74	0.974872
1141.67	0.966264
1143.6	0.962906
1145.53	0.960438
1147.46	0.960131
1149.38	0.962163
1151.31	0.962396
1153.24	0.959743
1155.17	0.962907
1157.1	0.973088
1159.03	0.989967
1160.95	1.00915
1162.88	1.02992
1164.81	1.0467
1166.74	1.05944
1168.67	1.06037
1170.6	1.04373
1172.53	1.00739
1174.45	0.959396
1176.38	0.911254
1178.31	0.870115
1180.24	0.836077
1182.17	0.814938
1184.1	0.805831
1186.03	0.811169
1187.95	0.824919
1189.88	0.835503
1191.81	0.832327
1193.74	0.823454
1195.67	0.819266
1197.6	0.826316
1199.53	0.840926
1201.45	0.858546
1203.38	0.867886
1205.31	0.861263
1207.24	0.845648
1209.17	0.834626
1211.1	0.827182
1213.03	0.82229
1214.95	0.817252
1216.88	0.813066
1218.81	0.807004
1220.74	0.799651
1222.67	0.787401
1224.6	0.768635
1226.52	0.744302
1228.45	0.718633
1230.38	0.695558
1232.31	0.677639
1234.24	0.665357
1236.17	0.660173
1238.09	0.660706
1240.02	0.66822
1241.95	0.682183
1243.88	0.703269
1245.81	0.728994
1247.74	0.757279
1249.67	0.780703
1251.59	0.79846
1253.52	0.814031
1255.45	0.833226
1257.38	0.852159
1259.31	0.869531
1261.24	0.883529
1263.17	0.894521
1265.09	0.89819
1267.02	0.890196
1268.95	0.866066
1270.88	0.838723
1272.81	0.820897
1274.74	0.817012
1276.67	0.823961
1278.59	0.840965
1280.52	0.859779
1282.45	0.873813
1284.38	0.87558
1286.31	0.866854
1288.24	0.845538
1290.17	0.820683
1292.09	0.796514
1294.02	0.780118
1295.95	0.772752
1297.88	0.777526
1299.81	0.787613
1301.74	0.798722
1303.66	0.81054
1305.59	0.832865
1307.52	0.863231
1309.45	0.884148
1311.38	0.867268
1313.31	0.831501
1315.23	0.809303
1317.16	0.807418
1319.09	0.816376
1321.02	0.82476
1322.95	0.819578
1324.88	0.813723
1326.81	0.815109
1328.73	0.826282
1330.66	0.842359
1332.59	0.861244
1334.52	0.877258
1336.45	0.890027
1338.38	0.891735
1340.31	0.89462
1342.23	0.895921
1344.16	0.886789
1346.09	0.872269
1348.02	0.86283
1349.95	0.860246
1351.88	0.866817
1353.81	0.874342
1355.73	0.886033
1357.66	0.897795
1359.59	0.904409
1361.52	0.895071
1363.45	0.883034
1365.38	0.867983
1367.3	0.839389
1369.23	0.807024
1371.16	0.785188
1373.09	0.76262
1375.02	0.756639
1376.95	0.767006
1378.88	0.771461
1380.8	0.768649
1382.73	0.760695
1384.66	0.746446
1386.59	0.730498
1388.52	0.729856
1390.45	0.737892
1392.38	0.73958
1394.3	0.74052
1396.23	0.757679
1398.16	0.779269
1400.09	0.808748
1402.02	0.831409
1403.95	0.836396
1405.87	0.845824
1407.8	0.852689
1409.73	0.855747
1411.66	0.862387
1413.59	0.876112
1415.52	0.882434
1417.44	0.882393
1419.37	0.898961
1421.3	0.928231
1423.23	0.935551
1425.16	0.946685
1427.09	0.94716
1429.02	0.932949
1430.94	0.913895
1432.87	0.895998
1434.8	0.86774
1436.73	0.836574
1438.66	0.82677
1440.59	0.821084
1442.52	0.808897
1444.44	0.80048
1446.37	0.789754
1448.3	0.793426
1450.23	0.811485
1452.16	0.826492
1454.09	0.818516
1456.02	0.76947
1457.94	0.705194
1459.87	0.709247
1461.8	0.707766
1463.73	0.694735
1465.66	0.697012
1467.59	0.713308
1469.52	0.718489
1471.44	0.707899
1473.37	0.717472
1475.3	0.748745
1477.23	0.773687
1479.16	0.78455
1481.09	0.779072
1483.01	0.772792
1484.94	0.752679
1486.87	0.715155
1488.8	0.671534
1490.73	0.651659
1492.66	0.645718
1494.58	0.621495
1496.51	0.57698
1498.44	0.555603
1500.37	0.544718
1502.3	0.530435
1504.23	0.502791
1506.16	0.437867
1508.08	0.413316
1510.01	0.439405
1511.94	0.440862
1513.87	0.429961
1515.8	0.399867
1517.73	0.381136
1519.66	0.369092
1521.58	0.339583
1523.51	0.347396
1525.44	0.347002
1527.37	0.345769
1529.3	0.35129
1531.23	0.342185
1533.16	0.317893
1535.08	0.319952
1537.01	0.314646
1538.94	0.270132
1540.87	0.236804
1542.8	0.261126
1544.73	0.279099
1546.66	0.297595
1548.58	0.293259
1550.51	0.283455
1552.44	0.280486
1554.37	0.262034
1556.3	0.246297
1558.23	0.204097
1560.15	0.229773
1562.08	0.258152
1564.01	0.258237
1565.94	0.255232
1567.87	0.246622
1569.8	0.233224
1571.72	0.2454
1573.65	0.241393
1575.58	0.220335
1577.51	0.225134
1579.44	0.241529
1581.37	0.243675
1583.3	0.242468
1585.22	0.240737
1587.15	0.23903
1589.08	0.234835
1591.01	0.232187
1592.94	0.228214
1594.87	0.224799
1596.8	0.226243
1598.72	0.227597
1600.65	0.223484
1602.58	0.220533
1604.51	0.221052
1606.44	0.218809
1608.37	0.214715
1610.3	0.217776
1612.22	0.220216
1614.15	0.213382
1616.08	0.195886
1618.01	0.20387
1619.94	0.214312
1621.87	0.205846
1623.8	0.200547
1625.72	0.209966
1627.65	0.208785
1629.58	0.215639
1631.51	0.21723
1633.44	0.205239
1635.37	0.175245
1637.29	0.183621
1639.22	0.202086
1641.15	0.206313
1643.08	0.20085
1645.01	0.180822
1646.94	0.15174
1648.86	0.17143
1650.79	0.173906
1652.72	0.138327
1654.65	0.153961
1656.58	0.17884
1658.51	0.183837
1660.44	0.175876
1662.36	0.162038
1664.29	0.167823
1666.22	0.167628
1668.15	0.147457
1670.08	0.133246
1672.01	0.144913
1673.94	0.144669
1675.86	0.143596
1677.79	0.149437
1679.72	0.139919
1681.65	0.12645
1683.58	0.099093
1685.51	0.112691
1687.44	0.128126
1689.36	0.130016
1691.29	0.1365
1693.22	0.133554
1695.15	0.110589
1697.08	0.094477
1699.01	0.0955786
1700.93	0.103179
1702.86	0.115171
1704.79	0.110408
1706.72	0.118167
1708.65	0.131581
1710.58	0.136305
1712.51	0.13442
1714.43	0.119398
1716.36	0.106153
1718.29	0.120305
1720.22	0.146164
1722.15	0.148964
1724.08	0.145787
1726.01	0.145956
1727.93	0.139499
1729.86	0.126337
1731.79	0.115981
1733.72	0.101045
1735.65	0.120103
1737.58	0.12789
1739.5	0.12014
1741.43	0.118421
1743.36	0.109398
1745.29	0.101308
1747.22	0.0867445
1749.15	0.0762792
1751.07	0.0814871
1753	0.0945711
1754.93	0.0952045
1756.86	0.0869029
1758.79	0.0876116
1760.72	0.0821986
1762.65	0.0815917
1764.57	0.0894922
1766.5	0.0850478
1768.43	0.0755397
1770.36	0.0632644
1772.29	0.0516952
1774.22	0.0659506
1776.15	0.0746189
1778.07	0.0745853
1780	0.0667528
1781.93	0.0669678
1783.86	0.0668726
1785.79	0.0652722
1787.72	0.0645029
1789.65	0.0533466
1791.57	0.0356678
1793.5	0.0382213
1795.43	0.0443946
1797.36	0.0444059
1799.29	0.0393831
1801.22	0.0362372
1803.15	0.0420714
1805.07	0.0446599
1807	0.042025
1808.93	0.0360729
1810.86	0.0317455
1812.79	0.0358058
1814.72	0.0393853
1816.64	0.036982
1818.57	0.0365248
1820.5	0.0350578
1822.43	0.030489
1824.36	0.0216528
1826.29	0.0206542
1828.21	0.0145344
1830.14	0.00880003
1832.07	0.0205055
1834	0.0242594
1835.93	0.0210676
1837.86	0.0198913
1839.79	0.0208642
1841.71	0.0142221
1843.64	0.00139534
1845.57	0.00355864
1847.5	0.00990242
1849.43	0.0140293
1851.36	0.0161507
1853.29	0.0155923
1855.21	0.0148218
1857.14	0.0130778
1859.07	0.0115952
1861	0.0111557
1862.93	0.0111921
1864.86	0.00692749
1866.79	-0.00518829
1868.71	-0.0125197
1870.64	-0.00078398
1872.57	0.00747669
1874.5	0.00803763
1876.43	0.00668389
1878.36	0.00496888
1880.29	0.00389451
1882.21	0.00248659
1884.14	0.000128806
1886.07	-0.00102848
1888	-0.00571245
1889.93	-0.00913078
1891.86	-0.00360459
1893.78	-0.00453734
1895.71	-0.00504911
1897.64	-0.00125545
1899.57	0.000198722
1901.5	-5.13196e-005
1903.43	-2.89679e-005
1905.35	-0.000553727
1907.28	-0.00281
1909.21	-0.00473458
1911.14	-0.000672519
1913.07	0.00295752
1915	0.00284141
1916.93	-0.00221062
1918.85	-0.00211555
1920.78	-0.000612915
1922.71	-0.00493658
1924.64	-0.000523269
1926.57	0.00265497
1928.5	0.00250983
1930.43	0.00234777
1932.35	0.002473
1934.28	0.00351977
1936.21	0.00524718
1938.14	0.00662774
1940.07	0.00536531
1942	0.000584424
1943.93	0.00418329
1945.85	0.00931853
1947.78	0.0124558
1949.71	0.0143325
1951.64	0.0145709
1953.57	0.014116
1955.5	0.0136778
1957.43	0.0147133
1959.35	0.0146584
1961.28	0.014365
1963.21	0.014083
1965.14	0.0111393
1967.07	0.0079096
1969	0.0113467
1970.92	0.0139242
1972.85	0.0152099
1974.78	0.0171062
1976.71	0.0196037
1978.64	0.0218406
1980.57	0.0234297
1982.49	0.0238464
1984.42	0.0231676
1986.35	0.0204497
1988.28	0.017065
1990.21	0.0132495
1992.14	0.00978911
1994.07	0.012877
1995.99	0.0152346
1997.92	0.015525
1999.85	0.0171983
2001.78	0.019695
2003.71	0.0221654
2005.64	0.0246618
2007.57	0.0273072
2009.49	0.0299409
2011.42	0.0326242
2013.35	0.0346315
2015.28	0.0347303
2017.21	0.0351177
2019.14	0.039512
2021.06	0.0430536
2022.99	0.0453659
2024.92	0.0471714
2026.85	0.0483927
2028.78	0.0491855
2030.71	0.0499691
2032.64	0.0502328
2034.56	0.0506098
2036.49	0.0507523
2038.42	0.0508522
2040.35	0.0501871
2042.28	0.0512618
2044.21	0.0532431
2046.14	0.0545932
2048.06	0.0556387
2049.99	0.0561986
2051.92	0.0559865
2053.85	0.0558577
2055.78	0.055521
2057.71	0.0550243
2059.64	0.054109
2061.56	0.0533953
2063.49	0.0510402
2065.42	0.048746
2067.35	0.0483388
2069.28	0.0473805
2071.21	0.0459231
2073.14	0.0444926
2075.06	0.0435684
2076.99	0.0434237
2078.92	0.0435091
2080.85	0.0441501
2082.78	0.0450297
2084.71	0.0461143
2086.63	0.0472319
2088.56	0.0483113
2090.49	0.0497214
2092.42	0.0514879
2094.35	0.0521786
2096.28	0.0526105
2098.21	0.0524567
2100.13	0.0521752
2102.06	0.0517371
2103.99	0.0517162
2105.92	0.0518857
2107.85	0.0523495
2109.78	0.0528756
2111.7	0.053504
2113.63	0.0536398
2115.56	0.0534629
2117.49	0.0531283
2119.42	0.0525593
2121.35	0.0517994
2123.27	0.05146
2125.2	0.0517289
2127.13	0.0526222
2129.06	0.0537468
2130.99	0.055019
2132.92	0.0559324
2134.85	0.0561963
2136.77	0.0552146
2138.7	0.0533195
2140.63	0.0504435
2142.56	0.0470061
2144.49	0.0429809
2146.42	0.0392985
2148.35	0.0357821
2150.27	0.0328712
2152.2	0.0303521
2154.13	0.0281783
2156.06	0.0259154
2157.99	0.0239411
2159.92	0.0218647
2161.84	0.0200431
2163.77	0.0184512
2165.7	0.0174674
2167.63	0.0167139
2169.56	0.0163861
2171.49	0.0163167
2173.42	0.0168471
2175.34	0.0177001
2177.27	0.0189531
2179.2	0.0198621
2181.13	0.0205907
2183.06	0.0208195
2184.99	0.0209527
2186.92	0.0206767
2188.84	0.020351
2190.77	0.0200075
2192.7	0.019904
2194.63	0.0194415
2196.56	0.0191205
2198.49	0.0187203
2200.42	0.0179211
2202.34	0.0167434
2204.27	0.015512
2206.2	0.0140837
2208.13	0.0128918
2210.06	0.011802
2211.99	0.0115842
2213.92	0.0119261
2215.84	0.0131805
2217.77	0.0149977
2219.7	0.0171619
2221.63	0.0189744
2223.56	0.020732
2225.49	0.0218843
2227.41	0.0222737
2229.34	0.021776
2231.27	0.0206988
2233.2	0.0189369
2235.13	0.0171084
2237.06	0.0151767
2238.99	0.0131994
2240.91	0.0111538
2242.84	0.00941807
2244.77	0.00771737
2246.7	0.00652868
2248.63	0.00569493
2250.56	0.0052985
2252.49	0.00510055
2254.41	0.00486994
2256.34	0.00471205
2258.27	0.00442499
2260.2	0.00398564
2262.13	0.00341976
2264.06	0.00241691
2265.98	0.00176775
2267.91	0.00143731
2269.84	0.00139958
2271.77	0.00137222
2273.7	0.0016939
2275.63	0.00210494
2277.55	0.00252235
2279.48	0.00261551
2281.41	0.00277013
2283.34	0.00239897
2285.27	0.00177908
2287.2	0.000718176
2289.13	-0.000367522
2291.05	-0.00127101
2292.98	-0.00214928
2294.91	-0.00281012
2296.84	-0.00269228
2298.77	-0.0021919
2300.7	-0.00129676
2302.63	-0.000291348
2304.55	0.000888705
2306.48	0.00227934
2308.41	0.00397831
2310.34	0.00509852
2312.27	0.00622898
2314.2	0.00733066
2316.13	0.00823277
2318.05	0.0086329
2319.98	0.00870979
2321.91	0.00833774
2323.84	0.00802755
2325.77	0.00705963
2327.7	0.0061745
2329.63	0.0046621
2331.55	0.00304955
2333.48	0.00140268
2335.41	-0.000255883
2337.34	-0.00227767
2339.27	-0.00333452
2341.2	-0.00394672
2343.12	-0.00336325
2345.05	-0.00267524
2346.98	-0.00136691
2348.91	-0.000831664
2350.84	-0.00228846
2352.77	-0.00525635
2354.7	-0.00728977
2356.62	-0.00843441
2358.55	-0.00865912
2360.48	-0.00900286
2362.41	-0.00841731
2364.34	-0.00742048
2366.27	-0.0056091
2368.2	-0.00358927
2370.12	-0.00113362
2372.05	0.00151891
2373.98	0.00439912
2375.91	0.00715327
2377.84	0.00954318
2379.76	0.011404
2381.69	0.0135512
2383.62	0.0154596
2385.55	0.0171616
2387.48	0.0188071
2389.41	0.0211435
2391.34	0.0236703
2393.26	0.0264332
2395.19	0.0292355
2397.12	0.0321578
2399.05	0.0350586
2400.98	0.0380053
2402.91	0.0405226
2404.84	0.0430899
2406.76	0.0455837
2408.69	0.0476535
2410.62	0.0492408
2412.55	0.0505931
2414.48	0.0511649
2416.41	0.05112
2418.33	0.0509174
2420.26	0.0507629
2422.19	0.0504519
2424.12	0.0503281
2426.05	0.0500677
2427.98	0.0500447
2429.91	0.05038
2431.83	0.0513575
2433.76	0.0525334
2435.69	0.0546197
2437.62	0.0569363
2439.55	0.0592993
2441.48	0.0618558
2443.41	0.0647435
2445.33	0.0677567
2447.26	0.070682
2449.19	0.073297
2451.12	0.0761192
2453.05	0.078519
2454.98	0.080964
2456.91	0.0834547
2458.83	0.0857056
2460.76	0.087689
2462.69	0.0898188
2464.62	0.0912122
2466.55	0.0921888
2468.48	0.092765
2470.41	0.0927906
2472.33	0.0919138
2474.26	0.0909953
2476.19	0.0903203
2478.12	0.0896549
2480.05	0.0885969
2481.98	0.0877294
2483.9	0.0876514
2485.83	0.0878509
2487.76	0.087916
2489.69	0.0882565
2491.62	0.0881487
2493.55	0.0879762
2495.48	0.0878754
2497.4	0.0877531
2499.33	0.0873414
2501.26	0.0872342
2503.19	0.0865597
2505.12	0.0858796
2507.05	0.0858052
2508.98	0.0858531
2510.9	0.0858688
2512.83	0.0861551
2514.76	0.0862011
2516.69	0.0862334
2518.62	0.0856845
2520.55	0.0848303
2522.47	0.0835567
2524.4	0.0824726
2526.33	0.0814092
2528.26	0.0797445
2530.19	0.0782874
2532.12	0.0775008
2534.04	0.0766141
2535.97	0.0761579
2537.9	0.0755105
2539.83	0.0748998
2541.76	0.0742127
2543.69	0.0731322
2545.62	0.0715876
2547.54	0.0701945
2549.47	0.0686833
2551.4	0.0678366
2553.33	0.0674229
2555.26	0.0675106
2557.19	0.0679163
2559.12	0.0689965
2561.04	0.0703057
2562.97	0.0726775
2564.9	0.0755152
2566.83	0.0781174
2568.76	0.0809675
2570.69	0.0840055
2572.61	0.0864053
2574.54	0.0888836
2576.47	0.091452
2578.4	0.094162
2580.33	0.0966538
2582.26	0.0991114
2584.19	0.101591
2586.11	0.104114
2588.04	0.106205
2589.97	0.108327
2591.9	0.110833
2593.83	0.114168
2595.76	0.117674
2597.69	0.122037
2599.61	0.126625
2601.54	0.131462
2603.47	0.135959
2605.4	0.139907
2607.33	0.14344
2609.26	0.146645
2611.19	0.148574
2613.11	0.149977
2615.04	0.15075
2616.97	0.151377
2618.9	0.151846
2620.83	0.152825
2622.76	0.154217
2624.69	0.155544
2626.61	0.156917
2628.54	0.15847
2630.47	0.159224
2632.4	0.160144
2634.33	0.160316
2636.26	0.16077
2638.18	0.160581
2640.11	0.159703
2642.04	0.158157
2643.97	0.156186
2645.9	0.153929
2647.83	0.152038
2649.75	0.15104
2651.68	0.150474
2653.61	0.150604
2655.54	0.151406
2657.47	0.152552
2659.4	0.154891
2661.33	0.157835
2663.25	0.160519
2665.18	0.163091
2667.11	0.16624
2669.04	0.169322
2670.97	0.172117
2672.9	0.174474
2674.82	0.177176
2676.75	0.18022
2678.68	0.183939
2680.61	0.18705
2682.54	0.190454
2684.47	0.194253
2686.4	0.198278
2688.32	0.202326
2690.25	0.205341
2692.18	0.207261
2694.11	0.20874
2696.04	0.209756
2697.97	0.210478
2699.9	0.210465
2701.82	0.210343
2703.75	0.210134
2705.68	0.209919
2707.61	0.20932
2709.54	0.208728
2711.47	0.208033
2713.4	0.207626
2715.32	0.20738
2717.25	0.207304
2719.18	0.206821
2721.11	0.207129
2723.04	0.207579
2724.97	0.207283
2726.9	0.207063
2728.82	0.20663
2730.75	0.206328
2732.68	0.206423
2734.61	0.206039
2736.54	0.205083
2738.47	0.204732
2740.39	0.205719
2742.32	0.207306
2744.25	0.209251
2746.18	0.211503
2748.11	0.2146
2750.04	0.217139
2751.97	0.219303
2753.89	0.221943
2755.82	0.224759
2757.75	0.226869
2759.68	0.228627
2761.61	0.229344
2763.54	0.229552
2765.47	0.230096
2767.39	0.230959
2769.32	0.231692
2771.25	0.232654
2773.18	0.232865
2775.11	0.232861
2777.04	0.232987
2778.96	0.234024
2780.89	0.234807
2782.82	0.236114
2784.75	0.238409
2786.68	0.242137
2788.61	0.24588
2790.53	0.250465
2792.46	0.254874
2794.39	0.259295
2796.32	0.264364
2798.25	0.268336
2800.18	0.270359
2802.11	0.272504
2804.03	0.273738
2805.96	0.275065
2807.89	0.275893
2809.82	0.276187
2811.75	0.277226
2813.68	0.279494
2815.61	0.281144
2817.53	0.282989
2819.46	0.284303
2821.39	0.285598
2823.32	0.287809
2825.25	0.29102
2827.18	0.294182
2829.1	0.295739
2831.03	0.297405
2832.96	0.300966
2834.89	0.30492
2836.82	0.30924
2838.75	0.315006
2840.68	0.322727
2842.6	0.331734
2844.53	0.341819
2846.46	0.35328
2848.39	0.367679
2850.32	0.384322
2852.25	0.400558
2854.18	0.416494
2856.1	0.431813
2858.03	0.442961
2859.96	0.451167
2861.89	0.454204
2863.82	0.455378
2865.75	0.456232
2867.68	0.456037
2869.6	0.454673
2871.53	0.455244
2873.46	0.457612
2875.39	0.464451
2877.32	0.478794
2879.25	0.499391
2881.18	0.521124
2883.1	0.539991
2885.03	0.549103
2886.96	0.549451
2888.89	0.546825
2890.82	0.550108
2892.75	0.566321
2894.67	0.596495
2896.6	0.628833
2898.53	0.642009
2900.46	0.618497
2902.39	0.578958
2904.32	0.548599
2906.25	0.531193
2908.17	0.518964
2910.1	0.513161
2912.03	0.511677
2913.96	0.513767
2915.89	0.515562
2917.82	0.513753
2919.75	0.508548
2921.67	0.502247
2923.6	0.493993
2925.53	0.482543
2927.46	0.468234
2929.39	0.453275
2931.32	0.436702
2933.24	0.417332
2935.17	0.394548
2937.1	0.369617
2939.03	0.344574
2940.96	0.322692
2942.89	0.305432
2944.81	0.293464
2946.74	0.283816
2948.67	0.277087
2950.6	0.273474
2952.53	0.272289
2954.46	0.272319
2956.39	0.273775
2958.31	0.275826
2960.24	0.279811
2962.17	0.289014
2964.1	0.306109
2966.03	0.330764
2967.96	0.354265
2969.89	0.360244
2971.81	0.346168
2973.74	0.325759
2975.67	0.311342
2977.6	0.306485
2979.53	0.315331
2981.46	0.335096
2983.39	0.343929
2985.31	0.323813
2987.24	0.289526
2989.17	0.260111
2991.1	0.239105
2993.03	0.224225
2994.96	0.214469
2996.89	0.208531
2998.81	0.204859
3000.74	0.201973
3002.67	0.200229
3004.6	0.198706
3006.53	0.198084
3008.46	0.196976
3010.38	0.195699
3012.31	0.195132
3014.24	0.196032
3016.17	0.197122
3018.1	0.198158
3020.03	0.198605
3021.96	0.199736
3023.88	0.200841
3025.81	0.201913
3027.74	0.202741
3029.67	0.202155
3031.6	0.202608
3033.53	0.205307
3035.45	0.207725
3037.38	0.210437
3039.31	0.212592
3041.24	0.214332
3043.17	0.216125
3045.1	0.217832
3047.02	0.218868
3048.95	0.220899
3050.88	0.223582
3052.81	0.226316
3054.74	0.228438
3056.67	0.231592
3058.6	0.234615
3060.52	0.237677
3062.45	0.240505
3064.38	0.242871
3066.31	0.245569
3068.24	0.250165
3070.17	0.254192
3072.1	0.257682
3074.02	0.260935
3075.95	0.263745
3077.88	0.266846
3079.81	0.271191
3081.74	0.275349
3083.67	0.279765
3085.59	0.284283
3087.52	0.288949
3089.45	0.293061
3091.38	0.296898
3093.31	0.300113
3095.24	0.303085
3097.17	0.307888
3099.09	0.312431
3101.02	0.315991
3102.95	0.321294
3104.88	0.326627
3106.81	0.331787
3108.74	0.336652
3110.67	0.341089
3112.59	0.345483
3114.52	0.350627
3116.45	0.354782
3118.38	0.359628
3120.31	0.363904
3122.24	0.367843
3124.17	0.373052
3126.09	0.377987
3128.02	0.383184
3129.95	0.388595
3131.88	0.392219
3133.81	0.396987
3135.74	0.402762
3137.67	0.408233
3139.59	0.413056
3141.52	0.417672
3143.45	0.421244
3145.38	0.425799
3147.31	0.431111
3149.24	0.437439
3151.16	0.442042
3153.09	0.447388
3155.02	0.453048
3156.95	0.45924
3158.88	0.464736
3160.81	0.470354
3162.74	0.475566
3164.66	0.480849
3166.59	0.487637
3168.52	0.495261
3170.45	0.500992
3172.38	0.507233
3174.31	0.512782
3176.24	0.517691
3178.16	0.523255
3180.09	0.53004
3182.02	0.536383
3183.95	0.542802
3185.88	0.54813
3187.81	0.553682
3189.73	0.56074
3191.66	0.569678
3193.59	0.575039
3195.52	0.579583
3197.45	0.583572
3199.38	0.59046
3201.3	0.597734
3203.23	0.603292
3205.16	0.60762
3207.09	0.611246
3209.02	0.613408
3210.95	0.616363
3212.88	0.621119
3214.8	0.62724
3216.73	0.629424
3218.66	0.632669
3220.59	0.638387
3222.52	0.642137
3224.45	0.644146
3226.38	0.647647
3228.3	0.649933
3230.23	0.650989
3232.16	0.654416
3234.09	0.658825
3236.02	0.662559
3237.95	0.665264
3239.88	0.666251
3241.8	0.668082
3243.73	0.670356
3245.66	0.675021
3247.59	0.679551
3249.52	0.682257
3251.45	0.683903
3253.38	0.685933
3255.3	0.689426
3257.23	0.693431
3259.16	0.694997
3261.09	0.699348
3263.02	0.704219
3264.95	0.70801
3266.87	0.70975
3268.8	0.7137
3270.73	0.716773
3272.66	0.721775
3274.59	0.728012
3276.52	0.731529
3278.45	0.733961
3280.37	0.739559
3282.3	0.743642
3284.23	0.748588
3286.16	0.753043
3288.09	0.758393
3290.02	0.760502
3291.95	0.763019
3293.87	0.767028
3295.8	0.772772
3297.73	0.781289
3299.66	0.788069
3301.59	0.788323
3303.52	0.789518
3305.44	0.790535
3307.37	0.79487
3309.3	0.79909
3311.23	0.804063
3313.16	0.803642
3315.09	0.80374
3317.01	0.805053
3318.94	0.810317
3320.87	0.811594
3322.8	0.814655
3324.73	0.816213
3326.66	0.818541
3328.59	0.821442
3330.51	0.825858
3332.44	0.830223
3334.37	0.834974
3336.3	0.834569
3338.23	0.836908
3340.16	0.842042
3342.08	0.846098
3344.01	0.850191
3345.94	0.856725
3347.87	0.865272
3349.8	0.871125
3351.73	0.870921
3353.66	0.877352
3355.58	0.884715
3357.51	0.889357
3359.44	0.889359
3361.37	0.89428
3363.3	0.900258
3365.23	0.906258
3367.16	0.908347
3369.08	0.915361
3371.01	0.924335
3372.94	0.929998
3374.87	0.93214
3376.8	0.942163
3378.73	0.948737
3380.66	0.953054
3382.58	0.95607
3384.51	0.961154
3386.44	0.964446
3388.37	0.967709
3390.3	0.974257
3392.23	0.975461
3394.16	0.969801
3396.08	0.976321
3398.01	0.985229
3399.94	0.989316
3401.87	0.990932
3403.8	0.994972
3405.73	0.99882
3407.65	0.999685
3409.58	1.00189
3411.51	1.00949
3413.44	1.017
3415.37	1.02775
3417.3	1.02753
3419.23	1.02892
3421.15	1.03495
3423.08	1.05124
3425.01	1.06197
3426.94	1.07286
3428.87	1.08304
3430.8	1.09139
3432.73	1.10134
3434.65	1.11284
3436.58	1.118
3438.51	1.1232
3440.44	1.11813
3442.37	1.11114
3444.3	1.10834
3446.22	1.11097
3448.15	1.10627
3450.08	1.10708
3452.01	1.101
3453.94	1.09481
3455.87	1.0854
3457.79	1.08462
3459.72	1.07696
3461.65	1.06882
3463.58	1.05929
3465.51	1.05806
3467.44	1.05513
3469.37	1.04976
3471.29	1.04293
3473.22	1.03371
3475.15	1.01812
3477.08	1.00765
3479.01	0.992151
3480.94	0.978689
3482.87	0.963866
3484.79	0.953944
3486.72	0.938286
3488.65	0.925008
3490.58	0.907857
3492.51	0.894628
3494.44	0.875308
3496.36	0.854413
3498.29	0.831846
3500.22	0.813022
3502.15	0.788411
3504.08	0.773038
3506.01	0.759319
3507.94	0.74244
3509.86	0.719892
3511.79	0.704088
3513.72	0.689526
3515.65	0.674461
3517.58	0.654149
3519.51	0.637104
3521.44	0.614724
3523.36	0.593737
3525.29	0.576218
3527.22	0.561246
3529.15	0.549531
3531.08	0.540593
3533.01	0.529867
3534.94	0.515991
3536.86	0.500032
3538.79	0.490655
3540.72	0.477924
3542.65	0.459286
3544.58	0.43707
3546.51	0.424229
3548.44	0.418753
3550.36	0.407889
3552.29	0.391501
3554.22	0.387349
3556.15	0.379004
3558.08	0.365643
3560.01	0.350844
3561.93	0.33844
3563.86	0.318836
3565.79	0.291384
3567.72	0.282742
3569.65	0.29546
3571.58	0.294767
3573.5	0.286177
3575.43	0.274903
3577.36	0.265734
3579.29	0.256759
3581.22	0.250877
3583.15	0.242286
3585.08	0.226291
3587	0.203401
3588.93	0.21082
3590.86	0.215452
3592.79	0.20512
3594.72	0.192758
3596.65	0.189984
3598.58	0.184879
3600.5	0.180197
3602.43	0.180097
3604.36	0.177063
3606.29	0.161376
3608.22	0.148828
3610.15	0.146323
3612.07	0.136398
3614	0.127718
3615.93	0.128349
3617.86	0.11524
3619.79	0.112407
3621.72	0.125052
3623.65	0.128391
3625.57	0.116194
3627.5	0.0915684
3629.43	0.08126
3631.36	0.101055
3633.29	0.10246
3635.22	0.103983
3637.15	0.102176
3639.07	0.099182
3641	0.0944718
3642.93	0.0896271
3644.86	0.0785691
3646.79	0.0468027
3648.72	0.020754
3650.65	0.0386262
3652.57	0.0658946
3654.5	0.0668763
3656.43	0.0597039
3658.36	0.0675231
3660.29	0.0695987
3662.22	0.0693267
3664.15	0.0663126
3666.07	0.0591464
3668	0.0378697
3669.93	0.0181578
3671.86	0.0298983
3673.79	0.0199114
3675.72	-0.00083071
3677.64	0.0217558
3679.57	0.033233
3681.5	0.0416692
3683.43	0.0409019
3685.36	0.0340642
3687.29	0.0148778
3689.22	-0.00472087
3691.14	0.00759745
3693.07	0.027087
3695	0.0328133
3696.93	0.0334867
3698.86	0.0309631
3700.79	0.0207346
3702.71	0.0209571
3704.64	0.0280747
3706.57	0.0249946
3708.5	0.0109197
3710.43	-0.0108648
3712.36	-0.00305194
3714.28	0.0165749
3716.21	0.0241424
3718.14	0.0196974
3720.07	0.0154833
3722	0.00796974
3723.93	0.00726062
3725.86	0.00765163
3727.78	0.0169815
3729.71	0.0174084
3731.64	0.000452161
3733.57	-0.0198693
3735.5	-0.0264502
3737.43	-0.00417835
3739.36	0.00846404
3741.28	0.00886613
3743.21	-0.000187576
3745.14	-0.0105533
3747.07	-0.00554842
3749	-0.0193906
3750.93	-0.0264595
3752.85	-0.00012213
3754.78	0.0172766
3756.71	0.0166553
3758.64	0.0138981
3760.57	0.0235412
3762.5	0.0336352
3764.43	0.0283758
3766.35	0.0275484
3768.28	0.0261388
3770.21	0.0265399
3772.14	0.0398996
3774.07	0.0462701
3776	0.04525
3777.93	0.0369789
3779.85	0.0354242
3781.78	0.044697
3783.71	0.0417604
3785.64	0.0438715
3787.57	0.0512567
3789.5	0.0539633
3791.43	0.0543488
3793.35	0.0522518
3795.28	0.0406504
3797.21	0.0342113
3799.14	0.031324
3801.07	0.0146702
3803	0.0308961
3804.93	0.0409576
3806.85	0.0374389
3808.78	0.0533115
3810.71	0.0617616
3812.64	0.0600243
3814.57	0.0460044
3816.5	0.0382544
3818.42	0.0396836
3820.35	0.0252797
3822.28	0.0417203
3824.21	0.0585889
3826.14	0.0585401
3828.07	0.0655643
3830	0.0667425
3831.92	0.0626246
3833.85	0.0616863
3835.78	0.0555043
3837.71	0.0466844
3839.64	0.0525808
3841.57	0.0699739
3843.5	0.0816811
3845.42	0.0961739
3847.35	0.102639
3849.28	0.0958366
3851.21	0.0770927
3853.14	0.0576307
3855.07	0.0865707
3856.99	0.105781
3858.92	0.118101
3860.85	0.113456
3862.78	0.102982
3864.71	0.102887
3866.64	0.116167
3868.56	0.108356
3870.49	0.107026
3872.42	0.1194
3874.35	0.126972
3876.28	0.142184
3878.21	0.140988
3880.14	0.128357
3882.06	0.133878
3883.99	0.135904
3885.92	0.139649
3887.85	0.152872
3889.78	0.149109
3891.71	0.143668
3893.64	0.157157
3895.56	0.164919
3897.49	0.15996
3899.42	0.151765
3901.35	0.150626
3903.28	0.149552
3905.21	0.163646
3907.14	0.182763
3909.06	0.192566
3910.99	0.195588
3912.92	0.19716
3914.85	0.192375
3916.78	0.187406
3918.71	0.191272
3920.64	0.197051
3922.56	0.197774
3924.49	0.19682
3926.42	0.205846
3928.35	0.207816
3930.28	0.203983
3932.21	0.205979
3934.13	0.216535
3936.06	0.224784
3937.99	0.227373
3939.92	0.228097
3941.85	0.224598
3943.78	0.229606
3945.71	0.235905
3947.63	0.234934
3949.56	0.237594
3951.49	0.245447
3953.42	0.250926
3955.35	0.254588
3957.28	0.257953
3959.21	0.261419
3961.13	0.2634
3963.06	0.268451
3964.99	0.273761
3966.92	0.276264
3968.85	0.27809
3970.78	0.280556
3972.7	0.281442
3974.63	0.282973
3976.56	0.286083
3978.49	0.288967
3980.42	0.289683
3982.35	0.29129
3984.27	0.293129
3986.2	0.295096
3988.13	0.296055
3990.06	0.296436
3991.99	0.298201
3993.92	0.29928
3995.85	0.300334
3997.77	0.302305
3999.7	0.303501
4001.63	-0.524096
