399.199	1.2441
401.127	0.541866
403.056	0.139561
404.984	0.0296357
406.913	0.402309
408.841	4.21658
410.77	4.2195
412.698	4.22242
414.627	0.863076
416.555	0.429247
418.484	0.390198
420.412	0.492272
422.341	0.535144
424.269	0.823398
426.198	1.11441
428.126	0.511846
430.055	0.236691
431.983	0.176247
433.912	0.341158
435.84	0.685274
437.769	0.931612
439.697	0.550671
441.626	0.409178
443.554	0.197091
445.483	0.433277
447.411	0.49357
449.34	0.324495
451.268	0.472861
453.197	0.948641
455.125	1.3129
457.054	1.32137
458.982	1.58641
460.911	0.906283
462.839	0.340337
464.768	0.494598
466.696	4.30165
468.625	1.35343
470.553	0.282749
472.482	0.461349
474.41	0.745254
476.339	1.47574
478.267	0.304786
480.196	0.121927
482.124	0.454087
484.053	2.77389
485.981	0.797052
487.91	1.76681
489.838	4.33413
491.767	4.3368
493.695	4.33946
495.624	4.34212
497.552	4.34477
499.481	4.34741
501.409	0.657716
503.338	0.317498
505.266	0.306587
507.195	0.635105
509.123	0.943616
511.052	0.626704
512.98	0.131117
514.909	0.038453
516.837	-0.0104643
518.766	0.540234
520.694	0.742249
522.623	4.37867
524.551	4.38123
526.48	4.38379
528.408	0.41713
530.337	0.0839289
532.265	-0.106822
534.194	-0.138873
536.122	-0.167347
538.051	-0.110584
539.979	0.0194445
541.908	0.0694414
543.836	-0.13258
545.765	-0.238827
547.693	-0.218151
549.622	-0.139525
551.55	0.0357629
553.479	0.14219
555.407	0.24059
557.336	0.22399
559.264	0.150389
561.193	0.246536
563.121	0.166516
565.05	0.139634
566.978	0.139835
568.907	0.132576
570.835	0.227445
572.764	0.321415
574.692	0.281306
576.621	0.193316
578.549	0.202607
580.478	0.231865
582.406	0.183263
584.335	0.194044
586.263	0.260902
588.192	0.282559
590.12	0.271359
592.049	0.246983
593.977	0.244318
595.906	0.241536
597.834	0.254137
599.763	0.283838
601.691	0.290528
603.62	0.29298
605.548	0.310602
607.477	0.319628
609.405	0.315805
611.334	0.313142
613.262	0.319911
615.191	0.335216
617.119	0.351835
619.048	0.377897
620.976	0.399339
622.905	0.409972
624.833	0.409929
626.762	0.406997
628.69	0.402154
630.619	0.404251
632.547	0.412437
634.476	0.413178
636.404	0.413065
638.333	0.426861
640.261	0.443714
642.19	0.44922
644.118	0.448218
646.047	0.438745
647.975	0.428762
649.904	0.426798
651.832	0.421142
653.761	0.423264
655.689	0.432039
657.618	0.43813
659.546	0.45487
661.474	0.484913
663.403	0.517841
665.331	0.528213
667.26	0.517771
669.188	0.502621
671.117	0.497012
673.045	0.48931
674.974	0.482376
676.903	0.478545
678.831	0.472998
680.76	0.473492
682.688	0.472057
684.617	0.472013
686.545	0.473001
688.474	0.468617
690.402	0.470129
692.331	0.47564
694.259	0.476954
696.188	0.475667
698.116	0.470419
700.044	0.475001
701.973	0.481667
703.901	0.485385
705.83	0.48571
707.758	0.485966
709.687	0.488135
711.615	0.494025
713.544	0.499254
715.472	0.504044
717.401	0.503684
719.33	0.507785
721.258	0.515191
723.187	0.523788
725.115	0.530966
727.044	0.537424
728.972	0.539817
730.901	0.544633
732.829	0.548725
734.757	0.553458
736.686	0.556363
738.614	0.55864
740.543	0.557309
742.471	0.553448
744.4	0.547445
746.328	0.541471
748.257	0.531448
750.185	0.522695
752.114	0.513625
754.042	0.503739
755.971	0.493481
757.899	0.480824
759.828	0.4655
761.756	0.453066
763.685	0.444118
765.613	0.434885
767.542	0.42538
769.47	0.416765
771.399	0.409545
773.327	0.402297
775.256	0.397312
777.184	0.392549
779.113	0.388062
781.041	0.382229
782.97	0.373167
784.898	0.359426
786.827	0.348047
788.755	0.336532
790.684	0.327229
792.612	0.318272
794.541	0.309274
796.469	0.298851
798.398	0.290766
800.326	0.284841
802.255	0.27873
804.183	0.272007
806.112	0.265604
808.04	0.260827
809.969	0.255607
811.897	0.250996
813.826	0.24592
815.754	0.241618
817.683	0.236859
819.611	0.232241
821.54	0.227029
823.468	0.225325
825.397	0.224001
827.325	0.224092
829.254	0.226677
831.182	0.2341
833.111	0.24621
835.039	0.25644
836.968	0.25746
838.896	0.24725
840.825	0.233491
842.753	0.221155
844.682	0.211839
846.61	0.204437
848.539	0.200662
850.467	0.197078
852.396	0.195548
854.324	0.194565
856.253	0.194579
858.181	0.194034
860.11	0.195028
862.038	0.197132
863.967	0.199875
865.895	0.203169
867.824	0.207736
869.752	0.214031
871.681	0.221256
873.609	0.23185
875.538	0.245359
877.466	0.262567
879.395	0.28544
881.323	0.317436
883.252	0.358081
885.18	0.405632
887.109	0.448999
889.037	0.476055
890.966	0.481252
892.894	0.478486
894.823	0.473277
896.751	0.450325
898.68	0.406412
900.608	0.358341
902.537	0.317593
904.465	0.287761
906.394	0.268329
908.322	0.256694
910.251	0.249679
912.179	0.244939
914.108	0.243044
916.036	0.241063
917.965	0.239617
919.893	0.238868
921.822	0.238973
923.75	0.239858
925.679	0.240787
927.607	0.24231
929.536	0.24491
931.464	0.248206
933.393	0.250646
935.321	0.253519
937.25	0.257416
939.178	0.261995
941.107	0.266059
943.035	0.270621
944.964	0.275999
946.892	0.281875
948.821	0.287211
950.749	0.293109
952.678	0.299939
954.606	0.307704
956.535	0.317212
958.463	0.328873
960.392	0.342715
962.32	0.359071
964.249	0.378629
966.177	0.401573
968.106	0.427461
970.034	0.45557
971.963	0.478598
973.891	0.49187
975.82	0.496654
977.748	0.50238
979.677	0.51797
981.605	0.543053
983.534	0.575262
985.462	0.612457
987.391	0.647493
989.319	0.674963
991.248	0.692683
993.176	0.703653
995.105	0.706851
997.033	0.700913
998.961	0.681016
1000.89	0.650466
1002.82	0.620246
1004.75	0.598387
1006.68	0.585734
1008.6	0.582137
1010.53	0.58625
1012.46	0.595878
1014.39	0.60753
1016.32	0.617014
1018.25	0.621332
1020.17	0.62526
1022.1	0.632703
1024.03	0.646167
1025.96	0.660962
1027.89	0.668552
1029.82	0.667484
1031.75	0.661543
1033.67	0.658333
1035.6	0.661861
1037.53	0.666949
1039.46	0.677657
1041.39	0.691244
1043.32	0.703228
1045.24	0.713305
1047.17	0.721697
1049.1	0.730271
1051.03	0.742134
1052.96	0.752099
1054.89	0.756999
1056.82	0.760198
1058.74	0.76888
1060.67	0.786354
1062.6	0.811507
1064.53	0.832746
1066.46	0.845273
1068.39	0.84534
1070.32	0.837685
1072.24	0.826672
1074.17	0.816077
1076.1	0.806434
1078.03	0.801209
1079.96	0.809266
1081.89	0.837407
1083.81	0.877796
1085.74	0.914654
1087.67	0.933139
1089.6	0.949212
1091.53	0.971112
1093.46	0.989924
1095.39	1.00288
1097.31	1.01523
1099.24	1.02153
1101.17	1.03022
1103.1	1.04509
1105.03	1.06733
1106.96	1.08826
1108.89	1.09727
1110.81	1.08386
1112.74	1.05552
1114.67	1.02231
1116.6	0.998267
1118.53	0.985009
1120.46	0.980472
1122.39	0.982868
1124.31	0.99314
1126.24	1.00893
1128.17	1.02965
1130.1	1.04662
1132.03	1.04708
1133.96	1.02005
1135.89	0.985327
1137.81	0.954942
1139.74	0.93923
1141.67	0.931089
1143.6	0.926692
1145.53	0.923111
1147.46	0.924542
1149.38	0.926844
1151.31	0.929313
1153.24	0.926987
1155.17	0.926243
1157.1	0.934924
1159.03	0.953596
1160.95	0.973439
1162.88	0.994497
1164.81	1.01041
1166.74	1.02675
1168.67	1.03402
1170.6	1.02249
1172.53	0.987672
1174.45	0.938996
1176.38	0.885974
1178.31	0.840565
1180.24	0.805583
1182.17	0.783136
1184.1	0.772966
1186.03	0.777999
1187.95	0.794379
1189.88	0.807586
1191.81	0.804734
1193.74	0.794658
1195.67	0.788825
1197.6	0.795207
1199.53	0.810758
1201.45	0.830624
1203.38	0.841389
1205.31	0.835994
1207.24	0.820486
1209.17	0.808334
1211.1	0.800702
1213.03	0.795866
1214.95	0.790453
1216.88	0.78582
1218.81	0.778887
1220.74	0.771169
1222.67	0.759892
1224.6	0.741333
1226.52	0.716245
1228.45	0.690908
1230.38	0.666435
1232.31	0.64675
1234.24	0.633177
1236.17	0.627163
1238.09	0.627379
1240.02	0.634682
1241.95	0.647546
1243.88	0.668414
1245.81	0.696464
1247.74	0.726145
1249.67	0.749657
1251.59	0.767985
1253.52	0.784015
1255.45	0.80234
1257.38	0.821135
1259.31	0.84002
1261.24	0.854188
1263.17	0.866168
1265.09	0.872929
1267.02	0.868792
1268.95	0.84702
1270.88	0.819288
1272.81	0.797721
1274.74	0.79147
1276.67	0.798315
1278.59	0.815766
1280.52	0.835459
1282.45	0.852076
1284.38	0.857928
1286.31	0.849781
1288.24	0.827536
1290.17	0.801749
1292.09	0.775912
1294.02	0.758519
1295.95	0.751502
1297.88	0.756909
1299.81	0.767171
1301.74	0.776715
1303.66	0.786385
1305.59	0.807743
1307.52	0.839088
1309.45	0.863051
1311.38	0.848066
1313.31	0.810593
1315.23	0.7863
1317.16	0.784232
1319.09	0.794724
1321.02	0.803631
1322.95	0.79854
1324.88	0.7916
1326.81	0.791451
1328.73	0.801488
1330.66	0.817984
1332.59	0.838787
1334.52	0.856698
1336.45	0.870098
1338.38	0.872051
1340.31	0.874985
1342.23	0.874663
1344.16	0.865363
1346.09	0.85193
1348.02	0.841829
1349.95	0.837891
1351.88	0.84483
1353.81	0.853354
1355.73	0.865932
1357.66	0.87724
1359.59	0.886603
1361.52	0.882196
1363.45	0.870928
1365.38	0.853706
1367.3	0.823693
1369.23	0.790366
1371.16	0.768423
1373.09	0.744566
1375.02	0.737637
1376.95	0.74701
1378.88	0.751531
1380.8	0.749053
1382.73	0.740709
1384.66	0.726898
1386.59	0.710163
1388.52	0.708475
1390.45	0.715361
1392.38	0.716437
1394.3	0.718218
1396.23	0.736091
1398.16	0.75683
1400.09	0.784546
1402.02	0.808599
1403.95	0.817005
1405.87	0.827655
1407.8	0.83409
1409.73	0.835271
1411.66	0.841001
1413.59	0.855232
1415.52	0.861457
1417.44	0.862255
1419.37	0.879136
1421.3	0.908397
1423.23	0.917444
1425.16	0.932442
1427.09	0.935838
1429.02	0.923757
1430.94	0.906327
1432.87	0.890581
1434.8	0.863754
1436.73	0.830768
1438.66	0.818257
1440.59	0.811439
1442.52	0.798093
1444.44	0.787966
1446.37	0.777114
1448.3	0.779348
1450.23	0.79674
1452.16	0.813497
1454.09	0.808141
1456.02	0.764056
1457.94	0.695273
1459.87	0.693959
1461.8	0.690177
1463.73	0.674836
1465.66	0.673865
1467.59	0.689534
1469.52	0.694835
1471.44	0.685032
1473.37	0.697682
1475.3	0.729099
1477.23	0.756377
1479.16	0.771643
1481.09	0.772266
1483.01	0.772041
1484.94	0.757053
1486.87	0.72322
1488.8	0.679838
1490.73	0.657973
1492.66	0.651891
1494.58	0.627449
1496.51	0.581426
1498.44	0.557896
1500.37	0.545192
1502.3	0.529544
1504.23	0.502018
1506.16	0.438809
1508.08	0.413319
1510.01	0.436535
1511.94	0.437452
1513.87	0.426831
1515.8	0.397376
1517.73	0.378622
1519.66	0.366902
1521.58	0.337278
1523.51	0.343996
1525.44	0.343111
1527.37	0.340399
1529.3	0.345034
1531.23	0.336622
1533.16	0.312547
1535.08	0.314174
1537.01	0.309831
1538.94	0.26813
1540.87	0.235562
1542.8	0.25695
1544.73	0.272757
1546.66	0.290293
1548.58	0.286221
1550.51	0.276289
1552.44	0.273586
1554.37	0.256771
1556.3	0.242081
1558.23	0.201692
1560.15	0.224846
1562.08	0.251816
1564.01	0.251826
1565.94	0.24878
1567.87	0.241158
1569.8	0.228258
1571.72	0.239461
1573.65	0.235983
1575.58	0.216034
1577.51	0.219265
1579.44	0.234128
1581.37	0.236224
1583.3	0.235348
1585.22	0.233709
1587.15	0.232157
1589.08	0.228342
1591.01	0.226038
1592.94	0.222616
1594.87	0.219536
1596.8	0.220432
1598.72	0.221813
1600.65	0.218709
1602.58	0.216212
1604.51	0.216696
1606.44	0.215102
1608.37	0.21161
1610.3	0.21474
1612.22	0.217609
1614.15	0.21171
1616.08	0.19566
1618.01	0.204005
1619.94	0.214318
1621.87	0.20694
1623.8	0.202463
1625.72	0.211897
1627.65	0.211479
1629.58	0.218103
1631.51	0.219915
1633.44	0.208772
1635.37	0.18045
1637.29	0.188245
1639.22	0.205679
1641.15	0.209911
1643.08	0.205331
1645.01	0.186958
1646.94	0.158985
1648.86	0.177185
1650.79	0.179673
1652.72	0.146136
1654.65	0.160201
1656.58	0.183558
1658.51	0.187989
1660.44	0.180097
1662.36	0.16617
1664.29	0.170629
1666.22	0.170421
1668.15	0.151225
1670.08	0.136435
1672.01	0.147186
1673.94	0.147383
1675.86	0.145746
1677.79	0.1506
1679.72	0.141287
1681.65	0.128433
1683.58	0.10249
1685.51	0.114422
1687.44	0.128603
1689.36	0.129969
1691.29	0.136216
1693.22	0.133563
1695.15	0.111569
1697.08	0.0957163
1699.01	0.0966873
1700.93	0.103196
1702.86	0.115164
1704.79	0.111168
1706.72	0.11842
1708.65	0.131636
1710.58	0.137089
1712.51	0.136229
1714.43	0.12264
1716.36	0.109666
1718.29	0.121047
1720.22	0.144806
1722.15	0.146633
1724.08	0.142818
1726.01	0.142502
1727.93	0.136162
1729.86	0.123879
1731.79	0.114105
1733.72	0.0991712
1735.65	0.116769
1737.58	0.124526
1739.5	0.117175
1741.43	0.115098
1743.36	0.105963
1745.29	0.0980855
1747.22	0.0840427
1749.15	0.074008
1751.07	0.0788428
1753	0.0907884
1754.93	0.0912228
1756.86	0.0832602
1758.79	0.0841557
1760.72	0.0791072
1762.65	0.0783473
1764.57	0.0861019
1766.5	0.0822906
1768.43	0.0737647
1770.36	0.0626779
1772.29	0.0513477
1774.22	0.0645503
1776.15	0.0729327
1778.07	0.0729781
1780	0.0654659
1781.93	0.0656496
1783.86	0.0653762
1785.79	0.0635089
1787.72	0.062764
1789.65	0.0523221
1791.57	0.0355913
1793.5	0.0377406
1795.43	0.0433731
1797.36	0.0433198
1799.29	0.038418
1801.22	0.0353191
1803.15	0.0408832
1805.07	0.0431262
1807	0.0406023
1808.93	0.0350025
1810.86	0.0307713
1812.79	0.0345514
1814.72	0.0380129
1816.64	0.0357606
1818.57	0.0352669
1820.5	0.0339304
1822.43	0.0299523
1824.36	0.0216696
1826.29	0.0204516
1828.21	0.0146487
1830.14	0.00933123
1832.07	0.0203657
1834	0.023567
1835.93	0.0204514
1837.86	0.0191903
1839.79	0.020042
1841.71	0.0140149
1843.64	0.00178552
1845.57	0.00366402
1847.5	0.00969249
1849.43	0.0135774
1851.36	0.0154428
1853.29	0.0146908
1855.21	0.013795
1857.14	0.0120167
1859.07	0.0107627
1861	0.0105814
1862.93	0.0107166
1864.86	0.00672007
1866.79	-0.00479025
1868.71	-0.0118352
1870.64	-0.000845313
1872.57	0.00681359
1874.5	0.00721985
1876.43	0.00605422
1878.36	0.00456309
1880.29	0.0035587
1882.21	0.00203383
1884.14	-0.000264049
1886.07	-0.00137115
1888	-0.00576091
1889.93	-0.00902838
1891.86	-0.00386804
1893.78	-0.00491369
1895.71	-0.0054487
1897.64	-0.00198054
1899.57	-0.0005036
1901.5	-0.000698388
1903.43	-0.00084734
1905.35	-0.0011341
1907.28	-0.00298041
1909.21	-0.00495058
1911.14	-0.0011425
1913.07	0.00258559
1915	0.00267255
1916.93	-0.00202119
1918.85	-0.00185782
1920.78	-0.000301123
1922.71	-0.00443208
1924.64	-0.000266612
1926.57	0.00263256
1928.5	0.0023185
1930.43	0.00203937
1932.35	0.00202256
1934.28	0.0029754
1936.21	0.00468081
1938.14	0.00621235
1940.07	0.00528198
1942	0.00106585
1943.93	0.00467056
1945.85	0.00973505
1947.78	0.0126762
1949.71	0.0145385
1951.64	0.0148852
1953.57	0.0145054
1955.5	0.0142504
1957.43	0.0152129
1959.35	0.0150821
1961.28	0.0149816
1963.21	0.0148377
1965.14	0.0120232
1967.07	0.00872225
1969	0.0117139
1970.92	0.0139165
1972.85	0.0151004
1974.78	0.0166923
1976.71	0.0190663
1978.64	0.0216226
1980.57	0.0239754
1982.49	0.0248253
1984.42	0.0243088
1986.35	0.021692
1988.28	0.0184667
1990.21	0.014905
1992.14	0.0112671
1994.07	0.0137432
1995.99	0.0158815
1997.92	0.0161296
1999.85	0.0174766
2001.78	0.0196422
2003.71	0.0222046
2005.64	0.0246551
2007.57	0.0272105
2009.49	0.0300536
2011.42	0.0327943
2013.35	0.0346734
2015.28	0.0349293
2017.21	0.0354552
2019.14	0.039914
2021.06	0.0435956
2022.99	0.0458884
2024.92	0.0475822
2026.85	0.0494087
2028.78	0.0506963
2030.71	0.0515897
2032.64	0.0517073
2034.56	0.0518267
2036.49	0.0519287
2038.42	0.0522129
2040.35	0.0515654
2042.28	0.0526049
2044.21	0.054619
2046.14	0.056096
2048.06	0.0571207
2049.99	0.0580755
2051.92	0.0582512
2053.85	0.0581142
2055.78	0.0578761
2057.71	0.0574877
2059.64	0.0566766
2061.56	0.0560542
2063.49	0.0540118
2065.42	0.0520005
2067.35	0.0514452
2069.28	0.0501492
2071.21	0.0484921
2073.14	0.04713
2075.06	0.0461028
2076.99	0.0456217
2078.92	0.0454002
2080.85	0.0457461
2082.78	0.0464972
2084.71	0.0478432
2086.63	0.0491416
2088.56	0.0502443
2090.49	0.0516108
2092.42	0.053571
2094.35	0.0546039
2096.28	0.055195
2098.21	0.055298
2100.13	0.054973
2102.06	0.0544993
2103.99	0.0543966
2105.92	0.0543686
2107.85	0.0549405
2109.78	0.0555477
2111.7	0.0561531
2113.63	0.0562807
2115.56	0.0564761
2117.49	0.0562997
2119.42	0.0558697
2121.35	0.0548332
2123.27	0.0540113
2125.2	0.0539191
2127.13	0.0546297
2129.06	0.0558449
2130.99	0.0576798
2132.92	0.0592042
2134.85	0.0598599
2136.77	0.0594099
2138.7	0.0581712
2140.63	0.0553357
2142.56	0.0515203
2144.49	0.0473058
2146.42	0.0434273
2148.35	0.0396533
2150.27	0.0364656
2152.2	0.0336457
2154.13	0.0313981
2156.06	0.0292871
2157.99	0.0273038
2159.92	0.0250859
2161.84	0.0231904
2163.77	0.0215789
2165.7	0.0205002
2167.63	0.0194442
2169.56	0.0187268
2171.49	0.0187131
2173.42	0.0192328
2175.34	0.0199683
2177.27	0.0211349
2179.2	0.0221426
2181.13	0.0233087
2183.06	0.0241535
2184.99	0.024499
2186.92	0.0244778
2188.84	0.0242715
2190.77	0.0237309
2192.7	0.0233638
2194.63	0.0229252
2196.56	0.0226772
2198.49	0.0221074
2200.42	0.021592
2202.34	0.0207855
2204.27	0.0194366
2206.2	0.0177572
2208.13	0.0164225
2210.06	0.0150236
2211.99	0.0144531
2213.92	0.0146019
2215.84	0.0158692
2217.77	0.017679
2219.7	0.0199121
2221.63	0.0221704
2223.56	0.0243545
2225.49	0.0256797
2227.41	0.0264276
2229.34	0.0263188
2231.27	0.0254266
2233.2	0.0237126
2235.13	0.0218109
2237.06	0.0197204
2238.99	0.0178076
2240.91	0.0157018
2242.84	0.0135805
2244.77	0.0116841
2246.7	0.0104924
2248.63	0.0096367
2250.56	0.00898367
2252.49	0.00838125
2254.41	0.00841427
2256.34	0.00845242
2258.27	0.00817049
2260.2	0.00741178
2262.13	0.00666785
2264.06	0.00590301
2265.98	0.00518554
2267.91	0.00470394
2269.84	0.00461364
2271.77	0.00462073
2273.7	0.00492388
2275.63	0.00517708
2277.55	0.00566107
2279.48	0.0059461
2281.41	0.0059908
2283.34	0.00563884
2285.27	0.00526148
2287.2	0.00433081
2289.13	0.0031901
2291.05	0.0019654
2292.98	0.00105917
2294.91	4.98295e-005
2296.84	-0.000377715
2298.77	-0.000112951
2300.7	0.000680447
2302.63	0.00158006
2304.55	0.00281549
2306.48	0.00391614
2308.41	0.00535125
2310.34	0.00643194
2312.27	0.00763172
2314.2	0.00881553
2316.13	0.00968999
2318.05	0.00959802
2319.98	0.00923836
2321.91	0.00866753
2323.84	0.00838268
2325.77	0.00783497
2327.7	0.00660092
2329.63	0.0047437
2331.55	0.00307435
2333.48	0.00132173
2335.41	-0.000596046
2337.34	-0.00267762
2339.27	-0.00399584
2341.2	-0.0045923
2343.12	-0.00414485
2345.05	-0.00337619
2346.98	-0.00113147
2348.91	0.000134587
2350.84	-0.00188208
2352.77	-0.00542533
2354.7	-0.00851208
2356.62	-0.0111297
2358.55	-0.0120884
2360.48	-0.0122481
2362.41	-0.0113712
2364.34	-0.0103058
2366.27	-0.00802833
2368.2	-0.00562191
2370.12	-0.00240624
2372.05	0.000849903
2373.98	0.00441885
2375.91	0.00763184
2377.84	0.01096
2379.76	0.0140467
2381.69	0.0167312
2383.62	0.0187637
2385.55	0.0205548
2387.48	0.0224445
2389.41	0.02474
2391.34	0.0269966
2393.26	0.0299644
2395.19	0.0327194
2397.12	0.0355962
2399.05	0.0383722
2400.98	0.0412453
2402.91	0.0442017
2404.84	0.047129
2406.76	0.0497888
2408.69	0.0522395
2410.62	0.0538517
2412.55	0.0546818
2414.48	0.0551023
2416.41	0.0554749
2418.33	0.0554728
2420.26	0.0551419
2422.19	0.0546412
2424.12	0.0544257
2426.05	0.0540295
2427.98	0.0541795
2429.91	0.0545729
2431.83	0.0553394
2433.76	0.0564442
2435.69	0.0581653
2437.62	0.0600577
2439.55	0.0629483
2441.48	0.0660122
2443.41	0.0686795
2445.33	0.0716851
2447.26	0.0749679
2449.19	0.0777891
2451.12	0.0807346
2453.05	0.0831174
2454.98	0.0856915
2456.91	0.0882421
2458.83	0.0907609
2460.76	0.0930062
2462.69	0.0952326
2464.62	0.0968976
2466.55	0.0983898
2468.48	0.0989966
2470.41	0.0988086
2472.33	0.0979342
2474.26	0.097244
2476.19	0.0963872
2478.12	0.0954649
2480.05	0.094503
2481.98	0.0937815
2483.9	0.0934445
2485.83	0.0934708
2487.76	0.0931196
2489.69	0.0936128
2491.62	0.0942627
2493.55	0.0942968
2495.48	0.0937414
2497.4	0.0935836
2499.33	0.0931652
2501.26	0.0927052
2503.19	0.0921479
2505.12	0.0918069
2507.05	0.0914726
2508.98	0.0915145
2510.9	0.0914592
2512.83	0.0913762
2514.76	0.091554
2516.69	0.0920911
2518.62	0.0919129
2520.55	0.0913112
2522.47	0.090543
2524.4	0.0895513
2526.33	0.0880984
2528.26	0.0870149
2530.19	0.085533
2532.12	0.0843807
2534.04	0.0832261
2535.97	0.0823158
2537.9	0.0816064
2539.83	0.0808334
2541.76	0.0800552
2543.69	0.0791465
2545.62	0.0774406
2547.54	0.0759262
2549.47	0.0746534
2551.4	0.0734243
2553.33	0.0722109
2555.26	0.0718511
2557.19	0.072068
2559.12	0.0729685
2561.04	0.0744419
2562.97	0.0764757
2564.9	0.0789784
2566.83	0.0816846
2568.76	0.0844147
2570.69	0.0873813
2572.61	0.0902668
2574.54	0.0931489
2576.47	0.0956329
2578.4	0.0980325
2580.33	0.100457
2582.26	0.102868
2584.19	0.105011
2586.11	0.107457
2588.04	0.109772
2589.97	0.112097
2591.9	0.114491
2593.83	0.117858
2595.76	0.121669
2597.69	0.125848
2599.61	0.129994
2601.54	0.134611
2603.47	0.139599
2605.4	0.144472
2607.33	0.148314
2609.26	0.151237
2611.19	0.153436
2613.11	0.155023
2615.04	0.156036
2616.97	0.156907
2618.9	0.157493
2620.83	0.158487
2622.76	0.159462
2624.69	0.160945
2626.61	0.162459
2628.54	0.163898
2630.47	0.165187
2632.4	0.166692
2634.33	0.167532
2636.26	0.167832
2638.18	0.167582
2640.11	0.166581
2642.04	0.16495
2643.97	0.163258
2645.9	0.160921
2647.83	0.159077
2649.75	0.157586
2651.68	0.156467
2653.61	0.155888
2655.54	0.156953
2657.47	0.158433
2659.4	0.160496
2661.33	0.163042
2663.25	0.165837
2665.18	0.168378
2667.11	0.171271
2669.04	0.174053
2670.97	0.176761
2672.9	0.179138
2674.82	0.181735
2676.75	0.184877
2678.68	0.188406
2680.61	0.191998
2682.54	0.196131
2684.47	0.200375
2686.4	0.204128
2688.32	0.207798
2690.25	0.210986
2692.18	0.212879
2694.11	0.214937
2696.04	0.21644
2697.97	0.216328
2699.9	0.216161
2701.82	0.216177
2703.75	0.215504
2705.68	0.215372
2707.61	0.215386
2709.54	0.214916
2711.47	0.213974
2713.4	0.213746
2715.32	0.213486
2717.25	0.21286
2719.18	0.212607
2721.11	0.212867
2723.04	0.213434
2724.97	0.213683
2726.9	0.213775
2728.82	0.213858
2730.75	0.213503
2732.68	0.213391
2734.61	0.213056
2736.54	0.212813
2738.47	0.212499
2740.39	0.212916
2742.32	0.21321
2744.25	0.21478
2746.18	0.21727
2748.11	0.219811
2750.04	0.222422
2751.97	0.225281
2753.89	0.228111
2755.82	0.23074
2757.75	0.232958
2759.68	0.235107
2761.61	0.236394
2763.54	0.237546
2765.47	0.237735
2767.39	0.237749
2769.32	0.237681
2771.25	0.238088
2773.18	0.238195
2775.11	0.238469
2777.04	0.238091
2778.96	0.238775
2780.89	0.239948
2782.82	0.241506
2784.75	0.243574
2786.68	0.246259
2788.61	0.249195
2790.53	0.253199
2792.46	0.258235
2794.39	0.263341
2796.32	0.26777
2798.25	0.272406
2800.18	0.275512
2802.11	0.276937
2804.03	0.278146
2805.96	0.279538
2807.89	0.28095
2809.82	0.281841
2811.75	0.282227
2813.68	0.283512
2815.61	0.285233
2817.53	0.287637
2819.46	0.289914
2821.39	0.292737
2823.32	0.2949
2825.25	0.296263
2827.18	0.298399
2829.1	0.301486
2831.03	0.304384
2832.96	0.30723
2834.89	0.310745
2836.82	0.315699
2838.75	0.321054
2840.68	0.328235
2842.6	0.336759
2844.53	0.34586
2846.46	0.355784
2848.39	0.369506
2850.32	0.386532
2852.25	0.403948
2854.18	0.419731
2856.1	0.434341
2858.03	0.445869
2859.96	0.453372
2861.89	0.456718
2863.82	0.458738
2865.75	0.459063
2867.68	0.457199
2869.6	0.455174
2871.53	0.456763
2873.46	0.460357
2875.39	0.466916
2877.32	0.480439
2879.25	0.500673
2881.18	0.523922
2883.1	0.543359
2885.03	0.553135
2886.96	0.553014
2888.89	0.549626
2890.82	0.553329
2892.75	0.569021
2894.67	0.600115
2896.6	0.637032
2898.53	0.650764
2900.46	0.626201
2902.39	0.585652
2904.32	0.553476
2906.25	0.534692
2908.17	0.522723
2910.1	0.517575
2912.03	0.515154
2913.96	0.514574
2915.89	0.517398
2917.82	0.517708
2919.75	0.511811
2921.67	0.505238
2923.6	0.497018
2925.53	0.485522
2927.46	0.471999
2929.39	0.458925
2931.32	0.443211
2933.24	0.422933
2935.17	0.398231
2937.1	0.373191
2939.03	0.348989
2940.96	0.327392
2942.89	0.310248
2944.81	0.298133
2946.74	0.288129
2948.67	0.281659
2950.6	0.277273
2952.53	0.275179
2954.46	0.276114
2956.39	0.277713
2958.31	0.279147
2960.24	0.283397
2962.17	0.292095
2964.1	0.308632
2966.03	0.333961
2967.96	0.359571
2969.89	0.36862
2971.81	0.355524
2973.74	0.33358
2975.67	0.317532
2977.6	0.312601
2979.53	0.322048
2981.46	0.341923
2983.39	0.352129
2985.31	0.331735
2987.24	0.295509
2989.17	0.264918
2991.1	0.243359
2993.03	0.228165
2994.96	0.218648
2996.89	0.212598
2998.81	0.208527
3000.74	0.20603
3002.67	0.204604
3004.6	0.203027
3006.53	0.202462
3008.46	0.202024
3010.38	0.201887
3012.31	0.201237
3014.24	0.201156
3016.17	0.201518
3018.1	0.202189
3020.03	0.202487
3021.96	0.203466
3023.88	0.20399
3025.81	0.20542
3027.74	0.207108
3029.67	0.2073
3031.6	0.207543
3033.53	0.2099
3035.45	0.21173
3037.38	0.214162
3039.31	0.216167
3041.24	0.218149
3043.17	0.219987
3045.1	0.221506
3047.02	0.2228
3048.95	0.22557
3050.88	0.228456
3052.81	0.231778
3054.74	0.234084
3056.67	0.235747
3058.6	0.238151
3060.52	0.241565
3062.45	0.244375
3064.38	0.247262
3066.31	0.250106
3068.24	0.254316
3070.17	0.258131
3072.1	0.261172
3074.02	0.264169
3075.95	0.267729
3077.88	0.271017
3079.81	0.27571
3081.74	0.280544
3083.67	0.284954
3085.59	0.288435
3087.52	0.292979
3089.45	0.297555
3091.38	0.301558
3093.31	0.305208
3095.24	0.308843
3097.17	0.31372
3099.09	0.318045
3101.02	0.322067
3102.95	0.326835
3104.88	0.331576
3106.81	0.337261
3108.74	0.342028
3110.67	0.346844
3112.59	0.350369
3114.52	0.354451
3116.45	0.359319
3118.38	0.365586
3120.31	0.370893
3122.24	0.375028
3124.17	0.380239
3126.09	0.384756
3128.02	0.390248
3129.95	0.395281
3131.88	0.398979
3133.81	0.405068
3135.74	0.410078
3137.67	0.413902
3139.59	0.418428
3141.52	0.424905
3143.45	0.430639
3145.38	0.435907
3147.31	0.440574
3149.24	0.445504
3151.16	0.450928
3153.09	0.456512
3155.02	0.462632
3156.95	0.467806
3158.88	0.473379
3160.81	0.480299
3162.74	0.484737
3164.66	0.489846
3166.59	0.495558
3168.52	0.501495
3170.45	0.508204
3172.38	0.516229
3174.31	0.52125
3176.24	0.526236
3178.16	0.534574
3180.09	0.542707
3182.02	0.547931
3183.95	0.553313
3185.88	0.559666
3187.81	0.566112
3189.73	0.572238
3191.66	0.580308
3193.59	0.588003
3195.52	0.593236
3197.45	0.596777
3199.38	0.601928
3201.3	0.606724
3203.23	0.614239
3205.16	0.61897
3207.09	0.621216
3209.02	0.623685
3210.95	0.62854
3212.88	0.632405
3214.8	0.635134
3216.73	0.638234
3218.66	0.640832
3220.59	0.643974
3222.52	0.647607
3224.45	0.65053
3226.38	0.654252
3228.3	0.657042
3230.23	0.65943
3232.16	0.661831
3234.09	0.663183
3236.02	0.663915
3237.95	0.668003
3239.88	0.670145
3241.8	0.671334
3243.73	0.672764
3245.66	0.676446
3247.59	0.680472
3249.52	0.686029
3251.45	0.68938
3253.38	0.691105
3255.3	0.692307
3257.23	0.69923
3259.16	0.702989
3261.09	0.70366
3263.02	0.705781
3264.95	0.710447
3266.87	0.714478
3268.8	0.720565
3270.73	0.726331
3272.66	0.727649
3274.59	0.726916
3276.52	0.732787
3278.45	0.73894
3280.37	0.744883
3282.3	0.751398
3284.23	0.756397
3286.16	0.763219
3288.09	0.768666
3290.02	0.767349
3291.95	0.771274
3293.87	0.779264
3295.8	0.783408
3297.73	0.783105
3299.66	0.787278
3301.59	0.791796
3303.52	0.795864
3305.44	0.796856
3307.37	0.800045
3309.3	0.803491
3311.23	0.80577
3313.16	0.808828
3315.09	0.813431
3317.01	0.814786
3318.94	0.815953
3320.87	0.817091
3322.8	0.82078
3324.73	0.821855
3326.66	0.824232
3328.59	0.827
3330.51	0.830613
3332.44	0.837093
3334.37	0.841592
3336.3	0.84102
3338.23	0.845295
3340.16	0.850922
3342.08	0.855118
3344.01	0.859666
3345.94	0.866954
3347.87	0.871284
3349.8	0.875759
3351.73	0.879501
3353.66	0.887893
3355.58	0.891077
3357.51	0.893995
3359.44	0.897382
3361.37	0.902782
3363.3	0.907867
3365.23	0.911796
3367.16	0.916464
3369.08	0.924506
3371.01	0.929691
3372.94	0.938202
3374.87	0.94585
3376.8	0.94998
3378.73	0.949773
3380.66	0.952698
3382.58	0.959315
3384.51	0.964974
3386.44	0.967222
3388.37	0.976766
3390.3	0.976497
3392.23	0.976683
3394.16	0.984443
3396.08	0.989807
3398.01	0.986992
3399.94	0.987985
3401.87	0.988914
3403.8	0.994837
3405.73	1.00027
3407.65	1.00705
3409.58	1.0092
3411.51	1.01304
3413.44	1.0181
3415.37	1.02016
3417.3	1.02046
3419.23	1.03299
3421.15	1.04157
3423.08	1.0554
3425.01	1.06147
3426.94	1.07401
3428.87	1.08191
3430.8	1.09121
3432.73	1.10262
3434.65	1.11108
3436.58	1.11299
3438.51	1.12612
3440.44	1.13158
3442.37	1.12696
3444.3	1.11496
3446.22	1.10178
3448.15	1.09401
3450.08	1.10317
3452.01	1.09896
3453.94	1.08914
3455.87	1.07747
3457.79	1.07605
3459.72	1.07167
3461.65	1.06658
3463.58	1.05649
3465.51	1.05044
3467.44	1.04348
3469.37	1.03884
3471.29	1.02381
3473.22	1.01374
3475.15	1.00372
3477.08	0.99246
3479.01	0.976292
3480.94	0.964332
3482.87	0.949432
3484.79	0.936333
3486.72	0.918708
3488.65	0.903396
3490.58	0.887828
3492.51	0.871269
3494.44	0.850577
3496.36	0.832709
3498.29	0.811321
3500.22	0.791634
3502.15	0.7684
3504.08	0.750246
3506.01	0.736895
3507.94	0.720684
3509.86	0.699133
3511.79	0.682965
3513.72	0.667675
3515.65	0.653132
3517.58	0.632719
3519.51	0.618243
3521.44	0.599133
3523.36	0.57816
3525.29	0.562124
3527.22	0.546287
3529.15	0.533185
3531.08	0.525705
3533.01	0.515373
3534.94	0.499512
3536.86	0.484889
3538.79	0.476657
3540.72	0.463185
3542.65	0.445876
3544.58	0.425065
3546.51	0.413402
3548.44	0.40821
3550.36	0.398421
3552.29	0.383212
3554.22	0.376899
3556.15	0.367783
3558.08	0.355435
3560.01	0.34112
3561.93	0.329617
3563.86	0.312016
3565.79	0.286917
3567.72	0.27884
3569.65	0.289849
3571.58	0.288766
3573.5	0.28081
3575.43	0.270506
3577.36	0.263684
3579.29	0.255452
3581.22	0.24882
3583.15	0.239842
3585.08	0.225595
3587	0.205074
3588.93	0.210524
3590.86	0.215181
3592.79	0.206049
3594.72	0.194087
3596.65	0.19136
3598.58	0.185943
3600.5	0.181048
3602.43	0.181191
3604.36	0.178339
3606.29	0.163364
3608.22	0.151491
3610.15	0.1494
3612.07	0.140567
3614	0.13306
3615.93	0.133556
3617.86	0.120294
3619.79	0.118511
3621.72	0.130752
3623.65	0.133081
3625.57	0.121332
3627.5	0.0987698
3629.43	0.0881553
3631.36	0.106217
3633.29	0.107923
3635.22	0.109146
3637.15	0.106844
3639.07	0.104399
3641	0.099772
3642.93	0.094425
3644.86	0.0832566
3646.79	0.0522284
3648.72	0.0269741
3650.65	0.0445822
3652.57	0.0703702
3654.5	0.0708488
3656.43	0.0632964
3658.36	0.0708441
3660.29	0.0727638
3662.22	0.0719695
3664.15	0.0686094
3666.07	0.0613341
3668	0.041273
3669.93	0.0221661
3671.86	0.0330383
3673.79	0.0234928
3675.72	0.00331974
3677.64	0.0237756
3679.57	0.0337018
3681.5	0.0414062
3683.43	0.040357
3685.36	0.0333472
3687.29	0.0147203
3689.22	-0.00390273
3691.14	0.00776315
3693.07	0.0252348
3695	0.0303463
3696.93	0.0308644
3698.86	0.0281554
3700.79	0.0187682
3702.71	0.0189595
3704.64	0.0250047
3706.57	0.0215007
3708.5	0.00842434
3710.43	-0.0117564
3712.36	-0.00470358
3714.28	0.0136977
3716.21	0.0210698
3718.14	0.0168596
3720.07	0.0124759
3722	0.00562
3723.93	0.00549799
3725.86	0.00562495
3727.78	0.0144446
3729.71	0.0148059
3731.64	-0.000956118
3733.57	-0.0187089
3735.5	-0.0250902
3737.43	-0.00542241
3739.36	0.00644755
3741.28	0.00655919
3743.21	-0.00160015
3745.14	-0.0115668
3747.07	-0.00642163
3749	-0.0194481
3750.93	-0.02616
3752.85	-0.00143105
3754.78	0.0148884
3756.71	0.0145749
3758.64	0.0117822
3760.57	0.0203551
3762.5	0.0295826
3764.43	0.0249666
3766.35	0.02537
3768.28	0.0241122
3770.21	0.0234219
3772.14	0.0359461
3774.07	0.0424912
3776	0.041495
3777.93	0.0338575
3779.85	0.0317445
3781.78	0.0403016
3783.71	0.0376658
3785.64	0.0393769
3787.57	0.046298
3789.5	0.0492439
3791.43	0.0497985
3793.35	0.0477401
3795.28	0.0371686
3797.21	0.0311859
3799.14	0.0284186
3801.07	0.012888
3803	0.027861
3804.93	0.0374514
3806.85	0.0343176
3808.78	0.0498294
3810.71	0.0575354
3812.64	0.0554737
3814.57	0.0426312
3816.5	0.0344452
3818.42	0.0360226
3820.35	0.0230342
3822.28	0.0388617
3824.21	0.0549881
3826.14	0.0553402
3828.07	0.0617158
3830	0.0628347
3831.92	0.059446
3833.85	0.0588872
3835.78	0.0528479
3837.71	0.0446033
3839.64	0.0501956
3841.57	0.06714
3843.5	0.0786198
3845.42	0.0920236
3847.35	0.0980672
3849.28	0.0919811
3851.21	0.0748509
3853.14	0.0567393
3855.07	0.0842397
3856.99	0.10197
3858.92	0.113488
3860.85	0.109183
3862.78	0.0999529
3864.71	0.101133
3866.64	0.114382
3868.56	0.107082
3870.49	0.104529
3872.42	0.116317
3874.35	0.123185
3876.28	0.137031
3878.21	0.136329
3880.14	0.125313
3882.06	0.130914
3883.99	0.132748
3885.92	0.136378
3887.85	0.148793
3889.78	0.145167
3891.71	0.140189
3893.64	0.153849
3895.56	0.161465
3897.49	0.156259
3899.42	0.148257
3901.35	0.147661
3903.28	0.146865
3905.21	0.160369
3907.14	0.179061
3909.06	0.188821
3910.99	0.191509
3912.92	0.19299
3914.85	0.188801
3916.78	0.184884
3918.71	0.188558
3920.64	0.194067
3922.56	0.194385
3924.49	0.19351
3926.42	0.202735
3928.35	0.204536
3930.28	0.201335
3932.21	0.204272
3934.13	0.213885
3936.06	0.221002
3937.99	0.223298
3939.92	0.224554
3941.85	0.22204
3943.78	0.226943
3945.71	0.232295
3947.63	0.230889
3949.56	0.233699
3951.49	0.241341
3953.42	0.247612
3955.35	0.251753
3957.28	0.254719
3959.21	0.257687
3961.13	0.25965
3963.06	0.264903
3964.99	0.270391
3966.92	0.273291
3968.85	0.274973
3970.78	0.277397
3972.7	0.278726
3974.63	0.281084
3976.56	0.283934
3978.49	0.286777
3980.42	0.287527
3982.35	0.288434
3984.27	0.290119
3986.2	0.292045
3988.13	0.292988
3990.06	0.293201
3991.99	0.294555
3993.92	0.295947
3995.85	0.297551
3997.77	0.299958
3999.7	0.301002
4001.63	-0.509044
