399.199	0.368188
401.127	3.94147
403.056	3.94496
404.984	0.0986376
406.913	0.011395
408.841	0.587885
410.77	0.731967
412.698	0.308718
414.627	0.273552
416.555	0.104012
418.484	-0.0200937
420.412	0.426033
422.341	1.39954
424.269	0.88835
426.198	0.592136
428.126	0.832641
430.055	3.99305
431.983	0.720588
433.912	0.510768
435.84	0.735257
437.769	0.574202
439.697	0.152512
441.626	0.165659
443.554	0.269825
445.483	4.0199
447.411	4.02322
449.34	4.02654
451.268	4.02985
453.197	4.03315
455.125	0.673023
457.054	1.73957
458.982	0.772433
460.911	1.34579
462.839	0.592798
464.768	1.67612
466.696	4.05608
468.625	4.05933
470.553	1.46112
472.482	4.0658
474.41	4.06903
476.339	4.07225
478.267	0.555325
480.196	0.404033
482.124	0.122846
484.053	0.17691
485.981	0.49611
487.91	0.478606
489.838	0.513568
491.767	4.09776
493.695	4.10091
495.624	4.10406
497.552	4.10721
499.481	1.36148
501.409	0.236811
503.338	4.1166
505.266	4.11971
507.195	0.252717
509.123	4.12592
511.052	4.12902
512.98	4.13211
514.909	4.13519
516.837	-0.04813
518.766	-0.0180519
520.694	-0.208345
522.623	4.14745
524.551	4.1505
526.48	4.15354
528.408	0.704495
530.337	0.0538422
532.265	-0.354085
534.194	-0.372189
536.122	-0.0510004
538.051	0.00532305
539.979	-0.188299
541.908	-0.0545568
543.836	0.0207034
545.765	-0.0488018
547.693	-0.3698
549.622	-0.348479
551.55	-0.269954
553.479	-0.126687
555.407	0.307451
557.336	0.536545
559.264	0.101138
561.193	0.0370855
563.121	0.0489544
565.05	0.0797874
566.978	0.0488218
568.907	0.0769686
570.835	0.113751
572.764	0.143894
574.692	0.114617
576.621	0.0468379
578.549	0.0676317
580.478	0.114105
582.406	0.119012
584.335	0.140681
586.263	0.15
588.192	0.116788
590.12	0.139583
592.049	0.176619
593.977	0.17417
595.906	0.176214
597.834	0.17962
599.763	0.194378
601.691	0.216705
603.62	0.206753
605.548	0.200806
607.477	0.201509
609.405	0.214792
611.334	0.230582
613.262	0.232324
615.191	0.251489
617.119	0.275194
619.048	0.30821
620.976	0.327536
622.905	0.326343
624.833	0.334031
626.762	0.33407
628.69	0.323131
630.619	0.322139
632.547	0.329046
634.476	0.338404
636.404	0.34219
638.333	0.341457
640.261	0.351935
642.19	0.36244
644.118	0.351046
646.047	0.342196
647.975	0.338448
649.904	0.344921
651.832	0.349791
653.761	0.355842
655.689	0.3669
657.618	0.377261
659.546	0.39159
661.474	0.417421
663.403	0.435706
665.331	0.430876
667.26	0.411697
669.188	0.405955
671.117	0.400079
673.045	0.391288
674.974	0.386382
676.903	0.385964
678.831	0.384356
680.76	0.39117
682.688	0.391888
684.617	0.389413
686.545	0.389798
688.474	0.390465
690.402	0.391227
692.331	0.390817
694.259	0.391638
696.188	0.395354
698.116	0.397311
700.044	0.398671
701.973	0.397728
703.901	0.402023
705.83	0.407264
707.758	0.409936
709.687	0.413505
711.615	0.415342
713.544	0.417259
715.472	0.420558
717.401	0.423672
719.33	0.43061
721.258	0.43242
723.187	0.431897
725.115	0.432136
727.044	0.437108
728.972	0.439242
730.901	0.44121
732.829	0.440914
734.757	0.441119
736.686	0.438518
738.614	0.43126
740.543	0.421183
742.471	0.416822
744.4	0.40812
746.328	0.400032
748.257	0.391518
750.185	0.384258
752.114	0.377149
754.042	0.36717
755.971	0.355366
757.899	0.3472
759.828	0.340629
761.756	0.331264
763.685	0.321895
765.613	0.315175
767.542	0.308986
769.47	0.301044
771.399	0.295164
773.327	0.290507
775.256	0.285919
777.184	0.281475
779.113	0.279575
781.041	0.272946
782.97	0.261572
784.898	0.250331
786.827	0.242806
788.755	0.23326
790.684	0.224992
792.612	0.216458
794.541	0.210473
796.469	0.204854
798.398	0.199134
800.326	0.193361
802.255	0.188139
804.183	0.182621
806.112	0.1779
808.04	0.174472
809.969	0.171706
811.897	0.169165
813.826	0.164882
815.754	0.162362
817.683	0.158854
819.611	0.155442
821.54	0.153287
823.468	0.152596
825.397	0.152421
827.325	0.15461
829.254	0.158466
831.182	0.166198
833.111	0.175131
835.039	0.178931
836.968	0.177145
838.896	0.170173
840.825	0.160703
842.753	0.15345
844.682	0.148721
846.61	0.144776
848.539	0.142948
850.467	0.141442
852.396	0.141567
854.324	0.141762
856.253	0.143943
858.181	0.14623
860.11	0.149199
862.038	0.152823
863.967	0.157405
865.895	0.161737
867.824	0.167535
869.752	0.175518
871.681	0.184839
873.609	0.197019
875.538	0.212584
877.466	0.232949
879.395	0.258373
881.323	0.292054
883.252	0.330607
885.18	0.373666
887.109	0.40805
889.037	0.424924
890.966	0.427794
892.894	0.425332
894.823	0.413374
896.751	0.384533
898.68	0.344671
900.608	0.306919
902.537	0.275316
904.465	0.251902
906.394	0.235825
908.322	0.226574
910.251	0.22208
912.179	0.217861
914.108	0.215182
916.036	0.213022
917.965	0.212998
919.893	0.214694
921.822	0.215846
923.75	0.216432
925.679	0.217951
927.607	0.219992
929.536	0.2226
931.464	0.226338
933.393	0.229474
935.321	0.233427
937.25	0.238006
939.178	0.243329
941.107	0.248628
943.035	0.254004
944.964	0.259279
946.892	0.266395
948.821	0.274203
950.749	0.2817
952.678	0.289864
954.606	0.299261
956.535	0.309477
958.463	0.321817
960.392	0.336031
962.32	0.352997
964.249	0.372836
966.177	0.394647
968.106	0.418335
970.034	0.441885
971.963	0.458194
973.891	0.467913
975.82	0.477687
977.748	0.492849
979.677	0.514335
981.605	0.541842
983.534	0.573855
985.462	0.606771
987.391	0.63621
989.319	0.657659
991.248	0.667611
993.176	0.672673
995.105	0.669624
997.033	0.655183
998.961	0.631889
1000.89	0.607627
1002.82	0.587077
1004.75	0.575971
1006.68	0.571369
1008.6	0.571971
1010.53	0.577505
1012.46	0.58809
1014.39	0.599247
1016.32	0.607756
1018.25	0.613294
1020.17	0.621225
1022.1	0.632423
1024.03	0.645558
1025.96	0.655363
1027.89	0.66086
1029.82	0.662195
1031.75	0.661691
1033.67	0.663259
1035.6	0.670477
1037.53	0.67962
1039.46	0.692291
1041.39	0.703729
1043.32	0.714437
1045.24	0.722077
1047.17	0.732571
1049.1	0.743275
1051.03	0.752933
1052.96	0.760284
1054.89	0.768161
1056.82	0.776186
1058.74	0.790963
1060.67	0.812151
1062.6	0.829969
1064.53	0.837122
1066.46	0.838929
1068.39	0.834876
1070.32	0.829892
1072.24	0.823742
1074.17	0.822336
1076.1	0.822667
1078.03	0.831523
1079.96	0.855039
1081.89	0.888588
1083.81	0.917415
1085.74	0.93684
1087.67	0.946427
1089.6	0.961166
1091.53	0.979498
1093.46	0.995662
1095.39	1.00719
1097.31	1.01903
1099.24	1.02799
1101.17	1.03945
1103.1	1.05076
1105.03	1.06668
1106.96	1.0752
1108.89	1.07145
1110.81	1.0535
1112.74	1.02961
1114.67	1.0067
1116.6	0.991279
1118.53	0.981376
1120.46	0.981572
1122.39	0.984211
1124.31	0.994603
1126.24	1.0128
1128.17	1.02889
1130.1	1.03094
1132.03	1.01925
1133.96	0.993614
1135.89	0.96791
1137.81	0.946735
1139.74	0.93498
1141.67	0.928717
1143.6	0.924867
1145.53	0.923337
1147.46	0.925322
1149.38	0.923595
1151.31	0.920645
1153.24	0.918855
1155.17	0.926718
1157.1	0.942421
1159.03	0.961955
1160.95	0.977831
1162.88	0.993472
1164.81	1.00829
1166.74	1.0146
1168.67	1.00502
1170.6	0.980741
1172.53	0.942496
1174.45	0.899087
1176.38	0.857042
1178.31	0.823641
1180.24	0.796966
1182.17	0.779748
1184.1	0.774385
1186.03	0.782949
1187.95	0.795235
1189.88	0.801426
1191.81	0.797887
1193.74	0.792654
1195.67	0.79065
1197.6	0.797056
1199.53	0.811558
1201.45	0.826698
1203.38	0.830364
1205.31	0.823566
1207.24	0.809317
1209.17	0.797863
1211.1	0.789159
1213.03	0.783673
1214.95	0.779856
1216.88	0.776171
1218.81	0.770382
1220.74	0.764237
1222.67	0.753056
1224.6	0.735207
1226.52	0.711961
1228.45	0.689098
1230.38	0.669697
1232.31	0.65624
1234.24	0.647876
1236.17	0.645351
1238.09	0.648501
1240.02	0.658379
1241.95	0.673784
1243.88	0.694796
1245.81	0.717014
1247.74	0.73955
1249.67	0.758418
1251.59	0.776497
1253.52	0.793559
1255.45	0.811843
1257.38	0.82933
1259.31	0.845898
1261.24	0.857604
1263.17	0.866332
1265.09	0.863559
1267.02	0.848595
1268.95	0.82428
1270.88	0.803571
1272.81	0.792249
1274.74	0.792863
1276.67	0.80388
1278.59	0.820156
1280.52	0.832304
1282.45	0.839547
1284.38	0.835523
1286.31	0.821644
1288.24	0.799559
1290.17	0.777581
1292.09	0.756936
1294.02	0.74503
1295.95	0.741549
1297.88	0.747151
1299.81	0.756398
1301.74	0.768773
1303.66	0.784215
1305.59	0.807774
1307.52	0.834022
1309.45	0.846259
1311.38	0.828429
1313.31	0.801593
1315.23	0.786718
1317.16	0.786833
1319.09	0.792489
1321.02	0.796972
1322.95	0.793335
1324.88	0.7914
1326.81	0.794954
1328.73	0.806632
1330.66	0.821218
1332.59	0.84117
1334.52	0.858
1336.45	0.867396
1338.38	0.864649
1340.31	0.865468
1342.23	0.868353
1344.16	0.862537
1346.09	0.85255
1348.02	0.846375
1349.95	0.844728
1351.88	0.850259
1353.81	0.855209
1355.73	0.864486
1357.66	0.871852
1359.59	0.873506
1361.52	0.859911
1363.45	0.847297
1365.38	0.835231
1367.3	0.8116
1369.23	0.784204
1371.16	0.766178
1373.09	0.745548
1375.02	0.742435
1376.95	0.752608
1378.88	0.754642
1380.8	0.750876
1382.73	0.744046
1384.66	0.731749
1386.59	0.718069
1388.52	0.722504
1390.45	0.735087
1392.38	0.739029
1394.3	0.740589
1396.23	0.758137
1398.16	0.778881
1400.09	0.805076
1402.02	0.825354
1403.95	0.827022
1405.87	0.835394
1407.8	0.846671
1409.73	0.854342
1411.66	0.863638
1413.59	0.878932
1415.52	0.884812
1417.44	0.882059
1419.37	0.89082
1421.3	0.913604
1423.23	0.914979
1425.16	0.920791
1427.09	0.916426
1429.02	0.896587
1430.94	0.874456
1432.87	0.857066
1434.8	0.828928
1436.73	0.800656
1438.66	0.7961
1440.59	0.794478
1442.52	0.786133
1444.44	0.78119
1446.37	0.772712
1448.3	0.778774
1450.23	0.794849
1452.16	0.802956
1454.09	0.786918
1456.02	0.734912
1457.94	0.68445
1459.87	0.700221
1461.8	0.705082
1463.73	0.696562
1465.66	0.70399
1467.59	0.721858
1469.52	0.723997
1471.44	0.707601
1473.37	0.707972
1475.3	0.730357
1477.23	0.741832
1479.16	0.740321
1481.09	0.722645
1483.01	0.706553
1484.94	0.680102
1486.87	0.639352
1488.8	0.594528
1490.73	0.578887
1492.66	0.576495
1494.58	0.554811
1496.51	0.514599
1498.44	0.49876
1500.37	0.491933
1502.3	0.480263
1504.23	0.451791
1506.16	0.384201
1508.08	0.366727
1510.01	0.39736
1511.94	0.40039
1513.87	0.389978
1515.8	0.3604
1517.73	0.344233
1519.66	0.332528
1521.58	0.30436
1523.51	0.31504
1525.44	0.316245
1527.37	0.316255
1529.3	0.322407
1531.23	0.312508
1533.16	0.288249
1535.08	0.291364
1537.01	0.284113
1538.94	0.235491
1540.87	0.202689
1542.8	0.23033
1544.73	0.250063
1546.66	0.270317
1548.58	0.266389
1550.51	0.256665
1552.44	0.253138
1554.37	0.233842
1556.3	0.216618
1558.23	0.173125
1560.15	0.204066
1562.08	0.232863
1564.01	0.233006
1565.94	0.229971
1567.87	0.22072
1569.8	0.208241
1571.72	0.222016
1573.65	0.216996
1575.58	0.19502
1577.51	0.202241
1579.44	0.219981
1581.37	0.222519
1583.3	0.221446
1585.22	0.219619
1587.15	0.21812
1589.08	0.21415
1591.01	0.211507
1592.94	0.207818
1594.87	0.204763
1596.8	0.205877
1598.72	0.207137
1600.65	0.20291
1602.58	0.199404
1604.51	0.199381
1606.44	0.196083
1608.37	0.190605
1610.3	0.192652
1612.22	0.193837
1614.15	0.184944
1616.08	0.164653
1618.01	0.171599
1619.94	0.180938
1621.87	0.169963
1623.8	0.162901
1625.72	0.17187
1627.65	0.169738
1629.58	0.175666
1631.51	0.175905
1633.44	0.161673
1635.37	0.129439
1637.29	0.139799
1639.22	0.159589
1641.15	0.164188
1643.08	0.15845
1645.01	0.136868
1646.94	0.107166
1648.86	0.129607
1650.79	0.131838
1652.72	0.0963982
1654.65	0.119546
1656.58	0.147485
1658.51	0.155291
1660.44	0.149163
1662.36	0.137545
1664.29	0.146952
1666.22	0.148131
1668.15	0.127867
1670.08	0.115363
1672.01	0.129631
1673.94	0.130859
1675.86	0.131864
1677.79	0.138135
1679.72	0.127773
1681.65	0.112881
1683.58	0.0841981
1685.51	0.102583
1687.44	0.119482
1689.36	0.122854
1691.29	0.131263
1693.22	0.128551
1695.15	0.104836
1697.08	0.0888782
1699.01	0.0904088
1700.93	0.101952
1702.86	0.116023
1704.79	0.112306
1706.72	0.121895
1708.65	0.13676
1710.58	0.141514
1712.51	0.138086
1714.43	0.11987
1716.36	0.104833
1718.29	0.122548
1720.22	0.153285
1722.15	0.158889
1724.08	0.158527
1726.01	0.159963
1727.93	0.152779
1729.86	0.13776
1731.79	0.125717
1733.72	0.109222
1735.65	0.12871
1737.58	0.135416
1739.5	0.126212
1741.43	0.124009
1743.36	0.115295
1745.29	0.107461
1747.22	0.0915253
1749.15	0.0806674
1751.07	0.087754
1753	0.102086
1754.93	0.102857
1756.86	0.0948243
1758.79	0.0962096
1760.72	0.0906178
1762.65	0.0901965
1764.57	0.098084
1766.5	0.0926551
1768.43	0.082015
1770.36	0.0681227
1772.29	0.055146
1774.22	0.0698231
1776.15	0.0782409
1778.07	0.0772474
1780	0.0682197
1781.93	0.0680958
1783.86	0.0675066
1785.79	0.0651472
1787.72	0.0633587
1789.65	0.0506328
1791.57	0.0317878
1793.5	0.0346326
1795.43	0.0406311
1797.36	0.0400906
1799.29	0.0343987
1801.22	0.0316138
1803.15	0.0379478
1805.07	0.0403905
1807	0.0372131
1808.93	0.0306205
1810.86	0.0259988
1812.79	0.030456
1814.72	0.03406
1816.64	0.031422
1818.57	0.0304488
1820.5	0.0286806
1822.43	0.0237963
1824.36	0.0144295
1826.29	0.0135313
1828.21	0.00690424
1830.14	0.0019657
1832.07	0.015174
1834	0.0192016
1835.93	0.0161349
1837.86	0.0151313
1839.79	0.0160373
1841.71	0.0085898
1843.64	-0.00464565
1845.57	-0.00150132
1847.5	0.00559425
1849.43	0.0105463
1851.36	0.0129943
1853.29	0.0122395
1855.21	0.0116245
1857.14	0.00998342
1859.07	0.00871938
1861	0.00886345
1862.93	0.00890726
1864.86	0.00391531
1866.79	-0.0092001
1868.71	-0.0165938
1870.64	-0.00346386
1872.57	0.00537968
1874.5	0.00613844
1876.43	0.00506896
1878.36	0.00369197
1880.29	0.00279599
1882.21	0.00137329
1884.14	-0.000761807
1886.07	-0.0015555
1888	-0.00633013
1889.93	-0.00938815
1891.86	-0.00325471
1893.78	-0.00423002
1895.71	-0.00447959
1897.64	-0.000363171
1899.57	0.00142103
1901.5	0.00143343
1903.43	0.00153142
1905.35	0.00111449
1907.28	-0.00100148
1909.21	-0.00306469
1911.14	0.00130576
1913.07	0.00526124
1915	0.00501353
1916.93	-0.00069654
1918.85	-0.00095576
1920.78	0.000281692
1922.71	-0.0038954
1924.64	0.00155109
1926.57	0.00557375
1928.5	0.00597221
1930.43	0.00612664
1932.35	0.00656873
1934.28	0.00787109
1936.21	0.0095889
1938.14	0.0108317
1940.07	0.0090028
1942	0.00351679
1943.93	0.00709558
1945.85	0.0122089
1947.78	0.0154564
1949.71	0.0174929
1951.64	0.0179105
1953.57	0.0175374
1955.5	0.0175096
1957.43	0.0188296
1959.35	0.0187455
1961.28	0.0186618
1963.21	0.0185814
1965.14	0.015583
1967.07	0.0128289
1969	0.0173317
1970.92	0.0209525
1972.85	0.0227872
1974.78	0.0245705
1976.71	0.0266773
1978.64	0.0278466
1980.57	0.0282753
1982.49	0.0275236
1984.42	0.0264932
1986.35	0.0238113
1988.28	0.0205601
1990.21	0.0174583
1992.14	0.0150007
1994.07	0.0191584
1995.99	0.022429
1997.92	0.0236145
1999.85	0.0257014
2001.78	0.0282968
2003.71	0.0312358
2005.64	0.0337234
2007.57	0.0359175
2009.49	0.0385563
2011.42	0.0416176
2013.35	0.0437475
2015.28	0.043608
2017.21	0.0439702
2019.14	0.0485009
2021.06	0.0517613
2022.99	0.0534023
2024.92	0.054776
2026.85	0.0557882
2028.78	0.0564872
2030.71	0.0572868
2032.64	0.057605
2034.56	0.057849
2036.49	0.0580205
2038.42	0.0585749
2040.35	0.0581539
2042.28	0.0590546
2044.21	0.0606791
2046.14	0.0616182
2048.06	0.0622441
2049.99	0.0624116
2051.92	0.0621629
2053.85	0.06182
2055.78	0.0610248
2057.71	0.0605053
2059.64	0.0593707
2061.56	0.0580138
2063.49	0.0557397
2065.42	0.0539854
2067.35	0.0540717
2069.28	0.053575
2071.21	0.0526981
2073.14	0.0521779
2075.06	0.0521446
2076.99	0.0526552
2078.92	0.0531455
2080.85	0.0539077
2082.78	0.0549626
2084.71	0.0562726
2086.63	0.0574023
2088.56	0.0583209
2090.49	0.0592564
2092.42	0.0604379
2094.35	0.0606211
2096.28	0.0606464
2098.21	0.0605863
2100.13	0.0606303
2102.06	0.0606222
2103.99	0.0607661
2105.92	0.0610659
2107.85	0.0617345
2109.78	0.0620722
2111.7	0.0621777
2113.63	0.0617242
2115.56	0.0615408
2117.49	0.0611793
2119.42	0.0607748
2121.35	0.0605972
2123.27	0.0610816
2125.2	0.0616021
2127.13	0.0623176
2129.06	0.063302
2130.99	0.0642955
2132.92	0.064169
2134.85	0.0630616
2136.77	0.0612012
2138.7	0.0588718
2140.63	0.0558345
2142.56	0.0526613
2144.49	0.0494431
2146.42	0.0465221
2148.35	0.043741
2150.27	0.0414871
2152.2	0.0392702
2154.13	0.0371106
2156.06	0.034923
2157.99	0.0331526
2159.92	0.0312902
2161.84	0.029883
2163.77	0.0290219
2165.7	0.028397
2167.63	0.0278822
2169.56	0.0280246
2171.49	0.0283011
2173.42	0.0290619
2175.34	0.0297907
2177.27	0.0304779
2179.2	0.0309962
2181.13	0.0313707
2183.06	0.0311704
2184.99	0.0310373
2186.92	0.0307614
2188.84	0.0305588
2190.77	0.0303704
2192.7	0.0301303
2194.63	0.0294634
2196.56	0.0289068
2198.49	0.0280724
2200.42	0.0272894
2202.34	0.0264355
2204.27	0.0252991
2206.2	0.0241737
2208.13	0.0236969
2210.06	0.0236572
2211.99	0.024156
2213.92	0.0250419
2215.84	0.0264763
2217.77	0.0281969
2219.7	0.030141
2221.63	0.0315493
2223.56	0.0325842
2225.49	0.0325972
2227.41	0.0320417
2229.34	0.0309514
2231.27	0.0294688
2233.2	0.0276933
2235.13	0.0261244
2237.06	0.0243796
2238.99	0.0225416
2240.91	0.0206668
2242.84	0.0193175
2244.77	0.0182586
2246.7	0.0176861
2248.63	0.0170231
2250.56	0.0165776
2252.49	0.0162704
2254.41	0.0159848
2256.34	0.0155616
2258.27	0.015347
2260.2	0.0147928
2262.13	0.0143682
2264.06	0.0138868
2265.98	0.0133413
2267.91	0.0130241
2269.84	0.0132805
2271.77	0.0132813
2273.7	0.0134809
2275.63	0.0138627
2277.55	0.0142313
2279.48	0.0144624
2281.41	0.014371
2283.34	0.0135912
2285.27	0.012791
2287.2	0.0118023
2289.13	0.0111094
2291.05	0.0103899
2292.98	0.00977921
2294.91	0.00954294
2296.84	0.00999749
2298.77	0.0102373
2300.7	0.0108572
2302.63	0.0116615
2304.55	0.0125325
2306.48	0.0131401
2308.41	0.0137914
2310.34	0.0140862
2312.27	0.014282
2314.2	0.0140252
2316.13	0.0138823
2318.05	0.0127671
2319.98	0.0115064
2321.91	0.0103785
2323.84	0.00936735
2325.77	0.00767887
2327.7	0.00562429
2329.63	0.00371933
2331.55	0.00207913
2333.48	0.000166774
2335.41	-0.000942111
2337.34	-0.00219297
2339.27	-0.00350916
2341.2	-0.00443459
2343.12	-0.00360703
2345.05	-0.00163591
2346.98	0.00208819
2348.91	0.00362897
2350.84	0.000565529
2352.77	-0.00399506
2354.7	-0.00737059
2356.62	-0.0101095
2358.55	-0.0115466
2360.48	-0.0118326
2362.41	-0.010128
2364.34	-0.00815654
2366.27	-0.00497913
2368.2	-0.00134897
2370.12	0.00261533
2372.05	0.00677037
2373.98	0.0116005
2375.91	0.0156883
2377.84	0.019425
2379.76	0.0228599
2381.69	0.0260264
2383.62	0.028677
2385.55	0.0311775
2387.48	0.03337
2389.41	0.0356843
2391.34	0.0381259
2393.26	0.0410781
2395.19	0.0438945
2397.12	0.0467167
2399.05	0.0492001
2400.98	0.0516694
2402.91	0.0539597
2404.84	0.056381
2406.76	0.0584674
2408.69	0.0599236
2410.62	0.0606952
2412.55	0.0614785
2414.48	0.061932
2416.41	0.0621325
2418.33	0.0621201
2420.26	0.0622817
2422.19	0.0622774
2424.12	0.0623572
2426.05	0.0622861
2427.98	0.0627391
2429.91	0.0636562
2431.83	0.0650865
2433.76	0.0664577
2435.69	0.0682563
2437.62	0.0703778
2439.55	0.0729334
2441.48	0.0755663
2443.41	0.0781953
2445.33	0.0806844
2447.26	0.0830748
2449.19	0.0851623
2451.12	0.0877219
2453.05	0.0898318
2454.98	0.0917088
2456.91	0.093492
2458.83	0.0952415
2460.76	0.0969802
2462.69	0.0985171
2464.62	0.0995343
2466.55	0.100315
2468.48	0.100503
2470.41	0.100519
2472.33	0.0999631
2474.26	0.0993245
2476.19	0.098572
2478.12	0.0977079
2480.05	0.0969601
2481.98	0.0970035
2483.9	0.0969164
2485.83	0.0965394
2487.76	0.0961379
2489.69	0.0963725
2491.62	0.0964695
2493.55	0.0961758
2495.48	0.0957816
2497.4	0.0954446
2499.33	0.095088
2501.26	0.0953597
2503.19	0.0952489
2505.12	0.0948843
2507.05	0.0945153
2508.98	0.0944144
2510.9	0.0940721
2512.83	0.0938041
2514.76	0.0932627
2516.69	0.0930614
2518.62	0.0918498
2520.55	0.0905094
2522.47	0.0892127
2524.4	0.0877773
2526.33	0.0862284
2528.26	0.0850769
2530.19	0.0842088
2532.12	0.0839763
2534.04	0.0832863
2535.97	0.0823926
2537.9	0.0819285
2539.83	0.0817308
2541.76	0.0808709
2543.69	0.0802963
2545.62	0.0790812
2547.54	0.0781946
2549.47	0.0777447
2551.4	0.0776592
2553.33	0.0780302
2555.26	0.0788959
2557.19	0.0800942
2559.12	0.081867
2561.04	0.0838302
2562.97	0.0863302
2564.9	0.0887258
2566.83	0.0913028
2568.76	0.0938696
2570.69	0.0966229
2572.61	0.0989448
2574.54	0.101316
2576.47	0.103776
2578.4	0.106578
2580.33	0.108983
2582.26	0.111442
2584.19	0.1141
2586.11	0.116263
2588.04	0.1185
2589.97	0.121427
2591.9	0.124546
2593.83	0.128189
2595.76	0.131906
2597.69	0.13588
2599.61	0.139955
2601.54	0.14377
2603.47	0.147168
2605.4	0.150765
2607.33	0.153566
2609.26	0.156027
2611.19	0.157467
2613.11	0.158474
2615.04	0.158725
2616.97	0.159127
2618.9	0.159374
2620.83	0.15941
2622.76	0.159756
2624.69	0.161468
2626.61	0.162891
2628.54	0.163616
2630.47	0.164365
2632.4	0.165151
2634.33	0.165015
2636.26	0.165104
2638.18	0.164088
2640.11	0.162557
2642.04	0.16136
2643.97	0.160313
2645.9	0.159146
2647.83	0.158023
2649.75	0.157108
2651.68	0.157906
2653.61	0.159018
2655.54	0.160653
2657.47	0.162706
2659.4	0.164936
2661.33	0.166978
2663.25	0.169654
2665.18	0.172049
2667.11	0.174626
2669.04	0.177267
2670.97	0.179961
2672.9	0.182621
2674.82	0.185298
2676.75	0.188236
2678.68	0.191794
2680.61	0.195502
2682.54	0.198911
2684.47	0.202112
2686.4	0.205263
2688.32	0.208475
2690.25	0.211562
2692.18	0.213374
2694.11	0.214744
2696.04	0.215536
2697.97	0.215907
2699.9	0.215852
2701.82	0.215373
2703.75	0.215133
2705.68	0.215303
2707.61	0.214246
2709.54	0.213603
2711.47	0.212893
2713.4	0.211999
2715.32	0.211581
2717.25	0.211221
2719.18	0.210257
2721.11	0.20988
2723.04	0.209513
2724.97	0.20891
2726.9	0.208373
2728.82	0.208463
2730.75	0.208202
2732.68	0.20756
2734.61	0.207367
2736.54	0.208393
2738.47	0.209297
2740.39	0.211156
2742.32	0.213081
2744.25	0.214192
2746.18	0.215864
2748.11	0.219105
2750.04	0.221248
2751.97	0.223257
2753.89	0.225618
2755.82	0.228713
2757.75	0.230523
2759.68	0.231833
2761.61	0.232966
2763.54	0.233348
2765.47	0.23465
2767.39	0.236012
2769.32	0.236162
2771.25	0.237178
2773.18	0.238122
2775.11	0.239276
2777.04	0.24045
2778.96	0.241542
2780.89	0.242644
2782.82	0.244854
2784.75	0.247742
2786.68	0.252131
2788.61	0.255868
2790.53	0.259508
2792.46	0.264454
2794.39	0.269425
2796.32	0.272445
2798.25	0.275664
2800.18	0.278477
2802.11	0.280478
2804.03	0.281256
2805.96	0.281876
2807.89	0.283065
2809.82	0.283375
2811.75	0.283528
2813.68	0.284935
2815.61	0.286133
2817.53	0.287447
2819.46	0.289116
2821.39	0.291628
2823.32	0.29347
2825.25	0.295268
2827.18	0.297442
2829.1	0.299832
2831.03	0.301689
2832.96	0.30573
2834.89	0.311145
2836.82	0.317425
2838.75	0.324172
2840.68	0.331295
2842.6	0.33989
2844.53	0.350612
2846.46	0.362726
2848.39	0.378349
2850.32	0.396286
2852.25	0.414138
2854.18	0.430862
2856.1	0.444976
2858.03	0.454756
2859.96	0.462469
2861.89	0.46691
2863.82	0.468888
2865.75	0.468304
2867.68	0.466897
2869.6	0.467729
2871.53	0.471469
2873.46	0.476337
2875.39	0.48333
2877.32	0.494194
2879.25	0.511877
2881.18	0.531474
2883.1	0.547987
2885.03	0.558856
2886.96	0.564124
2888.89	0.563504
2890.82	0.566913
2892.75	0.579576
2894.67	0.604837
2896.6	0.635477
2898.53	0.647394
2900.46	0.625998
2902.39	0.591278
2904.32	0.561229
2906.25	0.542525
2908.17	0.53082
2910.1	0.525531
2912.03	0.524382
2913.96	0.526024
2915.89	0.528827
2917.82	0.52881
2919.75	0.522642
2921.67	0.51603
2923.6	0.506205
2925.53	0.491246
2927.46	0.474686
2929.39	0.46101
2931.32	0.447911
2933.24	0.42942
2935.17	0.405677
2937.1	0.380507
2939.03	0.356976
2940.96	0.336765
2942.89	0.319115
2944.81	0.306151
2946.74	0.297025
2948.67	0.291595
2950.6	0.287718
2952.53	0.286034
2954.46	0.285984
2956.39	0.285897
2958.31	0.287216
2960.24	0.292907
2962.17	0.303768
2964.1	0.32236
2966.03	0.344464
2967.96	0.358138
2969.89	0.352526
2971.81	0.335299
2973.74	0.318759
2975.67	0.308286
2977.6	0.30576
2979.53	0.314489
2981.46	0.330238
2983.39	0.3354
2985.31	0.318056
2987.24	0.288947
2989.17	0.261359
2991.1	0.241368
2993.03	0.226992
2994.96	0.217576
2996.89	0.211606
2998.81	0.207958
3000.74	0.204895
3002.67	0.202408
3004.6	0.200843
3006.53	0.200507
3008.46	0.200027
3010.38	0.19984
3012.31	0.199112
3014.24	0.19949
3016.17	0.200525
3018.1	0.201175
3020.03	0.202243
3021.96	0.203675
3023.88	0.204222
3025.81	0.204674
3027.74	0.205743
3029.67	0.20619
3031.6	0.206524
3033.53	0.209104
3035.45	0.211545
3037.38	0.214196
3039.31	0.216052
3041.24	0.217881
3043.17	0.219792
3045.1	0.222012
3047.02	0.223315
3048.95	0.225722
3050.88	0.228245
3052.81	0.230925
3054.74	0.232025
3056.67	0.234495
3058.6	0.238686
3060.52	0.242145
3062.45	0.244488
3064.38	0.247133
3066.31	0.249879
3068.24	0.253137
3070.17	0.256476
3072.1	0.26071
3074.02	0.263876
3075.95	0.26666
3077.88	0.26936
3079.81	0.272969
3081.74	0.277071
3083.67	0.282056
3085.59	0.286867
3087.52	0.291272
3089.45	0.295395
3091.38	0.299734
3093.31	0.303218
3095.24	0.306814
3097.17	0.311733
3099.09	0.315174
3101.02	0.317886
3102.95	0.322845
3104.88	0.327968
3106.81	0.332441
3108.74	0.336859
3110.67	0.34138
3112.59	0.34541
3114.52	0.349765
3116.45	0.35409
3118.38	0.358928
3120.31	0.363129
3122.24	0.36836
3124.17	0.37334
3126.09	0.37761
3128.02	0.382918
3129.95	0.387282
3131.88	0.3901
3133.81	0.395262
3135.74	0.401487
3137.67	0.407262
3139.59	0.41271
3141.52	0.417366
3143.45	0.421882
3145.38	0.426386
3147.31	0.43029
3149.24	0.435961
3151.16	0.440863
3153.09	0.445164
3155.02	0.449269
3156.95	0.455922
3158.88	0.461996
3160.81	0.467643
3162.74	0.473313
3164.66	0.479228
3166.59	0.485276
3168.52	0.491608
3170.45	0.496554
3172.38	0.499857
3174.31	0.503979
3176.24	0.511105
3178.16	0.516859
3180.09	0.522369
3182.02	0.5287
3183.95	0.53525
3185.88	0.540772
3187.81	0.547757
3189.73	0.554692
3191.66	0.561491
3193.59	0.567233
3195.52	0.573214
3197.45	0.576613
3199.38	0.582166
3201.3	0.589396
3203.23	0.594563
3205.16	0.599308
3207.09	0.606141
3209.02	0.610873
3210.95	0.61516
3212.88	0.619405
3214.8	0.624381
3216.73	0.629372
3218.66	0.634598
3220.59	0.637952
3222.52	0.643724
3224.45	0.650091
3226.38	0.653759
3228.3	0.656105
3230.23	0.660496
3232.16	0.665009
3234.09	0.669517
3236.02	0.674582
3237.95	0.67903
3239.88	0.682778
3241.8	0.685687
3243.73	0.688188
3245.66	0.690743
3247.59	0.695703
3249.52	0.702293
3251.45	0.707935
3253.38	0.712491
3255.3	0.713494
3257.23	0.715343
3259.16	0.720957
3261.09	0.725566
3263.02	0.724729
3264.95	0.728119
3266.87	0.733299
3268.8	0.737541
3270.73	0.738208
3272.66	0.740987
3274.59	0.746157
3276.52	0.750144
3278.45	0.755469
3280.37	0.759239
3282.3	0.761946
3284.23	0.766968
3286.16	0.772281
3288.09	0.776057
3290.02	0.776888
3291.95	0.77719
3293.87	0.782291
3295.8	0.788766
3297.73	0.793391
3299.66	0.799609
3301.59	0.800534
3303.52	0.801219
3305.44	0.806519
3307.37	0.814875
3309.3	0.816485
3311.23	0.819114
3313.16	0.823609
3315.09	0.824041
3317.01	0.825072
3318.94	0.829481
3320.87	0.829974
3322.8	0.830137
3324.73	0.831869
3326.66	0.836926
3328.59	0.840394
3330.51	0.843044
3332.44	0.850517
3334.37	0.855405
3336.3	0.853059
3338.23	0.85218
3340.16	0.853868
3342.08	0.864877
3344.01	0.87319
3345.94	0.87663
3347.87	0.877419
3349.8	0.879725
3351.73	0.883759
3353.66	0.886782
3355.58	0.892312
3357.51	0.899436
3359.44	0.90181
3361.37	0.905764
3363.3	0.90824
3365.23	0.91657
3367.16	0.925771
3369.08	0.93009
3371.01	0.932046
3372.94	0.936739
3374.87	0.940287
3376.8	0.94667
3378.73	0.951629
3380.66	0.955361
3382.58	0.961333
3384.51	0.973218
3386.44	0.976603
3388.37	0.977232
3390.3	0.979517
3392.23	0.986791
3394.16	0.992644
3396.08	0.995588
3398.01	0.99648
3399.94	1.00478
3401.87	1.01362
3403.8	1.01722
3405.73	1.01866
3407.65	1.02566
3409.58	1.02663
3411.51	1.02605
3413.44	1.03342
3415.37	1.04488
3417.3	1.04892
3419.23	1.0506
3421.15	1.05384
3423.08	1.07001
3425.01	1.08292
3426.94	1.08626
3428.87	1.09276
3430.8	1.10375
3432.73	1.11032
3434.65	1.12476
3436.58	1.12911
3438.51	1.13542
3440.44	1.13778
3442.37	1.13748
3444.3	1.1339
3446.22	1.13308
3448.15	1.13247
3450.08	1.13231
3452.01	1.1251
3453.94	1.12678
3455.87	1.12315
3457.79	1.11796
3459.72	1.10599
3461.65	1.09938
3463.58	1.09204
3465.51	1.08984
3467.44	1.08297
3469.37	1.08329
3471.29	1.07864
3473.22	1.07159
3475.15	1.06055
3477.08	1.05663
3479.01	1.04054
3480.94	1.02873
3482.87	1.01795
3484.79	1.01024
3486.72	0.995565
3488.65	0.981478
3490.58	0.969054
3492.51	0.963071
3494.44	0.943435
3496.36	0.927379
3498.29	0.907044
3500.22	0.882416
3502.15	0.853699
3504.08	0.839369
3506.01	0.829565
3507.94	0.811494
3509.86	0.789017
3511.79	0.775174
3513.72	0.756172
3515.65	0.739695
3517.58	0.720302
3519.51	0.702803
3521.44	0.680314
3523.36	0.657726
3525.29	0.640153
3527.22	0.624359
3529.15	0.609193
3531.08	0.599793
3533.01	0.586138
3534.94	0.568725
3536.86	0.552587
3538.79	0.542231
3540.72	0.527174
3542.65	0.505125
3544.58	0.480157
3546.51	0.468596
3548.44	0.463599
3550.36	0.45237
3552.29	0.433636
3554.22	0.424942
3556.15	0.414941
3558.08	0.401065
3560.01	0.383074
3561.93	0.367099
3563.86	0.34565
3565.79	0.317091
3567.72	0.307164
3569.65	0.318397
3571.58	0.316331
3573.5	0.305798
3575.43	0.292589
3577.36	0.283492
3579.29	0.273212
3581.22	0.264998
3583.15	0.253982
3585.08	0.235065
3587	0.209135
3588.93	0.215787
3590.86	0.221236
3592.79	0.210367
3594.72	0.196159
3596.65	0.191855
3598.58	0.184286
3600.5	0.177737
3602.43	0.177574
3604.36	0.173403
3606.29	0.154379
3608.22	0.139343
3610.15	0.135861
3612.07	0.123225
3614	0.11201
3615.93	0.111707
3617.86	0.0958644
3619.79	0.0901145
3621.72	0.102314
3623.65	0.105073
3625.57	0.0920017
3627.5	0.0654548
3629.43	0.0535002
3631.36	0.0735396
3633.29	0.0746619
3635.22	0.076255
3637.15	0.0738754
3639.07	0.0705436
3641	0.0646975
3642.93	0.0595804
3644.86	0.0473394
3646.79	0.0121213
3648.72	-0.0160063
3650.65	0.00548601
3652.57	0.0359771
3654.5	0.0367601
3656.43	0.0302008
3658.36	0.039791
3660.29	0.0422942
3662.22	0.0420792
3664.15	0.040051
3666.07	0.0331656
3668	0.0107238
3669.93	-0.0087558
3671.86	0.00546521
3673.79	-0.00567532
3675.72	-0.0261673
3677.64	-0.000376225
3679.57	0.0131542
3681.5	0.0241807
3683.43	0.0250574
3685.36	0.0183721
3687.29	-0.0020473
3689.22	-0.0220266
3691.14	-0.00740808
3693.07	0.0141501
3695	0.0212573
3696.93	0.0231039
3698.86	0.0211359
3700.79	0.0109259
3702.71	0.0121487
3704.64	0.0200877
3706.57	0.0166442
3708.5	0.0011903
3710.43	-0.0204844
3712.36	-0.009911
3714.28	0.0116314
3716.21	0.0199624
3718.14	0.0157428
3720.07	0.0104799
3722	0.0022552
3723.93	0.00236118
3725.86	0.00290972
3727.78	0.0130298
3729.71	0.0130195
3731.64	-0.00530207
3733.57	-0.0249824
3735.5	-0.0320573
3737.43	-0.00908118
3739.36	0.00459236
3741.28	0.00499868
3743.21	-0.00465059
3745.14	-0.0131587
3747.07	-0.00734258
3749	-0.022728
3750.93	-0.0306515
3752.85	-0.00136375
3754.78	0.0181605
3756.71	0.0179666
3758.64	0.01503
3760.57	0.0258926
3762.5	0.0370046
3764.43	0.0311835
3766.35	0.0301961
3768.28	0.0287532
3770.21	0.0297088
3772.14	0.0442481
3774.07	0.0513573
3776	0.0499763
3777.93	0.0407474
3779.85	0.0398152
3781.78	0.0498447
3783.71	0.0460179
3785.64	0.0481274
3787.57	0.0562701
3789.5	0.059488
3791.43	0.0603789
3793.35	0.0576458
3795.28	0.0451896
3797.21	0.0391702
3799.14	0.0354893
3801.07	0.0168421
3803	0.0348867
3804.93	0.0458007
3806.85	0.0424063
3808.78	0.0594435
3810.71	0.0681739
3812.64	0.0663263
3814.57	0.0511511
3816.5	0.0429152
3818.42	0.0443507
3820.35	0.0276718
3822.28	0.0450043
3824.21	0.0638147
3826.14	0.064875
3828.07	0.0726976
3830	0.0737259
3831.92	0.0694782
3833.85	0.0681773
3835.78	0.0603037
3837.71	0.0505765
3839.64	0.0564019
3841.57	0.0752771
3843.5	0.0881636
3845.42	0.104182
3847.35	0.110623
3849.28	0.101421
3851.21	0.079856
3853.14	0.0598354
3855.07	0.0908749
3856.99	0.110959
3858.92	0.124271
3860.85	0.119486
3862.78	0.109201
3864.71	0.109999
3866.64	0.12463
3868.56	0.115052
3870.49	0.113226
3872.42	0.126726
3874.35	0.134266
3876.28	0.150072
3878.21	0.148635
3880.14	0.135734
3882.06	0.142735
3883.99	0.144909
3885.92	0.148503
3887.85	0.162321
3889.78	0.15817
3891.71	0.152722
3893.64	0.167354
3895.56	0.175354
3897.49	0.168794
3899.42	0.159938
3901.35	0.15902
3903.28	0.157578
3905.21	0.172446
3907.14	0.192749
3909.06	0.20269
3910.99	0.204866
3912.92	0.206216
3914.85	0.20157
3916.78	0.196656
3918.71	0.200701
3920.64	0.207115
3922.56	0.206933
3924.49	0.205239
3926.42	0.215417
3928.35	0.217566
3930.28	0.214484
3932.21	0.217225
3934.13	0.227084
3936.06	0.234394
3937.99	0.236838
3939.92	0.237737
3941.85	0.234515
3943.78	0.240036
3945.71	0.245775
3947.63	0.244391
3949.56	0.247681
3951.49	0.255456
3953.42	0.261516
3955.35	0.265333
3957.28	0.268168
3959.21	0.271853
3961.13	0.273911
3963.06	0.277832
3964.99	0.282682
3966.92	0.285597
3968.85	0.287155
3970.78	0.288761
3972.7	0.289237
3974.63	0.291399
3976.56	0.294364
3978.49	0.297216
3980.42	0.298474
3982.35	0.30011
3984.27	0.301723
3986.2	0.303901
3988.13	0.305242
3990.06	0.306002
3991.99	0.307534
3993.92	0.30894
3995.85	0.311113
3997.77	0.313525
3999.7	0.314755
4001.63	-0.566533
