399.199	0.689602
401.127	0.328909
403.056	0.469542
404.984	1.08658
406.913	0.605304
408.841	0.542411
410.77	0.866014
412.698	0.844454
414.627	0.79364
416.555	0.787059
418.484	1.17296
420.412	1.74308
422.341	1.68633
424.269	0.743234
426.198	0.896629
428.126	4.30271
430.055	4.3053
431.983	4.30789
433.912	2.27478
435.84	4.31305
437.769	1.13533
439.697	0.446743
441.626	0.705231
443.554	0.755377
445.483	1.38191
447.411	1.61645
449.34	4.33093
451.268	4.33347
453.197	1.05028
455.125	0.791699
457.054	0.810227
458.982	0.778954
460.911	1.07118
462.839	4.34854
464.768	4.35103
466.696	0.875565
468.625	0.582895
470.553	1.31194
472.482	1.3369
474.41	1.05925
476.339	4.36587
478.267	4.36832
480.196	4.37077
482.124	2.61713
484.053	0.860648
485.981	1.48412
487.91	4.3805
489.838	4.38292
491.767	0.439303
493.695	0.990232
495.624	1.30837
497.552	0.599618
499.481	0.429799
501.409	0.395708
503.338	1.28216
505.266	4.40208
507.195	4.40445
509.123	1.30504
511.052	0.594376
512.98	4.41152
514.909	4.41387
516.837	4.41621
518.766	0.967486
520.694	4.42088
522.623	4.42321
524.551	-0.145608
526.48	-0.308823
528.408	-0.185097
530.337	-0.167716
532.265	0.0627426
534.194	0.213548
536.122	0.108956
538.051	0.0958391
539.979	0.151744
541.908	0.0299577
543.836	-0.0669702
545.765	-0.135439
547.693	-0.0529799
549.622	0.136224
551.55	0.216126
553.479	0.026419
555.407	0.024006
557.336	0.125871
559.264	0.208627
561.193	0.23669
563.121	0.319189
565.05	0.362704
566.978	0.33011
568.907	0.232332
570.835	0.244769
572.764	0.278402
574.692	0.280029
576.621	0.290851
578.549	0.343196
580.478	0.360726
582.406	0.368818
584.335	0.368039
586.263	0.344843
588.192	0.31991
590.12	0.327754
592.049	0.351594
593.977	0.381474
595.906	0.383703
597.834	0.378712
599.763	0.374358
601.691	0.380628
603.62	0.394658
605.548	0.411001
607.477	0.410666
609.405	0.395493
611.334	0.397004
613.262	0.418566
615.191	0.445919
617.119	0.469998
619.048	0.497213
620.976	0.517131
622.905	0.518082
624.833	0.52269
626.762	0.520438
628.69	0.509318
630.619	0.505077
632.547	0.506097
634.476	0.507705
636.404	0.512759
638.333	0.528741
640.261	0.53562
642.19	0.536896
644.118	0.532104
646.047	0.521823
647.975	0.519216
649.904	0.513964
651.832	0.513373
653.761	0.515994
655.689	0.519295
657.618	0.533034
659.546	0.559538
661.474	0.586242
663.403	0.604547
665.331	0.610776
667.26	0.58891
669.188	0.574591
671.117	0.574714
673.045	0.570261
674.974	0.564944
676.903	0.562849
678.831	0.556136
680.76	0.554775
682.688	0.556979
684.617	0.561461
686.545	0.562621
688.474	0.561718
690.402	0.559515
692.331	0.56003
694.259	0.558689
696.188	0.554981
698.116	0.555169
700.044	0.557948
701.973	0.565175
703.901	0.567866
705.83	0.565645
707.758	0.568138
709.687	0.574777
711.615	0.579106
713.544	0.582936
715.472	0.589761
717.401	0.591157
719.33	0.59374
721.258	0.595931
723.187	0.597911
725.115	0.602054
727.044	0.606942
728.972	0.609264
730.901	0.61632
732.829	0.619286
734.757	0.618761
736.686	0.615215
738.614	0.612911
740.543	0.60813
742.471	0.600644
744.4	0.590873
746.328	0.583175
748.257	0.572715
750.185	0.562248
752.114	0.553348
754.042	0.54329
755.971	0.530688
757.899	0.520344
759.828	0.509413
761.756	0.498317
763.685	0.490533
765.613	0.48256
767.542	0.473713
769.47	0.464925
771.399	0.457787
773.327	0.452057
775.256	0.44889
777.184	0.444538
779.113	0.438724
781.041	0.430332
782.97	0.421268
784.898	0.40979
786.827	0.3998
788.755	0.388529
790.684	0.377839
792.612	0.368672
794.541	0.361076
796.469	0.352396
798.398	0.346678
800.326	0.341343
802.255	0.335945
804.183	0.329782
806.112	0.323247
808.04	0.318348
809.969	0.314378
811.897	0.310524
813.826	0.305661
815.754	0.301361
817.683	0.296046
819.611	0.292129
821.54	0.288836
823.468	0.287444
825.397	0.286169
827.325	0.287912
829.254	0.29356
831.182	0.301748
833.111	0.309315
835.039	0.314266
836.968	0.311574
838.896	0.301897
840.825	0.291383
842.753	0.281586
844.682	0.274858
846.61	0.269663
848.539	0.266338
850.467	0.26312
852.396	0.262412
854.324	0.262298
856.253	0.262429
858.181	0.262773
860.11	0.265067
862.038	0.267194
863.967	0.270049
865.895	0.274417
867.824	0.279266
869.752	0.284804
871.681	0.293139
873.609	0.305859
875.538	0.320487
877.466	0.338883
879.395	0.362369
881.323	0.394046
883.252	0.433335
885.18	0.478737
887.109	0.518216
889.037	0.539508
890.966	0.542467
892.894	0.53887
894.823	0.528047
896.751	0.501023
898.68	0.458585
900.608	0.415243
902.537	0.380143
904.465	0.354065
906.394	0.33782
908.322	0.327058
910.251	0.320219
912.179	0.316112
914.108	0.313596
916.036	0.310991
917.965	0.309472
919.893	0.309283
921.822	0.309274
923.75	0.309397
925.679	0.310635
927.607	0.312742
929.536	0.315137
931.464	0.317101
933.393	0.320142
935.321	0.323861
937.25	0.326809
939.178	0.330803
941.107	0.33493
943.035	0.339281
944.964	0.344525
946.892	0.350059
948.821	0.355754
950.749	0.362609
952.678	0.369961
954.606	0.378164
956.535	0.388136
958.463	0.400107
960.392	0.414196
962.32	0.430572
964.249	0.449216
966.177	0.470453
968.106	0.495074
970.034	0.520945
971.963	0.540746
973.891	0.55067
975.82	0.556773
977.748	0.566907
979.677	0.585207
981.605	0.612496
983.534	0.645041
985.462	0.680574
987.391	0.713448
989.319	0.73652
991.248	0.748033
993.176	0.755678
995.105	0.756087
997.033	0.744363
998.961	0.719767
1000.89	0.691767
1002.82	0.665936
1004.75	0.649608
1006.68	0.641735
1008.6	0.639781
1010.53	0.643295
1012.46	0.65239
1014.39	0.662975
1016.32	0.671745
1018.25	0.676396
1020.17	0.68211
1022.1	0.692349
1024.03	0.704116
1025.96	0.713966
1027.89	0.719772
1029.82	0.71893
1031.75	0.715771
1033.67	0.715262
1035.6	0.718912
1037.53	0.726722
1039.46	0.739871
1041.39	0.752188
1043.32	0.761689
1045.24	0.768545
1047.17	0.776077
1049.1	0.785969
1051.03	0.797437
1052.96	0.805946
1054.89	0.811601
1056.82	0.817982
1058.74	0.8287
1060.67	0.847132
1062.6	0.869172
1064.53	0.884817
1066.46	0.891361
1068.39	0.888907
1070.32	0.882692
1072.24	0.8742
1074.17	0.866956
1076.1	0.861846
1078.03	0.864758
1079.96	0.883174
1081.89	0.916261
1083.81	0.948353
1085.74	0.972703
1087.67	0.986994
1089.6	1.00373
1091.53	1.0225
1093.46	1.04317
1095.39	1.05764
1097.31	1.06753
1099.24	1.07612
1101.17	1.08875
1103.1	1.10382
1105.03	1.12132
1106.96	1.12973
1108.89	1.12857
1110.81	1.1144
1112.74	1.08889
1114.67	1.06099
1116.6	1.04197
1118.53	1.02868
1120.46	1.02633
1122.39	1.03257
1124.31	1.0436
1126.24	1.05986
1128.17	1.07885
1130.1	1.08651
1132.03	1.07905
1133.96	1.05381
1135.89	1.02404
1137.81	0.998447
1139.74	0.984564
1141.67	0.976619
1143.6	0.972714
1145.53	0.969545
1147.46	0.97078
1149.38	0.972084
1151.31	0.970371
1153.24	0.966522
1155.17	0.970092
1157.1	0.983054
1159.03	1.00256
1160.95	1.02131
1162.88	1.041
1164.81	1.05629
1166.74	1.06595
1168.67	1.06343
1170.6	1.04273
1172.53	1.00352
1174.45	0.956549
1176.38	0.91097
1178.31	0.873109
1180.24	0.842026
1182.17	0.822314
1184.1	0.815889
1186.03	0.821268
1187.95	0.834412
1189.88	0.844883
1191.81	0.840974
1193.74	0.832003
1195.67	0.827455
1197.6	0.83329
1199.53	0.848538
1201.45	0.865912
1203.38	0.872661
1205.31	0.866467
1207.24	0.852906
1209.17	0.840956
1211.1	0.8314
1213.03	0.826041
1214.95	0.822291
1216.88	0.819215
1218.81	0.812764
1220.74	0.805404
1222.67	0.792545
1224.6	0.774734
1226.52	0.750993
1228.45	0.727172
1230.38	0.705769
1232.31	0.68891
1234.24	0.677289
1236.17	0.67266
1238.09	0.674655
1240.02	0.683823
1241.95	0.69754
1243.88	0.71807
1245.81	0.744123
1247.74	0.769549
1249.67	0.790067
1251.59	0.807952
1253.52	0.823533
1255.45	0.841851
1257.38	0.860294
1259.31	0.877452
1261.24	0.890555
1263.17	0.901077
1265.09	0.902306
1267.02	0.891771
1268.95	0.868045
1270.88	0.841752
1272.81	0.825476
1274.74	0.824133
1276.67	0.832415
1278.59	0.849588
1280.52	0.866519
1282.45	0.877516
1284.38	0.876138
1286.31	0.863961
1288.24	0.841784
1290.17	0.818196
1292.09	0.796335
1294.02	0.782576
1295.95	0.776773
1297.88	0.782117
1299.81	0.790691
1301.74	0.801739
1303.66	0.815444
1305.59	0.838326
1307.52	0.86657
1309.45	0.883626
1311.38	0.866248
1313.31	0.834263
1315.23	0.815887
1317.16	0.813682
1319.09	0.821101
1321.02	0.82811
1322.95	0.823096
1324.88	0.817943
1326.81	0.820727
1328.73	0.833032
1330.66	0.848072
1332.59	0.866456
1334.52	0.883013
1336.45	0.894125
1338.38	0.892612
1340.31	0.894214
1342.23	0.897776
1344.16	0.891345
1346.09	0.879202
1348.02	0.870604
1349.95	0.867137
1351.88	0.873678
1353.81	0.880513
1355.73	0.889689
1357.66	0.898351
1359.59	0.902271
1361.52	0.891894
1363.45	0.880288
1365.38	0.865724
1367.3	0.839003
1369.23	0.809618
1371.16	0.789523
1373.09	0.767573
1375.02	0.762585
1376.95	0.772848
1378.88	0.775984
1380.8	0.771292
1382.73	0.762943
1384.66	0.748748
1386.59	0.733387
1388.52	0.735526
1390.45	0.745195
1392.38	0.748051
1394.3	0.750079
1396.23	0.766883
1398.16	0.788756
1400.09	0.816529
1402.02	0.837885
1403.95	0.842234
1405.87	0.849906
1407.8	0.85798
1409.73	0.863299
1411.66	0.871761
1413.59	0.88683
1415.52	0.892772
1417.44	0.892534
1419.37	0.905777
1421.3	0.933382
1423.23	0.937347
1425.16	0.945284
1427.09	0.943704
1429.02	0.926197
1430.94	0.904957
1432.87	0.887662
1434.8	0.86005
1436.73	0.830839
1438.66	0.82316
1440.59	0.81781
1442.52	0.806705
1444.44	0.800255
1446.37	0.791274
1448.3	0.79593
1450.23	0.812878
1452.16	0.825202
1454.09	0.81509
1456.02	0.766077
1457.94	0.703174
1459.87	0.711502
1461.8	0.714252
1463.73	0.702894
1465.66	0.707807
1467.59	0.726076
1469.52	0.730128
1471.44	0.717355
1473.37	0.724723
1475.3	0.752511
1477.23	0.77196
1479.16	0.778908
1481.09	0.768616
1483.01	0.756904
1484.94	0.73361
1486.87	0.694862
1488.8	0.649778
1490.73	0.630492
1492.66	0.625988
1494.58	0.602769
1496.51	0.560492
1498.44	0.541357
1500.37	0.531584
1502.3	0.518198
1504.23	0.490683
1506.16	0.425537
1508.08	0.403572
1510.01	0.430212
1511.94	0.431852
1513.87	0.421063
1515.8	0.391585
1517.73	0.374592
1519.66	0.362302
1521.58	0.332824
1523.51	0.341745
1525.44	0.342067
1527.37	0.341551
1529.3	0.347309
1531.23	0.338131
1533.16	0.313927
1535.08	0.316207
1537.01	0.310407
1538.94	0.26526
1540.87	0.232431
1542.8	0.256583
1544.73	0.274516
1546.66	0.293605
1548.58	0.289291
1550.51	0.279213
1552.44	0.276157
1554.37	0.257979
1556.3	0.241946
1558.23	0.199368
1560.15	0.22612
1562.08	0.253984
1564.01	0.253777
1565.94	0.250916
1567.87	0.24253
1569.8	0.229441
1571.72	0.241655
1573.65	0.237509
1575.58	0.217094
1577.51	0.222012
1579.44	0.23751
1581.37	0.239566
1583.3	0.238538
1585.22	0.236718
1587.15	0.234809
1589.08	0.230685
1591.01	0.227975
1592.94	0.224172
1594.87	0.220839
1596.8	0.22184
1598.72	0.222821
1600.65	0.218411
1602.58	0.215315
1604.51	0.215146
1606.44	0.212457
1608.37	0.208082
1610.3	0.210157
1612.22	0.21181
1614.15	0.204272
1616.08	0.186026
1618.01	0.193158
1619.94	0.202314
1621.87	0.19266
1623.8	0.187019
1625.72	0.196317
1627.65	0.194669
1629.58	0.20066
1631.51	0.201458
1633.44	0.188509
1635.37	0.157665
1637.29	0.166557
1639.22	0.184839
1641.15	0.189365
1643.08	0.184126
1645.01	0.163597
1646.94	0.134437
1648.86	0.154516
1650.79	0.156555
1652.72	0.121262
1654.65	0.138962
1656.58	0.164543
1658.51	0.170092
1660.44	0.162343
1662.36	0.149176
1664.29	0.155743
1666.22	0.156108
1668.15	0.136442
1670.08	0.122616
1672.01	0.134763
1673.94	0.135745
1675.86	0.136118
1677.79	0.141433
1679.72	0.131677
1681.65	0.118146
1683.58	0.0909632
1685.51	0.105625
1687.44	0.12095
1689.36	0.123366
1691.29	0.130778
1693.22	0.127999
1695.15	0.10491
1697.08	0.0887687
1699.01	0.0899313
1700.93	0.0981389
1702.86	0.110289
1704.79	0.105832
1706.72	0.113927
1708.65	0.127107
1710.58	0.131334
1712.51	0.128507
1714.43	0.112144
1716.36	0.0981696
1718.29	0.113943
1720.22	0.141861
1722.15	0.145942
1724.08	0.144031
1726.01	0.14477
1727.93	0.138288
1729.86	0.125322
1731.79	0.114919
1733.72	0.100408
1735.65	0.119893
1737.58	0.127314
1739.5	0.120231
1741.43	0.118896
1743.36	0.109783
1745.29	0.101803
1747.22	0.0871835
1749.15	0.0768187
1751.07	0.082567
1753	0.0956526
1754.93	0.0959706
1756.86	0.0876356
1758.79	0.0885532
1760.72	0.0829238
1762.65	0.0821128
1764.57	0.0898392
1766.5	0.0848898
1768.43	0.0750087
1770.36	0.0627669
1772.29	0.0512854
1774.22	0.0651733
1776.15	0.0735155
1778.07	0.073289
1780	0.0653939
1781.93	0.0658512
1783.86	0.0657348
1785.79	0.0640537
1787.72	0.0631039
1789.65	0.0515696
1791.57	0.0336848
1793.5	0.0365139
1795.43	0.0426317
1797.36	0.0426317
1799.29	0.0376624
1801.22	0.0346423
1803.15	0.0405524
1805.07	0.0429834
1807	0.0401486
1808.93	0.0341064
1810.86	0.0298566
1812.79	0.0340548
1814.72	0.0376487
1816.64	0.0350528
1818.57	0.034377
1820.5	0.0328411
1822.43	0.0282375
1824.36	0.0194127
1826.29	0.0182474
1828.21	0.0119584
1830.14	0.00659031
1832.07	0.018615
1834	0.0223668
1835.93	0.0192083
1837.86	0.0180547
1839.79	0.0189734
1841.71	0.0121868
1843.64	-0.000519216
1845.57	0.00172961
1847.5	0.00820386
1849.43	0.0127629
1851.36	0.0149789
1853.29	0.014186
1855.21	0.0133607
1857.14	0.011647
1859.07	0.0103852
1861	0.0102503
1862.93	0.0102711
1864.86	0.00583321
1866.79	-0.00661409
1868.71	-0.0140775
1870.64	-0.00201994
1872.57	0.00636017
1874.5	0.00681585
1876.43	0.00557357
1878.36	0.00411588
1880.29	0.00299388
1882.21	0.00151211
1884.14	-0.000654042
1886.07	-0.00163007
1888	-0.00628686
1889.93	-0.00944716
1891.86	-0.00392801
1893.78	-0.00498658
1895.71	-0.00550693
1897.64	-0.00176466
1899.57	-0.000252485
1901.5	-0.000341356
1903.43	-0.000275731
1905.35	-0.000576854
1907.28	-0.00272316
1909.21	-0.00481796
1911.14	-0.000723422
1913.07	0.00294805
1915	0.00265378
1916.93	-0.00277323
1918.85	-0.00272518
1920.78	-0.00104982
1922.71	-0.00537616
1924.64	-0.000770628
1926.57	0.00270575
1928.5	0.00273418
1930.43	0.00271541
1932.35	0.00313061
1934.28	0.00425619
1936.21	0.00567675
1938.14	0.00683498
1940.07	0.00551647
1942	0.000725746
1943.93	0.00426191
1945.85	0.00910884
1947.78	0.0119846
1949.71	0.0139626
1951.64	0.0144721
1953.57	0.0141218
1955.5	0.013893
1957.43	0.0149885
1959.35	0.0148076
1961.28	0.0145003
1963.21	0.0143121
1965.14	0.0112923
1967.07	0.00826216
1969	0.0122083
1970.92	0.0152062
1972.85	0.0167574
1974.78	0.0186255
1976.71	0.0209624
1978.64	0.0227191
1980.57	0.02389
1982.49	0.0237539
1984.42	0.0227563
1986.35	0.0198724
1988.28	0.0165427
1990.21	0.013069
1992.14	0.00995648
1994.07	0.0133836
1995.99	0.0161277
1997.92	0.0168628
1999.85	0.0187232
2001.78	0.0211934
2003.71	0.0237728
2005.64	0.0262581
2007.57	0.028757
2009.49	0.0313104
2011.42	0.0339617
2013.35	0.0359347
2015.28	0.0361902
2017.21	0.0365588
2019.14	0.040866
2021.06	0.0446685
2022.99	0.0468211
2024.92	0.0482349
2026.85	0.0494587
2028.78	0.0502755
2030.71	0.0508305
2032.64	0.0510417
2034.56	0.0515168
2036.49	0.0518672
2038.42	0.0520965
2040.35	0.0512902
2042.28	0.0523329
2044.21	0.0542418
2046.14	0.0554247
2048.06	0.056058
2049.99	0.0564132
2051.92	0.0562527
2053.85	0.0558074
2055.78	0.0552162
2057.71	0.0546261
2059.64	0.0537754
2061.56	0.0530878
2063.49	0.0506003
2065.42	0.0486932
2067.35	0.0484272
2069.28	0.0475144
2071.21	0.0462549
2073.14	0.0451475
2075.06	0.0445294
2076.99	0.0446176
2078.92	0.0449259
2080.85	0.0455027
2082.78	0.0465456
2084.71	0.0479567
2086.63	0.0491662
2088.56	0.0504028
2090.49	0.0514978
2092.42	0.0528981
2094.35	0.0535387
2096.28	0.0537726
2098.21	0.0533288
2100.13	0.0529543
2102.06	0.0528651
2103.99	0.0531142
2105.92	0.0531567
2107.85	0.0537825
2109.78	0.0544406
2111.7	0.0549161
2113.63	0.0549168
2115.56	0.0547362
2117.49	0.0542666
2119.42	0.0535225
2121.35	0.0525988
2123.27	0.0526025
2125.2	0.0530836
2127.13	0.0541911
2129.06	0.0553198
2130.99	0.0563812
2132.92	0.0568318
2134.85	0.056555
2136.77	0.0554824
2138.7	0.0535544
2140.63	0.0505557
2142.56	0.0470005
2144.49	0.0430957
2146.42	0.0397155
2148.35	0.0365825
2150.27	0.0339013
2152.2	0.0313903
2154.13	0.0293049
2156.06	0.0272579
2157.99	0.0254335
2159.92	0.0233995
2161.84	0.021724
2163.77	0.0204102
2165.7	0.0194617
2167.63	0.0189142
2169.56	0.0187187
2171.49	0.0185629
2173.42	0.0192109
2175.34	0.0203173
2177.27	0.0215214
2179.2	0.0221918
2181.13	0.0226277
2183.06	0.022945
2184.99	0.023092
2186.92	0.0228525
2188.84	0.0226536
2190.77	0.0222892
2192.7	0.0219225
2194.63	0.0215583
2196.56	0.0212958
2198.49	0.0207009
2200.42	0.0199916
2202.34	0.0187902
2204.27	0.0174119
2206.2	0.0159893
2208.13	0.0150809
2210.06	0.0144154
2211.99	0.0144105
2213.92	0.0149794
2215.84	0.0163686
2217.77	0.0181924
2219.7	0.0204326
2221.63	0.0222964
2223.56	0.023758
2225.49	0.0242791
2227.41	0.024269
2229.34	0.0234815
2231.27	0.022088
2233.2	0.0207649
2235.13	0.0191957
2237.06	0.0170651
2238.99	0.0151863
2240.91	0.0133335
2242.84	0.0117339
2244.77	0.0100902
2246.7	0.00891542
2248.63	0.00821131
2250.56	0.00801647
2252.49	0.00778079
2254.41	0.00752944
2256.34	0.00719744
2258.27	0.00703341
2260.2	0.00644141
2262.13	0.00570005
2264.06	0.00497389
2265.98	0.00456536
2267.91	0.00446182
2269.84	0.00445396
2271.77	0.00431985
2273.7	0.00474781
2275.63	0.00493228
2277.55	0.00531965
2279.48	0.00564599
2281.41	0.00575578
2283.34	0.00530636
2285.27	0.0049262
2287.2	0.00369608
2289.13	0.00228804
2291.05	0.00130337
2292.98	0.000897646
2294.91	0.000487983
2296.84	0.000686407
2298.77	0.000918627
2300.7	0.00168824
2302.63	0.00272626
2304.55	0.00396603
2306.48	0.00495595
2308.41	0.0060131
2310.34	0.00690752
2312.27	0.00780988
2314.2	0.00833106
2316.13	0.00851536
2318.05	0.00810069
2319.98	0.0075947
2321.91	0.00642085
2323.84	0.00561804
2325.77	0.00498509
2327.7	0.00422335
2329.63	0.00230348
2331.55	0.000347435
2333.48	-0.000905693
2335.41	-0.00175315
2337.34	-0.00372398
2339.27	-0.00509477
2341.2	-0.00559169
2343.12	-0.00516438
2345.05	-0.00435162
2346.98	-0.0021075
2348.91	-0.00116307
2350.84	-0.00330502
2352.77	-0.00684905
2354.7	-0.00920886
2356.62	-0.0114542
2358.55	-0.0125352
2360.48	-0.0120629
2362.41	-0.0108329
2364.34	-0.00947124
2366.27	-0.0069496
2368.2	-0.00443441
2370.12	-0.00131071
2372.05	0.0020932
2373.98	0.00559616
2375.91	0.00870514
2377.84	0.0119213
2379.76	0.0149497
2381.69	0.01758
2383.62	0.0197308
2385.55	0.0219285
2387.48	0.0237586
2389.41	0.0260718
2391.34	0.0285612
2393.26	0.0313767
2395.19	0.0343314
2397.12	0.0372914
2399.05	0.0398598
2400.98	0.0425972
2402.91	0.0452998
2404.84	0.0478836
2406.76	0.0500228
2408.69	0.0520521
2410.62	0.0534678
2412.55	0.0545596
2414.48	0.0551858
2416.41	0.0554601
2418.33	0.0549809
2420.26	0.0547248
2422.19	0.0544661
2424.12	0.0543585
2426.05	0.0545535
2427.98	0.0549254
2429.91	0.0552931
2431.83	0.0564157
2433.76	0.0578398
2435.69	0.0598762
2437.62	0.062009
2439.55	0.064431
2441.48	0.0669125
2443.41	0.0696182
2445.33	0.0724993
2447.26	0.0754567
2449.19	0.0778847
2451.12	0.0803849
2453.05	0.0828954
2454.98	0.0851614
2456.91	0.0870539
2458.83	0.0892196
2460.76	0.0911678
2462.69	0.0930294
2464.62	0.0946133
2466.55	0.0957547
2468.48	0.0961986
2470.41	0.0961498
2472.33	0.0951936
2474.26	0.0943618
2476.19	0.0933584
2478.12	0.0924114
2480.05	0.0916409
2481.98	0.0912658
2483.9	0.0907354
2485.83	0.0907863
2487.76	0.0911067
2489.69	0.0911145
2491.62	0.091198
2493.55	0.0912489
2495.48	0.0908663
2497.4	0.0907773
2499.33	0.0905467
2501.26	0.0903997
2503.19	0.0901102
2505.12	0.0897511
2507.05	0.0895658
2508.98	0.0897639
2510.9	0.0894696
2512.83	0.0893288
2514.76	0.0894476
2516.69	0.0893199
2518.62	0.0883369
2520.55	0.0871655
2522.47	0.0861967
2524.4	0.0852753
2526.33	0.0837038
2528.26	0.0826266
2530.19	0.0813311
2532.12	0.0803242
2534.04	0.079537
2535.97	0.0789564
2537.9	0.0784146
2539.83	0.0779032
2541.76	0.0770276
2543.69	0.0761015
2545.62	0.0752882
2547.54	0.0740805
2549.47	0.0726484
2551.4	0.072052
2553.33	0.0717875
2555.26	0.0722184
2557.19	0.0731163
2559.12	0.0744526
2561.04	0.0765587
2562.97	0.0792226
2564.9	0.0813292
2566.83	0.0840274
2568.76	0.0869454
2570.69	0.0898172
2572.61	0.0923266
2574.54	0.0947578
2576.47	0.097011
2578.4	0.0993406
2580.33	0.101811
2582.26	0.10443
2584.19	0.1064
2586.11	0.108781
2588.04	0.111259
2589.97	0.114288
2591.9	0.117139
2593.83	0.120696
2595.76	0.12457
2597.69	0.128492
2599.61	0.132816
2601.54	0.137497
2603.47	0.141689
2605.4	0.14579
2607.33	0.148523
2609.26	0.151086
2611.19	0.153201
2613.11	0.154611
2615.04	0.155478
2616.97	0.156186
2618.9	0.156293
2620.83	0.156937
2622.76	0.158006
2624.69	0.159214
2626.61	0.160662
2628.54	0.161978
2630.47	0.162811
2632.4	0.163394
2634.33	0.163397
2636.26	0.163658
2638.18	0.16323
2640.11	0.162083
2642.04	0.160527
2643.97	0.159051
2645.9	0.157529
2647.83	0.156067
2649.75	0.154663
2651.68	0.154487
2653.61	0.154847
2655.54	0.156252
2657.47	0.158274
2659.4	0.160801
2661.33	0.163208
2663.25	0.165878
2665.18	0.168663
2667.11	0.171073
2669.04	0.173337
2670.97	0.176223
2672.9	0.179071
2674.82	0.181947
2676.75	0.184949
2678.68	0.188486
2680.61	0.192222
2682.54	0.19561
2684.47	0.199046
2686.4	0.202655
2688.32	0.205884
2690.25	0.208719
2692.18	0.211315
2694.11	0.213448
2696.04	0.214255
2697.97	0.21415
2699.9	0.214288
2701.82	0.214471
2703.75	0.214227
2705.68	0.214028
2707.61	0.213604
2709.54	0.213031
2711.47	0.212096
2713.4	0.211988
2715.32	0.211487
2717.25	0.210909
2719.18	0.210177
2721.11	0.209745
2723.04	0.209748
2724.97	0.210209
2726.9	0.210241
2728.82	0.209845
2730.75	0.209069
2732.68	0.208906
2734.61	0.208582
2736.54	0.208828
2738.47	0.209057
2740.39	0.209776
2742.32	0.21097
2744.25	0.213063
2746.18	0.215239
2748.11	0.217955
2750.04	0.220715
2751.97	0.22372
2753.89	0.226262
2755.82	0.228492
2757.75	0.229998
2759.68	0.232011
2761.61	0.233826
2763.54	0.234969
2765.47	0.234991
2767.39	0.235268
2769.32	0.235892
2771.25	0.236484
2773.18	0.236888
2775.11	0.237507
2777.04	0.238088
2778.96	0.239175
2780.89	0.2405
2782.82	0.242198
2784.75	0.244665
2786.68	0.248525
2788.61	0.252141
2790.53	0.256686
2792.46	0.261743
2794.39	0.266445
2796.32	0.270445
2798.25	0.2748
2800.18	0.277933
2802.11	0.279333
2804.03	0.279561
2805.96	0.280102
2807.89	0.280852
2809.82	0.281753
2811.75	0.282393
2813.68	0.283607
2815.61	0.285262
2817.53	0.286955
2819.46	0.288481
2821.39	0.29086
2823.32	0.292944
2825.25	0.294702
2827.18	0.296748
2829.1	0.298812
2831.03	0.300917
2832.96	0.304792
2834.89	0.309311
2836.82	0.313998
2838.75	0.320667
2840.68	0.329378
2842.6	0.338577
2844.53	0.348703
2846.46	0.360417
2848.39	0.374264
2850.32	0.390375
2852.25	0.40758
2854.18	0.423395
2856.1	0.439492
2858.03	0.450571
2859.96	0.457726
2861.89	0.461668
2863.82	0.462539
2865.75	0.462161
2867.68	0.460099
2869.6	0.458865
2871.53	0.46143
2873.46	0.466785
2875.39	0.47469
2877.32	0.487471
2879.25	0.505872
2881.18	0.526717
2883.1	0.544623
2885.03	0.553753
2886.96	0.556351
2888.89	0.55592
2890.82	0.557859
2892.75	0.572958
2894.67	0.602856
2896.6	0.635681
2898.53	0.648281
2900.46	0.625315
2902.39	0.589136
2904.32	0.557325
2906.25	0.536559
2908.17	0.525036
2910.1	0.51918
2912.03	0.517589
2913.96	0.518902
2915.89	0.522322
2917.82	0.522485
2919.75	0.517505
2921.67	0.509532
2923.6	0.49779
2925.53	0.48484
2927.46	0.470978
2929.39	0.457064
2931.32	0.441416
2933.24	0.422744
2935.17	0.398798
2937.1	0.374373
2939.03	0.350881
2940.96	0.330335
2942.89	0.313213
2944.81	0.299689
2946.74	0.290269
2948.67	0.284275
2950.6	0.280231
2952.53	0.279036
2954.46	0.280066
2956.39	0.281727
2958.31	0.283281
2960.24	0.287894
2962.17	0.297336
2964.1	0.315237
2966.03	0.33975
2967.96	0.359567
2969.89	0.359698
2971.81	0.344212
2973.74	0.325318
2975.67	0.312712
2977.6	0.309685
2979.53	0.319077
2981.46	0.336831
2983.39	0.344334
2985.31	0.325544
2987.24	0.293098
2989.17	0.264132
2991.1	0.243425
2993.03	0.229119
2994.96	0.21954
2996.89	0.213431
2998.81	0.209682
3000.74	0.206645
3002.67	0.204855
3004.6	0.203031
3006.53	0.202391
3008.46	0.20214
3010.38	0.201572
3012.31	0.201092
3014.24	0.201881
3016.17	0.202827
3018.1	0.203959
3020.03	0.20464
3021.96	0.204779
3023.88	0.205364
3025.81	0.206358
3027.74	0.207186
3029.67	0.207994
3031.6	0.208769
3033.53	0.210284
3035.45	0.211699
3037.38	0.214041
3039.31	0.216601
3041.24	0.219538
3043.17	0.221342
3045.1	0.223278
3047.02	0.225245
3048.95	0.227385
3050.88	0.229611
3052.81	0.23209
3054.74	0.233656
3056.67	0.236289
3058.6	0.239631
3060.52	0.242665
3062.45	0.244967
3064.38	0.247754
3066.31	0.250676
3068.24	0.254751
3070.17	0.258572
3072.1	0.262216
3074.02	0.265611
3075.95	0.268106
3077.88	0.270916
3079.81	0.275108
3081.74	0.278919
3083.67	0.283406
3085.59	0.287591
3087.52	0.291819
3089.45	0.296324
3091.38	0.300285
3093.31	0.303503
3095.24	0.30705
3097.17	0.311889
3099.09	0.316222
3101.02	0.319935
3102.95	0.325132
3104.88	0.330048
3106.81	0.335146
3108.74	0.339435
3110.67	0.343892
3112.59	0.348499
3114.52	0.352002
3116.45	0.356345
3118.38	0.361472
3120.31	0.36583
3122.24	0.371238
3124.17	0.37648
3126.09	0.380955
3128.02	0.385518
3129.95	0.389824
3131.88	0.392372
3133.81	0.398024
3135.74	0.404439
3137.67	0.409159
3139.59	0.413081
3141.52	0.418563
3143.45	0.423905
3145.38	0.428488
3147.31	0.432757
3149.24	0.438189
3151.16	0.443203
3153.09	0.447561
3155.02	0.452227
3156.95	0.458178
3158.88	0.463631
3160.81	0.470264
3162.74	0.477196
3164.66	0.481737
3166.59	0.487008
3168.52	0.49446
3170.45	0.499906
3172.38	0.506092
3174.31	0.511666
3176.24	0.515451
3178.16	0.520933
3180.09	0.529612
3182.02	0.536214
3183.95	0.542099
3185.88	0.547363
3187.81	0.552039
3189.73	0.558284
3191.66	0.564703
3193.59	0.569771
3195.52	0.576452
3197.45	0.58065
3199.38	0.587907
3201.3	0.594691
3203.23	0.598703
3205.16	0.603054
3207.09	0.608005
3209.02	0.612892
3210.95	0.619962
3212.88	0.623137
3214.8	0.626049
3216.73	0.630305
3218.66	0.634853
3220.59	0.638475
3222.52	0.642748
3224.45	0.645568
3226.38	0.649065
3228.3	0.652559
3230.23	0.65571
3232.16	0.658268
3234.09	0.662754
3236.02	0.665828
3237.95	0.668977
3239.88	0.669863
3241.8	0.672862
3243.73	0.675898
3245.66	0.680477
3247.59	0.683138
3249.52	0.68546
3251.45	0.688422
3253.38	0.691456
3255.3	0.692994
3257.23	0.696464
3259.16	0.700456
3261.09	0.706371
3263.02	0.71197
3264.95	0.716612
3266.87	0.71889
3268.8	0.722243
3270.73	0.725865
3272.66	0.727505
3274.59	0.729713
3276.52	0.736306
3278.45	0.742
3280.37	0.74869
3282.3	0.751849
3284.23	0.752334
3286.16	0.754608
3288.09	0.758607
3290.02	0.762517
3291.95	0.769452
3293.87	0.772926
3295.8	0.778544
3297.73	0.782968
3299.66	0.787644
3301.59	0.790992
3303.52	0.79367
3305.44	0.794835
3307.37	0.798631
3309.3	0.801392
3311.23	0.804913
3313.16	0.804737
3315.09	0.806307
3317.01	0.806659
3318.94	0.807046
3320.87	0.815315
3322.8	0.82108
3324.73	0.818731
3326.66	0.820819
3328.59	0.824673
3330.51	0.826921
3332.44	0.828886
3334.37	0.832308
3336.3	0.837174
3338.23	0.841111
3340.16	0.841231
3342.08	0.84722
3344.01	0.853315
3345.94	0.858293
3347.87	0.859869
3349.8	0.861442
3351.73	0.867744
3353.66	0.875191
3355.58	0.878289
3357.51	0.882922
3359.44	0.890038
3361.37	0.898928
3363.3	0.90129
3365.23	0.904023
3367.16	0.90789
3369.08	0.914771
3371.01	0.921409
3372.94	0.926671
3374.87	0.933382
3376.8	0.939554
3378.73	0.942217
3380.66	0.951662
3382.58	0.960159
3384.51	0.961202
3386.44	0.963782
3388.37	0.97143
3390.3	0.975071
3392.23	0.978901
3394.16	0.979689
3396.08	0.977435
3398.01	0.98035
3399.94	0.990541
3401.87	0.993392
3403.8	0.994077
3405.73	0.9973
3407.65	1.0028
3409.58	1.00695
3411.51	1.01275
3413.44	1.01873
3415.37	1.02954
3417.3	1.03289
3419.23	1.03763
3421.15	1.04271
3423.08	1.05317
3425.01	1.06436
3426.94	1.07613
3428.87	1.07673
3430.8	1.08707
3432.73	1.10205
3434.65	1.11409
3436.58	1.1137
3438.51	1.11927
3440.44	1.12506
3442.37	1.12677
3444.3	1.12294
3446.22	1.11752
3448.15	1.11391
3450.08	1.1105
3452.01	1.10092
3453.94	1.09434
3455.87	1.08895
3457.79	1.08993
3459.72	1.08031
3461.65	1.07476
3463.58	1.07212
3465.51	1.06547
3467.44	1.05594
3469.37	1.05202
3471.29	1.04677
3473.22	1.04305
3475.15	1.03488
3477.08	1.03031
3479.01	1.01498
3480.94	1.00176
3482.87	0.988781
3484.79	0.980202
3486.72	0.963719
3488.65	0.946209
3490.58	0.929492
3492.51	0.918632
3494.44	0.899015
3496.36	0.877348
3498.29	0.857442
3500.22	0.839114
3502.15	0.816979
3504.08	0.80154
3506.01	0.78535
3507.94	0.764314
3509.86	0.743849
3511.79	0.733015
3513.72	0.715683
3515.65	0.69767
3517.58	0.680071
3519.51	0.665698
3521.44	0.642571
3523.36	0.620954
3525.29	0.604371
3527.22	0.58829
3529.15	0.574807
3531.08	0.56336
3533.01	0.549755
3534.94	0.533836
3536.86	0.519502
3538.79	0.510314
3540.72	0.494289
3542.65	0.475117
3544.58	0.453573
3546.51	0.441513
3548.44	0.435107
3550.36	0.423365
3552.29	0.406869
3554.22	0.400371
3556.15	0.390797
3558.08	0.37748
3560.01	0.361571
3561.93	0.347711
3563.86	0.32762
3565.79	0.301308
3567.72	0.292166
3569.65	0.302396
3571.58	0.301049
3573.5	0.292298
3575.43	0.280987
3577.36	0.27198
3579.29	0.262839
3581.22	0.256205
3583.15	0.246069
3585.08	0.228758
3587	0.204695
3588.93	0.211764
3590.86	0.216464
3592.79	0.206063
3594.72	0.193389
3596.65	0.191031
3598.58	0.184876
3600.5	0.178376
3602.43	0.178022
3604.36	0.175503
3606.29	0.158641
3608.22	0.143689
3610.15	0.1415
3612.07	0.13157
3614	0.122368
3615.93	0.122121
3617.86	0.107941
3619.79	0.104053
3621.72	0.116145
3623.65	0.118976
3625.57	0.106816
3627.5	0.0816354
3629.43	0.0700486
3631.36	0.0900577
3633.29	0.0917779
3635.22	0.0935013
3637.15	0.0915128
3639.07	0.0881274
3641	0.0829324
3642.93	0.0781142
3644.86	0.0667143
3646.79	0.0343361
3648.72	0.00786448
3650.65	0.0278978
3652.57	0.0556274
3654.5	0.0565806
3656.43	0.0496099
3658.36	0.0578424
3660.29	0.0606445
3662.22	0.0606155
3664.15	0.0577359
3666.07	0.0507729
3668	0.0291086
3669.93	0.00845867
3671.86	0.0213723
3673.79	0.0112145
3675.72	-0.00949186
3677.64	0.0148224
3679.57	0.027212
3681.5	0.0365035
3683.43	0.036019
3685.36	0.0295301
3687.29	0.00992727
3689.22	-0.0105695
3691.14	0.00303406
3693.07	0.0228081
3695	0.0284695
3696.93	0.0297822
3698.86	0.0278773
3700.79	0.0179918
3702.71	0.0181362
3704.64	0.0244135
3706.57	0.0207458
3708.5	0.00653762
3710.43	-0.0154449
3712.36	-0.00662744
3714.28	0.0140758
3716.21	0.0221753
3718.14	0.0177651
3720.07	0.0128991
3722	0.00513506
3723.93	0.00474429
3725.86	0.00552249
3727.78	0.0152522
3729.71	0.0146807
3731.64	-0.00265199
3733.57	-0.0213785
3735.5	-0.0281528
3737.43	-0.00617349
3739.36	0.00656754
3741.28	0.00674927
3743.21	-0.00203019
3745.14	-0.0120829
3747.07	-0.0066511
3749	-0.0214308
3750.93	-0.0291766
3752.85	-0.00155205
3754.78	0.0165523
3756.71	0.0162613
3758.64	0.0132713
3760.57	0.0228066
3762.5	0.0330139
3764.43	0.0276792
3766.35	0.0265793
3768.28	0.0246563
3770.21	0.0249098
3772.14	0.0389069
3774.07	0.045723
3776	0.0448166
3777.93	0.0367502
3779.85	0.035357
3781.78	0.0440999
3783.71	0.0407026
3785.64	0.0428553
3787.57	0.049948
3789.5	0.0525831
3791.43	0.0531459
3793.35	0.0511632
3795.28	0.0393742
3797.21	0.032427
3799.14	0.0293861
3801.07	0.0125862
3803	0.028696
3804.93	0.0389379
3806.85	0.0358986
3808.78	0.0519911
3810.71	0.0601493
3812.64	0.0580032
3814.57	0.0435123
3816.5	0.0353878
3818.42	0.0368629
3820.35	0.0221195
3822.28	0.0391093
3824.21	0.0565789
3826.14	0.0568215
3828.07	0.0635569
3830	0.0645967
3831.92	0.0606139
3833.85	0.0592851
3835.78	0.0527372
3837.71	0.043771
3839.64	0.0487523
3841.57	0.0665993
3843.5	0.0790084
3845.42	0.0935041
3847.35	0.0996925
3849.28	0.0925877
3851.21	0.0727789
3853.14	0.0528642
3855.07	0.0821505
3856.99	0.1011
3858.92	0.113642
3860.85	0.109111
3862.78	0.0988331
3864.71	0.0995491
3866.64	0.113537
3868.56	0.105479
3870.49	0.103744
3872.42	0.115642
3874.35	0.123673
3876.28	0.13857
3878.21	0.136765
3880.14	0.124832
3882.06	0.130749
3883.99	0.131872
3885.92	0.135096
3887.85	0.148286
3889.78	0.144412
3891.71	0.138985
3893.64	0.153102
3895.56	0.161337
3897.49	0.155541
3899.42	0.14678
3901.35	0.146381
3903.28	0.145573
3905.21	0.159039
3907.14	0.178109
3909.06	0.187967
3910.99	0.190254
3912.92	0.19123
3914.85	0.18705
3916.78	0.182043
3918.71	0.184952
3920.64	0.191101
3922.56	0.191543
3924.49	0.190228
3926.42	0.199784
3928.35	0.201569
3930.28	0.197932
3932.21	0.200817
3934.13	0.211111
3936.06	0.218078
3937.99	0.219912
3939.92	0.220767
3941.85	0.218067
3943.78	0.223552
3945.71	0.229044
3947.63	0.227389
3949.56	0.230129
3951.49	0.237821
3953.42	0.243745
3955.35	0.246963
3957.28	0.249742
3959.21	0.253689
3961.13	0.25583
3963.06	0.260236
3964.99	0.265368
3966.92	0.267905
3968.85	0.268858
3970.78	0.271059
3972.7	0.272687
3974.63	0.274072
3976.56	0.276367
3978.49	0.279071
3980.42	0.280012
3982.35	0.281235
3984.27	0.283552
3986.2	0.285474
3988.13	0.285664
3990.06	0.285805
3991.99	0.28793
3993.92	0.289239
3995.85	0.290363
3997.77	0.292198
3999.7	0.29289
4001.63	-0.556028
