MAEFILE: benzene_raman_2.01.mae
&gen 
basis=6-31g** 
rsinglet=0 
dftname=b3lyp 
ifreq=1 
iraman=1 
&
&zmat
 C2             0.0000000000             0.0000000000             1.8986970000
 C3             0.0000000000             1.6442870000             0.9496950000
 C4             0.0000000000             1.6442870000            -0.9496950000
 C5             0.0000000000             0.0000000000            -1.8986970000
 C6             0.0000000000            -1.6442870000            -0.9496950000
 C7             0.0000000000            -1.6442870000             0.9496950000
 H7             0.0000000000             0.0000000000             2.9696690000
 H8             0.0000000000             2.5720280000             1.4853240000
 H9             0.0000000000             2.5720280000            -1.4853240000
 H10            0.0000000000             0.0000000000            -2.9696690000
 H11            0.0000000000            -2.5720280000            -1.4853240000
 H12            0.0000000000            -2.5720280000             1.4853240000
&
&guess  basgss=6-31g** numd=6
    1 Orbital Energy   -10.281319 Occupation  1.000000
 -0.018313073581466 -0.000673489234017 -0.000000165255693 -0.000022668700393
 -0.000101970730198 -0.002020411887171 -0.000000080115655  0.001029084487668
  0.001305019393512  0.000361325168090  0.000384406069351  0.000404552882931
 -0.000000902337597  0.000000504849143  0.000023712516529  0.000325714796933
 -0.000090146577500 -0.000000069802753 -0.000011453491940  0.000054060799919
  0.000395509771292  0.000000158401738 -0.000474551981461 -0.000456716079308
 -0.000022225176563  0.000056860802356 -0.000015323790345 -0.000000008944296
  0.000000001590434 -0.000006374049428  0.000232051115809  0.000114119592822
  0.000000017119878 -0.000039727571922  0.000024788199506 -0.000581319135740
 -0.000000057108272  0.000501874744097 -0.000292995512218  0.000057346858721
  0.000027804999487  0.000005991709560 -0.000000002132953 -0.000000006441289
 -0.000024875589056  0.000165724337665 -0.000099887461854  0.000000004293966
 -0.000051283439636 -0.000019964777883  0.000454812473534  0.000000011415849
  0.000125010621768  0.000666126869084 -0.000026471179159  0.000000622638657
  0.000026589608739 -0.000000008377535  0.000000004971677 -0.000037699709161
  0.015761552998745  0.000943625581783 -0.000000003227195  0.000068682253173
  0.000071149711083 -0.002346139965139  0.000000007478417 -0.000614912672506
 -0.001534050885507  0.000050551855284  0.000059723605398  0.000083191804304
  0.000000009711638 -0.000000000160648  0.000014082714720 -0.992849419594695
 -0.046654795923417  0.000000004890662  0.000419398667025 -0.000276261034026
  0.010637213659521 -0.000000017360147  0.000589223469280 -0.000348798137174
  0.008787063688323  0.008639382660413  0.009007505473239 -0.000000006903128
 -0.000000003689997  0.000374073114763  0.000009060741107 -0.000433406237563
  0.000000033795468 -0.000082280182298  0.000039057911013  0.000055355147412
  0.000212557867792 -0.000000008945117  0.000000573914661  0.000014309940727
 -0.000032504982576 -0.000224467888519  0.000000005926898  0.000012298884806
 -0.000006851074807  0.000054716877804  0.000219395904618 -0.000000000057156
 -0.000009472609596 -0.000006258401821  0.000000196774355 -0.000354730152649
  0.000000001292518 -0.000070047105753  0.000051880937850  0.000662301956377
 -0.001911927694096  0.000000009582021  0.000235139642647 -0.000133118147728
    2 Orbital Energy   -10.280099 Occupation  1.000000
  0.992929233326074  0.046672268164377  0.000000006253698 -0.000082379749419
  0.000431119882816 -0.010701843666077 -0.000000039253983  0.000075235749014
  0.000778178328844 -0.008786751466753 -0.009193704377435 -0.008463288889916
 -0.000000040390324  0.000000008084854 -0.000005405182145 -0.009670628045536
 -0.000650769376863 -0.000000008279577  0.000098335222669  0.000030196896178
  0.002302626365188  0.000000035846433 -0.001672062220698  0.000187901664682
 -0.000110588302464 -0.000153957530452 -0.000118796088827 -0.000000023500071
  0.000000475527275  0.000000542555853 -0.000129272882389  0.000107622185660
 -0.000000111828613 -0.000044063092217 -0.000034454119513 -0.000479435749073
  0.000000071320104  0.000658509172151 -0.000240822493187  0.000028029104674
  0.000007764044142 -0.000038826368987  0.000000078869978 -0.000000130559290
  0.000032124764127 -0.000295904505132 -0.000121116802448  0.000000017141086
  0.000000439736693 -0.000048327098026  0.000599452001110 -0.000000034958487
 -0.000002184157299  0.000608788452544 -0.000058148496161  0.000007810196250
 -0.000040463498205 -0.000000005453434  0.000000001475859  0.000000192619899
 -0.000076844032310  0.000108284232882  0.000000012820275  0.000043279455841
 -0.000034831218477 -0.000478526590753 -0.000000043961013 -0.000654473386152
 -0.000230613984040  0.000026832933686  0.000006835659520 -0.000036511984720
  0.000000003694704 -0.000000015953829 -0.000032201345314 -0.018526072241636
 -0.001079363737338  0.000000015864705 -0.000088580715660  0.000023962961833
  0.002424720140773  0.000000076243398  0.001672946469973  0.000237456161531
 -0.000022794872522 -0.000070684103775 -0.000029460132455 -0.000000116822196
 -0.000000248189423 -0.000000594741265 -0.000645659451812  0.001870772569959
  0.000000005505330 -0.000001079869945  0.000252201114875  0.000006656931223
  0.000392097740682 -0.000000385931595  0.000006756106823 -0.000087578378289
 -0.000055791110188 -0.000228268468893 -0.000000033861515 -0.000010114643036
 -0.000004946574265  0.000034920598226  0.000234647604541  0.000000004019262
  0.000000179181141  0.000014208508327 -0.000055077846562 -0.000222224385991
  0.000000004362460  0.000010587363299 -0.000005004307010  0.000003599479128
  0.000361411429202 -0.000000338825433 -0.000006900358121 -0.000090607986956
    3 Orbital Energy   -10.278100 Occupation  1.000000
  0.000394431866201  0.000125355597300  0.000000014633019  0.000053333023858
 -0.000015171924996 -0.000418740911534  0.000000005654522 -0.000159251809844
  0.000639315183501  0.000015972049002 -0.000013536635956 -0.000041316803226
 -0.000000001829372 -0.000000023493396 -0.000039514803944 -0.000806638358414
 -0.000140905456108  0.000000000895985  0.000043219270509  0.000022883844489
  0.000588305352581 -0.000000004695473 -0.000515062365286 -0.000289284070856
 -0.000053219998664 -0.000026763960453  0.000000194423871  0.000000000717659
  0.000000000973395 -0.000024873987809 -0.000192422269752  0.000103386007857
 -0.000000001874140  0.000012005688425  0.000054524189167 -0.000452070203493
  0.000000008546864  0.000513534585658 -0.000442317254499  0.000025029631450
 -0.000058523054280  0.000017862996294  0.000000000476483 -0.000000000580175
 -0.000007415125451  0.005568062181303  0.000066866892475  0.000000003574326
  0.000020564075885 -0.000102169583380  0.002137504017395 -0.000000016504298
 -0.000989132930676  0.001372275175181 -0.000244792197758 -0.000264305659272
 -0.000295848101745  0.000000003775542 -0.000000042076977  0.000022281718603
  0.993000873060299  0.046674334756682 -0.000000003993992 -0.000328691537248
 -0.000065538177778 -0.010582323564072  0.000000017310438 -0.000666741080498
 -0.000471938773628 -0.008803590780651 -0.008677793954107 -0.009040488730823
  0.000000000755653  0.000000002756926  0.000346906875028  0.015553255860458
  0.000523073720433  0.000000001824522 -0.000084391969701  0.000074058515834
  0.002087358254629 -0.000000021213640  0.000627585909923 -0.001567304871956
 -0.000330118753070 -0.000332450428687 -0.000372265302465 -0.000000030389937
  0.000000028675731  0.000000108869857 -0.000054961532372 -0.000205694918101
  0.000000001583617  0.000012202816381 -0.000008385671998  0.000033914996665
  0.000229742049007  0.000000000220051 -0.000012815525084 -0.000008016611265
 -0.000054737130438 -0.000216737548322 -0.000000000947462 -0.000001822334065
  0.000012571550256  0.000010257100100  0.000441923520857  0.000000053111920
  0.000079542709381  0.000045088252960 -0.000616689821579  0.001834104716567
 -0.000000001408442 -0.000188455077631 -0.000109421613191 -0.000022936971108
  0.000433606900712  0.000000092295453  0.000063226692786  0.000057072252365
    4 Orbital Energy   -10.275718 Occupation  1.000000
 -0.009463609501858 -0.000262320500254  0.000000119139342  0.000019855622206
 -0.000104829769668 -0.002190783198623  0.000000030999515 -0.001034981393028
  0.001393244927725  0.000290934777359  0.000315406765307  0.000335976263846
 -0.000000906277940 -0.000000466856203 -0.000024369660247 -0.993058382202992
 -0.046687494841008 -0.000000014690796 -0.000104859574131 -0.000177477036668
  0.010579643322222  0.000000044693412 -0.000849980225863 -0.000390163114168
  0.008811702166605  0.008719379317350  0.009041671004935 -0.000000012829640
  0.000000006723368 -0.000338820020078 -0.008341624003472 -0.000170893255166
  0.000000006714304 -0.000087659414449  0.000069858021454 -0.002124602829244
 -0.000000012887452  0.000719140041846 -0.001550155554810  0.000262110577962
  0.000268705296702  0.000298752408644  0.000000007523840 -0.000000008543531
 -0.000003095367588  0.000505014917039 -0.000091003601739  0.000000004176056
  0.000053619852585 -0.000016555994505  0.000461619674687 -0.000000012474242
 -0.000127309388618  0.000672249013882 -0.000028502446950  0.000005002965313
  0.000031731490080 -0.000000003510516  0.000000003037943  0.000041968010934
 -0.000756216458844  0.000069305837580 -0.000000018561576  0.000044371977921
  0.000025910138852 -0.000579163637612  0.000000061833736 -0.000526098834628
 -0.000306019917655  0.000068232618053  0.000040322369138  0.000015439345113
  0.000000000190020  0.000000008165542  0.000025722599251 -0.000192938641307
 -0.000122673428316  0.000000065161601  0.000014626032032  0.000054450812603
  0.000456409669971 -0.000000140975546  0.000505495326438 -0.000451170933479
 -0.000020260895683  0.000064633934743 -0.000012481247046 -0.000000003809515
 -0.000000006172003  0.000006846441826  0.000000222991544 -0.000452918224144
  0.000000108921096  0.000081861389352  0.000042561320086  0.000583039675015
 -0.001769772172738 -0.000000000939353 -0.000155397816470 -0.000090742624242
  0.000002987671224 -0.000456090954830 -0.000000007424782  0.000065927853536
  0.000051312382619  0.000054843325828  0.000217332902151  0.000000002646341
  0.000010135819810 -0.000008226586634 -0.000034913157147 -0.000241755587998
 -0.000000005832323 -0.000013398476996 -0.000007560262569  0.000054973243028
  0.000210854009760  0.000000017734234 -0.000002274130715  0.000013646089115
    5 Orbital Energy   -10.274257 Occupation  1.000000
 -0.000247542693560  0.000102553081190 -0.000000029022061 -0.000003000478544
 -0.000053725352580 -0.000626036427438  0.000000061083184  0.000006990263488
  0.000669730895634  0.000066376175771 -0.000002532185159  0.000047751219646
  0.000000000458414  0.000000001033946  0.000002261682354 -0.000951386825869
 -0.000176991790258  0.000000059766593  0.000046185594938 -0.000035620101109
  0.000633747201563 -0.000000037841134 -0.000701894177662 -0.000331824253754
 -0.000027897980993 -0.000005263665794  0.000045461398433 -0.000000047612413
 -0.000000092008502  0.000034372501932  0.047754913310843  0.002447345325933
 -0.000000030494749 -0.000103508173010  0.000045093210607 -0.002775662165099
  0.000000063419782  0.001798055671596  0.000092582098988 -0.000223030517609
 -0.000178558716171 -0.000221874026186 -0.000000184044131 -0.000000197476875
 -0.000008724648097 -0.991987613617120 -0.046660372758434  0.000000018472930
  0.000071178776800  0.000052752584075  0.010722284030700 -0.000000091535818
 -0.000015735207221  0.001130217709072  0.008795704384647  0.009193832297292
  0.008551706995927  0.000000041721942 -0.000000032427754 -0.000006566912812
  0.005782142942190  0.000492309600169 -0.000000025346578  0.000098529047198
  0.000043520788242 -0.002373889403058  0.000000048243482 -0.001782271784258
  0.000140877626146  0.000141466649015  0.000181387469102  0.000152598461483
  0.000000147888476 -0.000000209318298 -0.000007019270986 -0.000098284514984
 -0.000129668504021  0.000000017135918 -0.000043424582431 -0.000037845686740
  0.000539703557966 -0.000000007143801  0.000688899128284 -0.000259389228897
 -0.000028344416329 -0.000004228815033  0.000046240507645  0.000000013312305
 -0.000000024161749 -0.000033695552380 -0.000040205148886 -0.000261917026639
 -0.000000006725503 -0.000000557008892  0.000015320584023  0.000055875008025
  0.000244731622877  0.000000022494056  0.000008148083559 -0.000001341457951
 -0.000034615926358 -0.000380933960477 -0.000000042619681 -0.000000806043022
 -0.000088952891469  0.000554441625813 -0.001682047613517  0.000000000318869
 -0.000003092725062  0.000149426973514 -0.000006637331235 -0.000452015086518
 -0.000000018234407  0.000007706167806 -0.000087586376632  0.000056840848975
  0.000231474286083  0.000000005180614 -0.000011332269294 -0.000004341410747
    6 Orbital Energy   -10.273529 Occupation  1.000000
  0.000101089816879  0.000122224479391 -0.000000007746532 -0.000054706423186
 -0.000014035202396 -0.000503865267699  0.000000033098239  0.000111353057138
  0.000679412739831  0.000024123051393 -0.000007542195948 -0.000037049304001
 -0.000000014404831 -0.000000006071890  0.000042749797013 -0.008511516478383
 -0.000619811701597 -0.000000004185111  0.000088611411776  0.000068012013862
  0.002349627571775  0.000000000370720 -0.000735690446459 -0.001587924991934
 -0.000113345553434 -0.000120182738914 -0.000151799704863  0.000000009780649
  0.000000004683229 -0.000007788371473  0.991958686565643  0.046642815450314
  0.000000012091815  0.000009153424496  0.000026197508599 -0.010503672902351
 -0.000000041759464  0.000875881015424 -0.000587952054191 -0.008818091630760
 -0.008747573685627 -0.009061077472375  0.000000022371896  0.000000022187443
 -0.000311873404354  0.047544502312126  0.002051240910188 -0.000000121132554
 -0.000016585812443 -0.000112109687216  0.001793671767787 -0.000000028064425
  0.000991575983178  0.001437016231932 -0.000634358290351 -0.000672385072912
 -0.000669097052179  0.000000914147662 -0.000000446139710 -0.000020801762420
 -0.000059627824173  0.000111703233812 -0.000000104232433 -0.000018260831800
  0.000053961694375 -0.000419820577089  0.000000156696564 -0.000479399412091
 -0.000458151689828  0.000019357407290 -0.000073382735591  0.000008361270626
 -0.000000060677485 -0.000000002213539  0.000009236488538  0.000186512906665
 -0.000094951399178  0.000000044705305 -0.000044890017572  0.000028678517801
  0.000580896063893 -0.000000117888578  0.000529313074969 -0.000310432223190
 -0.000063743650270 -0.000036004951706 -0.000012346860737 -0.000000000316514
  0.000000007513614  0.000027731230823 -0.000053484123265 -0.000211453203021
 -0.000000002243904 -0.000008872035448 -0.000008966731251  0.000001658687106
  0.000435850727771  0.000000020836990 -0.000068573837556  0.000051284914911
 -0.000536909637091  0.001692207732762  0.000000006325667  0.000112328234868
 -0.000060252074293 -0.000009372677024  0.000557166664063 -0.000000175000214
 -0.000079601882097  0.000038777732999 -0.000055445932242 -0.000203831313127
 -0.000000025455955  0.000002625378027  0.000015995684429  0.000036074180676
  0.000245639204560  0.000000011884252  0.000014342846409 -0.000007900726363
    7 Orbital Energy    -0.700397 Occupation  1.000000
 -0.105027257637576  0.211958019070567 -0.000000181793169 -0.011672342734743
  0.023550299537180  0.187576533649999 -0.000000129694503 -0.007928869989966
  0.007138144686293 -0.010804232483636  0.001077366041465  0.000119758663813
 -0.000000856519826  0.000000125919619  0.000838614217797 -0.071548174439204
  0.144467318830039  0.000000085080484 -0.002527344383011  0.013454981204215
  0.132009925435109  0.000000103622519 -0.002627818758795  0.007878819222070
 -0.007461814043028  0.001225979496025  0.000513096967868  0.000000038260576
 -0.000000269819003 -0.001587117678658 -0.052785037545058  0.106883637801982
  0.000000151638853 -0.001014610202417  0.003898393540902  0.098439385405451
 -0.000000000036953  0.000527945155169  0.001703621647296 -0.005525494883900
  0.000229524777070  0.001601862197424 -0.000000046028699 -0.000000025599221
  0.000797455559515 -0.059150542651480  0.119596609306176  0.000000108604314
 -0.008398287649923  0.000593616571838  0.110037839368594  0.000000092295126
 -0.005149756703405 -0.000126446989901 -0.006184560299317  0.001910294106240
 -0.000069321928391 -0.000000252829833  0.000000133074019 -0.000809398171498
 -0.087919728808178  0.177422842607035  0.000000048707181 -0.018487288963337
  0.005942340411633  0.159752016551498  0.000000042695802 -0.008478565361643
  0.006027760130232 -0.009106618925345 -0.000530038463579  0.002036586019539
  0.000000090591062 -0.000000028726319 -0.000272096613027 -0.115744768097278
  0.233602064830526  0.000000031299953 -0.024494710885543  0.019528103405545
  0.204539419769625  0.000000049576256 -0.005945907738766  0.007111880856022
 -0.011883127772888  0.000603242270297  0.000298545421781  0.000000079280146
  0.000000133421405  0.000333017994455  0.096211347830423  0.042453715528960
  0.000000119811194 -0.000375574974951 -0.007249769633439  0.057381212430967
  0.016895923649536  0.000000233035899 -0.004269749706704 -0.002098819997549
  0.038386017518391  0.007504051036629 -0.000000009075562 -0.002890894082203
  0.001735581864198  0.044616055593940  0.010344754658859 -0.000000039768317
 -0.000182055240591  0.003832500753085  0.075673803495355  0.027993491838578
 -0.000000044356687  0.004961284012542  0.003336598982758  0.109819679923653
  0.053311967538822  0.000000082748634  0.007072820440392 -0.003900385486621
    8 Orbital Energy    -0.663434 Occupation  1.000000
  0.097914550746157 -0.201717402813168 -0.000000345229410 -0.037361532768179
 -0.050099509692526 -0.175964122699513 -0.000000081660484 -0.011762331493529
 -0.012070540809264  0.009678678691327  0.002251738403933 -0.000643919588907
  0.000000321436687  0.000000335148298  0.003626010665563  0.104678179907803
 -0.216021573791536 -0.000000112110560 -0.019812728675686 -0.037007090332172
 -0.194064813475235 -0.000000078461580 -0.001822618287252 -0.015338227350730
  0.010437417248570 -0.000834451095116  0.001409718706305 -0.000000039961622
  0.000000184107234  0.001016193081890  0.022618913749207 -0.046658750625192
 -0.000000183380770 -0.027095206147499 -0.036441838301852 -0.042969880618099
  0.000000027368571 -0.009289566980841 -0.014862019272569  0.002291772528855
  0.003669722898668 -0.003722481746563 -0.000000019744204 -0.000000112708330
  0.002078738077335 -0.071310175560528  0.147180419846373 -0.000000037647446
 -0.037751370614503 -0.019147132796038  0.134047024917427 -0.000000064720582
 -0.016373979261744 -0.003806662647154 -0.007171155763127  0.000605214452959
 -0.000613798657281  0.000000096054698 -0.000000023717181 -0.003623129287772
 -0.119028834796189  0.245466262901168 -0.000000029994892 -0.040744072700083
 -0.031229717168888  0.217122771261121 -0.000000009096216 -0.012677011954583
 -0.005119536881507 -0.011791740032813  0.000646386930394 -0.002001936107194
  0.000000041242103 -0.000000094390051  0.000188217187007 -0.037165929002224
  0.076496745790711 -0.000000078969898 -0.047915755118179 -0.041389408413951
  0.066223880672841  0.000000024846293 -0.015437618757517 -0.017659597876756
 -0.003668488317050 -0.003822504417035  0.003102583810367 -0.000000013489149
 -0.000000185419423 -0.003281148987292 -0.107457410908325 -0.055567456097654
 -0.000000043592502 -0.000505636000188  0.007421716948867 -0.100598106682774
 -0.037041048380453 -0.000000204593534  0.007050554253328  0.003349664421404
 -0.019859348258916 -0.005708152739611 -0.000000016176028  0.001100338930427
 -0.001427389388678  0.064643770640376  0.020274004624011 -0.000000101880944
 -0.000703854360641  0.005257963387936  0.122582322017625  0.054251163873628
 -0.000000046477686  0.007630000375249  0.004638136952945  0.042280254343739
  0.023840083334975 -0.000000138830153  0.001877361327081 -0.002420494491247
    9 Orbital Energy    -0.660668 Occupation  1.000000
 -0.051557537415869  0.106351883221668 -0.000000415762772 -0.046120246058779
  0.031295650947349  0.092700903541678 -0.000000293540609 -0.019502079840162
  0.008205268291602 -0.005161391130025 -0.001103323117129  0.000003557329624
 -0.000000135399122  0.000000383945970  0.003762209338878  0.066592671614191
 -0.137939352468142 -0.000000124405974 -0.040175529173931  0.029101812142247
 -0.122454603401799  0.000000069033101 -0.012511845761847  0.010265716812274
  0.006488108237307  0.003521131059946 -0.003174619460895  0.000000065604721
 -0.000000074780977 -0.002726713306112  0.123329031754308 -0.255565545604204
  0.000000106008419 -0.018765034315311  0.021188014796801 -0.231656953654354
 -0.000000066092682 -0.003318527319548  0.004550615076233  0.012264558116805
 -0.000494686797364  0.000243847557248  0.000000065889769  0.000000141440743
 -0.001457443115604  0.103514299234081 -0.214491873791990 -0.000000350102853
 -0.028747315761198  0.026099986798311 -0.192808121877160 -0.000000104420688
 -0.008398815457140  0.006468792980618  0.010206014642435 -0.000289054178829
  0.000341832091768  0.000000573771908 -0.000000264452932 -0.003298399359891
  0.007790264450570 -0.016228218781377 -0.000000150072594 -0.027415457667269
  0.046933690083277 -0.013805767653462 -0.000000003567936 -0.010723025996365
  0.017922308041534  0.000683823826509 -0.003960272451139  0.003910684468437
 -0.000000126890602  0.000000150357020  0.002064137982572 -0.096090723166006
  0.198123705340130 -0.000000084425870 -0.043254293343140  0.044919369928447
  0.171083568338239 -0.000000094885514 -0.008184190975758  0.013746730835327
 -0.009559681509813  0.000773850874683 -0.002975182199238 -0.000000008790016
  0.000000080860603 -0.001142244868993  0.058950108009411  0.031157729657783
  0.000000037920735 -0.001007620110943 -0.004072176914463 -0.063352711783745
 -0.022958961852742  0.000000095098450  0.003877845265850  0.002929170761868
 -0.108144319340573 -0.030330078192357  0.000000020989275  0.007784944034963
 -0.004420236254166 -0.093646599310302 -0.028866189132246 -0.000000058919303
 -0.000281530206469 -0.007517985940369 -0.006592407723035 -0.002497674363038
  0.000000051613016 -0.000862147604088  0.000618792136978  0.112526444512183
  0.064418943901444  0.000000064228342  0.006720450901135 -0.003386034428042
   10 Orbital Energy    -0.598470 Occupation  1.000000
  0.091693706178848 -0.192461687294533 -0.000000302011342 -0.037040263288554
 -0.108508921799580 -0.177518594607419 -0.000000235247778 -0.011276617438023
 -0.016031802642572  0.009261834750415  0.009751987557603 -0.004036791980480
 -0.000000562626374  0.000000232476442  0.001989474913227 -0.011517025615923
  0.023722456683546 -0.000000270418790  0.039955439943780 -0.057651381784786
  0.025293680383944 -0.000000013842417  0.009934898156933 -0.022429310741186
 -0.001129285395489 -0.003187643684165  0.002860539627755  0.000000002909900
  0.000000210213063  0.002903966537374 -0.092388209603211  0.196871928849134
 -0.000000153686696  0.068639695444552 -0.013821838556482  0.182374395861827
 -0.000000065018789  0.019226868582442 -0.001512401944807 -0.008822158848164
 -0.001749758549746 -0.002458733123683  0.000000057278760  0.000000003245062
 -0.003773266406388  0.048559425574884 -0.103564222667495  0.000000205876976
  0.058050247073956  0.040479468844215 -0.094494533783655  0.000000106216403
  0.021073128591217  0.012153937983006  0.004664187635703  0.003019984489319
 -0.000500567671082 -0.000000450305994  0.000000193696953  0.003903049370888
  0.062450330545624 -0.131076146250032  0.000000156696387  0.023758164997876
  0.082190608797919 -0.124335115424171  0.000000015340445 -0.002490049087599
  0.021033117473720  0.006216729199178 -0.002883841329361  0.006303904126057
  0.000000006408726  0.000000042569507 -0.002159932762842 -0.104125069148153
  0.218571940924904 -0.000000028005571 -0.122817613360619  0.057111456110468
  0.197814656976340  0.000000102292581 -0.018607590993624  0.006840367649480
 -0.010614933101306  0.000479269090747 -0.007334744248304 -0.000000055004585
 -0.000000112146034 -0.009002913699123 -0.142219805018936 -0.093400263801418
  0.000000090695697 -0.000534495586390  0.008004097839942  0.013113949090950
  0.006892264947231 -0.000000196258112 -0.000062815863253 -0.001599835049779
  0.108624405776923  0.039494208970444  0.000000005260907 -0.006412400274061
  0.004266658724043 -0.060534835766403 -0.024006646703765  0.000000102468949
  0.001218406999328 -0.004140234429856 -0.087890900230341 -0.050418499444980
  0.000000024662320 -0.005076828263355 -0.001767610458901  0.170547258815239
  0.120926225608456 -0.000000133956132  0.007922258374384 -0.004743224092839
   11 Orbital Energy    -0.593514 Occupation  1.000000
  0.059032542869653 -0.124710434787774  0.000000357304903  0.054313118829977
 -0.077939995372991 -0.112117507837024  0.000000093227851  0.022323866562779
 -0.015291433102113  0.005960600487492  0.006843454090975 -0.002766361550564
 -0.000000444631795 -0.000000302724177 -0.002657416791989 -0.111446151876312
  0.236198461311197 -0.000000132734206  0.095108607477026  0.046333069152100
  0.221078512736373  0.000000002112040  0.019570011666581  0.012374864276713
 -0.010864532566578 -0.000707240277528 -0.005518873107726 -0.000000001705517
  0.000000176126411  0.006334531167257  0.037096994992296 -0.078996640191415
 -0.000000052916507  0.015348005300618  0.080467261156091 -0.074378252212979
 -0.000000053930982  0.007988815147156  0.025722879041573  0.003546046271416
 -0.004008367265246  0.005714244715214  0.000000139083950  0.000000035093828
 -0.001351406345179  0.094134873690537 -0.200049182560595 -0.000000149160434
 -0.049132339077734  0.075630300062113 -0.188252472922749 -0.000000067651265
 -0.015071511170032  0.016742066188362  0.009043484260297  0.006410461327059
 -0.001731836007501  0.000000173255957 -0.000000060389973 -0.003555997111697
 -0.093634432772304  0.198000057391175 -0.000000048288376 -0.107454120432167
 -0.026464688612153  0.182413622686569  0.000000040647872 -0.026698022067858
  0.001575026662985 -0.009290143426146 -0.000945904798301 -0.004942451450089
 -0.000000110848521  0.000000087740258  0.007056317156503  0.019250126947369
 -0.040683940479947  0.000000083235968 -0.008211490783070 -0.069540826678808
 -0.035796892007012 -0.000000037591788 -0.008018543358940 -0.024306432613221
  0.001970709888127 -0.002414611901887  0.003806308712913  0.000000021334994
 -0.000000083915210  0.000257408771848 -0.096377426574364 -0.063740008965991
  0.000000058529601  0.001411082209440  0.005305655035510  0.150275186227192
  0.072739906830458 -0.000000112426943 -0.008386334193011 -0.004529603496002
 -0.044093534322445 -0.016541451312282  0.000000001778118  0.003354700942216
 -0.000336037291227 -0.117088992686926 -0.048386263347446 -0.000000080120550
 -0.000693045798493 -0.007893117670152  0.139461534940531  0.080137183657677
  0.000000021907540  0.006588327042412  0.005008663408948 -0.033194521956413
 -0.023724848134308 -0.000000066269257 -0.002271613742075 -0.000426545989747
   12 Orbital Energy    -0.549109 Occupation  1.000000
  0.042520140312037 -0.089170550791443  0.000000080502236  0.020220247966157
 -0.084164709580240 -0.090491345184937  0.000000079588748  0.010256640512743
 -0.007161751408251  0.004680447710437  0.008458715710998 -0.004572257104385
 -0.000000546432131 -0.000000090692572 -0.000866619122174 -0.074318872522023
  0.158190667830350 -0.000000026533244  0.082736802169441  0.084876658121504
  0.160064940172133 -0.000000026290822  0.009403585389049  0.023483495574853
 -0.007559760985069  0.002167400527090 -0.008408254750170 -0.000000028498065
  0.000000060535492  0.007316958142970  0.106123325844384 -0.227827367785046
 -0.000000080873278 -0.119079833590969  0.057705854574259 -0.229503195318760
  0.000000033820397 -0.025886511242083  0.009772714324129  0.010323423320151
 -0.000020301072336  0.008132345271935 -0.000000066272416 -0.000000142230875
  0.009209577515854 -0.093633040566105  0.200388131633020 -0.000000257997524
 -0.025076644264369 -0.126033141871582  0.202327282730622 -0.000000210567110
 -0.011934234688901 -0.024851851095672 -0.009252303119015 -0.012406101581140
  0.004954037190810  0.000000526893655 -0.000000254977005 -0.001347742548194
  0.055818995610671 -0.117965589693002 -0.000000178773095  0.100466870619498
  0.023626274901209 -0.119429528446952  0.000000002089969  0.018931046583447
 -0.006154530169520  0.005898308292532 -0.000160368393241  0.005095414145118
  0.000000032931077 -0.000000096079316 -0.008038057385095 -0.036052732257927
  0.075172055307746  0.000000092106571 -0.061732134972579  0.043824699765285
  0.076672705845687 -0.000000080637951 -0.001253030033161  0.004937749719281
 -0.004061812245446  0.001567630086781 -0.004865881598384 -0.000000003688805
 -0.000000046806072 -0.005862003417076 -0.090181664477907 -0.069696535485209
  0.000000096853248  0.000641994436876  0.004194101924419  0.129463640688577
  0.073869512328158 -0.000000042400148 -0.006608184792846 -0.002643027484041
 -0.160798299741954 -0.071803924003086 -0.000000014096080  0.008309443081794
 -0.005144333158338  0.149204931370537  0.073072140969727 -0.000000032223499
 -0.000790846459238  0.008716761503504 -0.108072890089883 -0.072837929756977
 -0.000000023916946 -0.004211674738796 -0.003520664546836  0.080315909563723
  0.067010696904633 -0.000000084209980  0.003214062156424 -0.001595567596338
   13 Orbital Energy    -0.432829 Occupation  1.000000
  0.026198451065602 -0.047862862788126  0.000000142833090  0.017833968140290
  0.232930726117243 -0.120628270555567  0.000000188593897  0.002969364997726
  0.078825771573632  0.000369484970873 -0.007251277043031  0.008591307905328
  0.000000217132872 -0.000000069127621 -0.001621741675067  0.011692833008109
 -0.020739917737254  0.000000075362544  0.166671762788981  0.075480948689240
 -0.051748980152816 -0.000000012956441  0.062123712661700  0.034242772765980
 -0.000431640351731  0.001085689779280 -0.001029956205623  0.000000015381990
  0.000000116360314  0.005928818480804  0.004651600245747 -0.007327599045910
 -0.000000057186176  0.125704435871574 -0.076925848038439 -0.019584791031163
  0.000000003466907  0.053060268453635 -0.030651990920999 -0.000712297216641
  0.001672561929883 -0.002081328433646 -0.000000057328761  0.000000055125627
 -0.002876130176166  0.006898105962981 -0.011640205112303  0.000000072277942
  0.011285268094011 -0.159787381063160 -0.029724550357510 -0.000000047976578
  0.000363310106977 -0.064918146293720 -0.000653439442299 -0.003899591859073
  0.003607792167574  0.000000025230799 -0.000000019645696  0.001272932548222
  0.018683646822797 -0.033862992010666 -0.000000001399819 -0.170027199554607
 -0.122484204317039 -0.084565988390345  0.000000061827314 -0.064699051665181
 -0.040417652445596 -0.000066503543114  0.005116657805170 -0.004471039755869
 -0.000000026595410 -0.000000049378861  0.005463794698289  0.031092236409310
 -0.056881428125748 -0.000000014702348 -0.217364509583430  0.117157508041485
 -0.144675326123243 -0.000000027803088 -0.069025557882875  0.038247020810548
  0.000705583649618  0.004816352777205 -0.002976461499287 -0.000000000218732
 -0.000000049273810 -0.009057042725845  0.126128588793820  0.138165919632641
  0.000000037306261  0.000064663981197 -0.002724463013843  0.098144120116082
  0.076540533703200 -0.000000129089544 -0.002472025950652 -0.001472636102784
  0.078815380592700  0.046395246807301  0.000000020572801 -0.002430189001051
  0.001394709986389  0.085769050354724  0.056260551693871  0.000000042230772
  0.000021741315322  0.002849172399660  0.112728141145831  0.105841428982349
  0.000000074613387  0.002473759101774  0.001360237210111  0.133730336971265
  0.159885590996168  0.000000100538239  0.002277434338860 -0.001350732009372
   14 Orbital Energy    -0.382712 Occupation  1.000000
 -0.035105424253314  0.067819696342105  0.000000250184573  0.061747666031254
 -0.218933692413930  0.156118088224087  0.000000007633632  0.031812523917232
 -0.063828926891114 -0.000732670156954  0.008973250606481 -0.011864257870583
 -0.000000095857923 -0.000000128941670 -0.005644779952815 -0.029906934626766
  0.057525165962530  0.000000013195469 -0.251705856022301 -0.091268700655127
  0.127930650386802  0.000000066686120 -0.088533482590388 -0.035911286965570
 -0.000079798964326 -0.003604156253682  0.002292023758867 -0.000000005076747
 -0.000000102884316 -0.013344486902799 -0.004766304484916  0.009052924842566
  0.000000077626135 -0.016822046110290  0.087361028061734  0.019822441614218
  0.000000034690379 -0.009406674710542  0.028106861804570  0.000133176803524
 -0.006618379244140  0.006679619051712 -0.000000051977884 -0.000000005436422
 -0.001351686991156  0.017962731697838 -0.034393485494647  0.000000133845312
  0.062224524243423 -0.191731779144449 -0.075256731166319  0.000000028467306
  0.018255003104722 -0.072149300664419 -0.000211527999613 -0.007710997599268
  0.007973230151752 -0.000000021913278 -0.000000002572923  0.006116664390289
  0.038902764032427 -0.075138084017691  0.000000037100930 -0.244853807213451
 -0.139593556366720 -0.169565543194184  0.000000090046271 -0.082962345995562
 -0.041165641683277  0.000536046785128  0.006957793042757 -0.004315869105005
  0.000000010067417  0.000000067010243  0.013466107182242  0.013058281716302
 -0.025184030460615  0.000000109969906 -0.006499411625072  0.138328224776297
 -0.058708873008218  0.000000093394158  0.011201829996718  0.059343749014868
  0.000303254774203  0.009260356396974 -0.008103485591495 -0.000000001468026
  0.000000080623514  0.001003638588737 -0.118519502650539 -0.153590713599959
 -0.000000010005098  0.001311735812694  0.001576627888528 -0.141445062728679
 -0.133941544633628  0.000000148856937  0.002310687843860  0.001890973715078
 -0.030964462699002 -0.023369735693852  0.000000019571745  0.001275824820704
  0.000530411292461  0.102128388080435  0.083620985978697  0.000000065643668
  0.000866587600447  0.002526479630239  0.152006787010941  0.170264000842326
  0.000000075244618  0.002016345235487  0.001569107891060  0.040465513933561
  0.057134828224570  0.000000023114452  0.001512136912955  0.001680061111114
   15 Orbital Energy    -0.380709 Occupation  1.000000
  0.022447488260888 -0.042770930113742  0.000000440451487  0.095544899940122
  0.145469303059861 -0.103607771085316  0.000000350289388  0.042372503137115
  0.042522994231217  0.000511181550281 -0.006763363162873  0.008567609143616
  0.000000124043252 -0.000000176031208 -0.007288304052241 -0.017140340971361
  0.033608080884647  0.000000064112791 -0.085538990013313 -0.130315814611000
  0.069589774616944  0.000000014815476 -0.029358920727450 -0.049976646074292
 -0.000058600647562 -0.008654325557398  0.007672844029455 -0.000000025596932
  0.000000079982481 -0.001889269423837 -0.026772921176800  0.051575420596831
 -0.000000049929530 -0.268507142244630  0.143463199864503  0.107677426188338
  0.000000019613920 -0.104304182665491  0.055568931399568  0.000449316701357
 -0.004883455938326  0.004686567731292 -0.000000012629965 -0.000000046449583
  0.012187903739787 -0.023938764637612  0.046398214787372  0.000000269422801
  0.040110233463163  0.239437659752420  0.097053989234821  0.000000096245759
  0.015648036298583  0.091361875397904  0.000180658683777  0.008990151393205
 -0.009669610457248 -0.000000142316710  0.000000071653038  0.004688291435980
  0.001574373466987 -0.002346080103224  0.000000165312164  0.032575255616911
 -0.094979215978265 -0.010776384805756  0.000000175394311  0.015203889471150
 -0.039236200648476  0.000019533949452  0.007208032620279 -0.007246613230904
 -0.000000005416375 -0.000000106873927 -0.002735359483434  0.040653066987881
 -0.077915273717548  0.000000159982223 -0.224127870334787  0.086818895969244
 -0.186722622147741  0.000000091407013 -0.063144860595910  0.017222777274859
  0.001066118603434  0.006018130586184 -0.002371765876489  0.000000015133161
 -0.000000044754880 -0.013520427339580  0.080872608681086  0.104346024405281
  0.000000004410371  0.001650326509923 -0.001019722222522 -0.072893380216556
 -0.069380102042132 -0.000000094360014  0.001992785839431 -0.000424314390891
 -0.159723959634565 -0.120200655041316 -0.000000025240495  0.003576071392253
 -0.002376266704640 -0.125855992271621 -0.103081655126320  0.000000008589287
  0.000889459720020 -0.003081449741972  0.012388206897262  0.013387960497001
 -0.000000084201053  0.001015120695082 -0.001407932747612  0.130874132903018
  0.184421761343633  0.000000038102721  0.000933926038558 -0.001266914519677
   16 Orbital Energy    -0.331154 Occupation  1.000000
 -0.008067241569825  0.017762754641306  0.000000048592950 -0.305834233183078
 -0.066752591758796  0.028304211111264  0.000000160769189 -0.177865469531395
 -0.005213043958745  0.000336480533151  0.004713896231119 -0.006023229950844
  0.000000060955737  0.000000044007500  0.006884662342290  0.015455291949034
 -0.033417555674897  0.000000096171795  0.194768339426844 -0.066670860469782
 -0.054922774567712  0.000000031688727  0.065601180643808 -0.049294385311421
 -0.000558339088797  0.003294933080917 -0.001674536901787 -0.000000001175773
 -0.000000037252859  0.010228965166860 -0.005093158079075  0.010874949005540
  0.000000126760341 -0.027982345965105  0.049975112386765  0.017895538360023
  0.000000078354830 -0.006822314548303  0.019406356979904  0.000194099353067
  0.000756152782385 -0.001097899268027 -0.000000039850661  0.000000056162585
  0.004355044295916 -0.012540179022144  0.026934628937596  0.000000223000012
 -0.074110140451562  0.116150019188645  0.044192211836029  0.000000092315886
 -0.033335085701568  0.033680823671658  0.000468590579404  0.006459439957787
 -0.007473267675699 -0.000000030250269  0.000000013075138  0.000883488108910
  0.013473418052751 -0.029282294730628  0.000000097929808  0.020912013637341
 -0.259851011811735 -0.048225147257793  0.000000110763748  0.047251259361686
 -0.118453992780001 -0.000520845311900  0.008918596426587 -0.007146935176498
  0.000000054586220  0.000000069962700  0.005511952725788 -0.002827967571319
  0.006296592095568  0.000000082512300  0.190602802647140  0.283921238235770
  0.009820248053748  0.000000021710771  0.104196200487925  0.179333379315002
  0.000096082852823  0.004293704713642 -0.004816970246608 -0.000000006015362
  0.000000007915698  0.005643454513495 -0.044789691642149 -0.060232548131244
  0.000000027351186 -0.007617885609695  0.000354969474767  0.080887904074310
  0.086531792718349 -0.000000009797355  0.000790322776386 -0.003701638446401
 -0.027574273869793 -0.024179441880739  0.000000000509585  0.000974985919913
  0.000593801883920 -0.066476795128417 -0.062934344689213 -0.000000004745313
 -0.001855581350347 -0.001182714366453  0.070584735387192  0.086010554925196
 -0.000000022824185  0.003469245128597 -0.004489159089178 -0.016037235742054
 -0.022822633669706  0.000000015817543  0.004274616099937  0.007609832943326
   17 Orbital Energy    -0.324415 Occupation  1.000000
  0.025854140971237 -0.053805375632535 -0.000000105437939 -0.172205072096155
  0.139138802273314 -0.108607880597480  0.000000067525884 -0.108981055872997
  0.026054081694266  0.000006052425113 -0.007542996904560  0.011162150805206
 -0.000000159055169  0.000000099162573  0.005855978644908 -0.000275767280943
  0.000640894566034 -0.000000104086164  0.148707005136467 -0.202129791896840
  0.003073707637032 -0.000000095390881  0.071565139391289 -0.112310923275976
 -0.000217688520928 -0.006446875444218  0.006589095962484  0.000000005144134
  0.000000072130309  0.008480098469769 -0.024748055668995  0.051536530106115
 -0.000000089519555 -0.172185612372144  0.175045202215198  0.092431833695616
 -0.000000056187178 -0.056384176791184  0.067396572697933  0.000637863986860
 -0.010862907360078  0.008833795027900 -0.000000072850506  0.000000099665665
  0.013055922534176  0.014718236962026 -0.030659850791931  0.000000043951257
  0.195079229749309 -0.147613673557916 -0.054733370987725  0.000000052992459
  0.095431465449658 -0.047350962043007 -0.000477779921689 -0.009383248386887
  0.010806023362289 -0.000000134845108  0.000000055586858  0.009061562231705
  0.015788764681259 -0.032974933744428  0.000000093301652 -0.192102555777994
  0.176076876908965 -0.065901572330542  0.000000038064527 -0.091034201073693
  0.115626692269081  0.000074038447526 -0.003979864876127  0.005808088513142
  0.000000005539631  0.000000027260804  0.008882451231566 -0.030872878712320
  0.064078677694401  0.000000003449470  0.111761875298954 -0.139565385411617
  0.130875898531353  0.000000012530110 -0.001004374108296 -0.048796067047499
 -0.000039497180213 -0.009862341672000  0.005100038228284 -0.000000024193634
 -0.000000032521450  0.011073603011800  0.081922900991659  0.122562639466028
 -0.000000017664020 -0.004218715086102 -0.000398487247684  0.022042278291436
  0.019128135103411 -0.000000089660393  0.002407600017869 -0.004756375087372
 -0.134971759640030 -0.117118016388671  0.000000023666456  0.002717057679493
 -0.000148601110583  0.088074280211234  0.080981362860683  0.000000072562838
  0.003895640682188  0.001405027420435  0.041066993533235  0.058036899989850
  0.000000052418543 -0.002604185446333  0.005135012467714 -0.102507054466822
 -0.161199591123587 -0.000000021330622 -0.001122967793964 -0.001267568721678
   18 Orbital Energy    -0.320468 Occupation  1.000000
  0.016066908032112 -0.032828257944593  0.000000327598883 -0.016040711862930
  0.092138013998846 -0.069279360448384  0.000000303126384 -0.011021410203554
  0.020012129581344  0.000080186370607 -0.005696557320557  0.008235629406517
 -0.000000098746944 -0.000000080834606 -0.003075328485962 -0.025340976597076
  0.052258550040861  0.000000061012909 -0.041248096108996 -0.263109574855536
  0.103845667565757  0.000000009183974  0.011299253099971 -0.130074636984635
  0.000050545750954 -0.010407348970191  0.007426943012172  0.000000002008161
  0.000000056916469 -0.008368225599653  0.007050805436835 -0.014631784966117
 -0.000000096938605  0.223816514749445  0.282925104672475 -0.027831195827146
 -0.000000045544638  0.106948438496947  0.144618110585760 -0.000008543160969
 -0.007970963481168  0.008612596846707  0.000000085133804  0.000000017928489
 -0.009470122854856  0.019871099078026 -0.041095650978069 -0.000000118449607
 -0.296231651941145 -0.142759489310864 -0.079441022881953 -0.000000056329888
 -0.155993966698114 -0.052414915774644 -0.000093234081376 -0.007530772611125
  0.009510238571943  0.000000035676870 -0.000000018785377 -0.009498391638336
 -0.023085983057570  0.047413844502182 -0.000000068298542  0.170297468587224
 -0.012237183383933  0.097184226217736 -0.000000111258988  0.063748245256298
 -0.032439292320032 -0.000050044302500 -0.006741426067106  0.003520015655777
 -0.000000027137457  0.000000001001108 -0.009842208958258  0.005021358254750
 -0.010195015489241  0.000000049863348 -0.041575726805784 -0.016006866407514
 -0.022038871397025  0.000000006547374 -0.016243519076943 -0.017936463164177
  0.000036425930002 -0.001875308077436  0.002730497826135 -0.000000002942006
 -0.000000015221879 -0.004501351632715  0.057035080435817  0.081969781423747
 -0.000000024972656 -0.000978560349141 -0.000188205360589 -0.094671891884217
 -0.105566137587496 -0.000000029011047  0.003444638064005 -0.003979319621352
  0.028053592276752  0.025435529526771  0.000000004000752  0.003434202509519
  0.006865841829687  0.078265433643667  0.076513932063056 -0.000000041794788
 -0.006715649921441  0.001107991767362 -0.083864649631197 -0.107389322371363
  0.000000001583756  0.000955282081267 -0.002749191917268  0.017889570571977
  0.027276361489517 -0.000000078584647 -0.000141175249140 -0.000299267401575
   19 Orbital Energy    -0.256670 Occupation  1.000000
 -0.000000033271345  0.000000226663219  0.262849440823273 -0.000000193712548
 -0.000000233537960  0.000000761934412  0.212862409621526 -0.000000582758590
 -0.000000415760800 -0.000000131620830 -0.000000119998963 -0.000000184765600
 -0.001784815272007  0.000091099213465  0.000000011567081  0.000000149521877
  0.000000036050347  0.198374102137376  0.000000274558829  0.000000019719077
  0.000000181596731  0.151256811627853  0.000000364019946  0.000000522277639
 -0.000000097965366 -0.000000089051705 -0.000000132672672 -0.002489304062427
  0.000972758479207  0.000000082846371  0.000000273981135 -0.000000742187715
  0.158271091879498  0.000000169955937 -0.000000305804835 -0.000000285653669
  0.116582627814226 -0.000000120032339 -0.000000057753749  0.000000357327804
  0.000000231782753  0.000000444032944 -0.001840169045951  0.001628431446164
  0.000000075505162  0.000000044763596  0.000000076714910  0.172234127052955
  0.000000019988610 -0.000000133197655  0.000000062665255  0.128354116202126
 -0.000000085192556 -0.000000590025054 -0.000000051256707 -0.000000096326477
 -0.000000080943792 -0.001406016295783  0.002180024041105 -0.000000003047163
 -0.000000179458745  0.000000658257062  0.230978761632297  0.000000113244596
  0.000000565128191  0.000000648332557  0.181664655970908  0.000000419283466
  0.000000833058887 -0.000000434561789 -0.000000313528089 -0.000000554568738
 -0.000390664604735  0.002375512003115 -0.000000087917559 -0.000000024223264
 -0.000000189030689  0.281954370570620  0.000000038974745 -0.000000241664722
 -0.000001387419158  0.232382652700650 -0.000000383319636 -0.000000206579904
  0.000000235358625  0.000000155777554  0.000000167001651 -0.000281380325917
  0.000974014683947  0.000000046973633 -0.000000149385251 -0.000000135943558
  0.007731291178980  0.000000012118838 -0.000000051734473 -0.000000063918843
 -0.000000573259702  0.005240992370303  0.000000137395118  0.000000022253818
  0.000000041559872  0.000000053715527  0.003835637850675  0.000000008463233
  0.000000008251488 -0.000000020421440 -0.000000416192607  0.004312949054043
 -0.000000054437119  0.000000034544974 -0.000000084965519  0.000000286108754
  0.006470701434432  0.000000144010260  0.000000064138644  0.000000149069391
  0.000000481816003  0.008522613315315  0.000000123977276 -0.000000038978980
   20 Orbital Energy    -0.205692 Occupation  1.000000
  0.000000043616257 -0.000000145717119 -0.265276106486467  0.000000427216584
  0.000000258292747 -0.000000770023139 -0.229090329459696  0.000000889705005
  0.000000454662329  0.000000085351040  0.000000081758883  0.000000118853958
 -0.006947261459923 -0.002985990940308 -0.000000004581613  0.000000016889596
 -0.000000101724129 -0.302952381207806 -0.000000250296106  0.000000563967994
 -0.000000976094135 -0.241483311854025 -0.000000252039636  0.000000136747040
  0.000000052146170  0.000000065896434  0.000000069939172  0.001234628759557
 -0.004270717399595 -0.000000070660076 -0.000000093349364  0.000000729181619
 -0.064438453500662 -0.000000086290560  0.000000365998910  0.000001768774718
 -0.048238427140201 -0.000000155683212  0.000000073077115 -0.000000528026058
 -0.000000159316437 -0.000000687277379 -0.004582915500419 -0.008197848533334
  0.000000158892636  0.000000041967726 -0.000000114526912  0.218388071678101
 -0.000000460527510 -0.000000235423609 -0.000000415167414  0.167713092586932
 -0.000000805984789 -0.000000652414407  0.000000052349087  0.000000008235286
  0.000000028010828 -0.007491533752484  0.000028867388119 -0.000000003559034
  0.000000152111975 -0.000000414876166  0.331795623355425  0.000000184728151
 -0.000000421804588 -0.000001449433976  0.276550400021030  0.000000585895245
 -0.000000206861662  0.000000352630229  0.000000094837373  0.000000403601777
 -0.001367666020197 -0.002677448251330 -0.000000033924196 -0.000000054121692
  0.000000237795684  0.091331049070345  0.000000100540137  0.000000011086830
  0.000002279747578  0.080791266570317  0.000000123683508  0.000000228233546
 -0.000000233353441 -0.000000204710427 -0.000000246638877 -0.006636427951174
 -0.009076776177455 -0.000000002292125  0.000000075544298  0.000000094866515
 -0.008402297968607 -0.000000025304928  0.000000035878500  0.000000135013747
  0.000000621911753 -0.008677150854580 -0.000000108293315 -0.000000007344723
 -0.000000303307423 -0.000000707527638 -0.001718926720439 -0.000000028407959
 -0.000000027242692  0.000000055016149 -0.000000272189600  0.005967548759436
 -0.000000069217345  0.000000033674634  0.000000030743951  0.000000981714822
  0.010024304796966  0.000000094455155  0.000000034531021 -0.000000172719690
 -0.000001331519796  0.002971180593882 -0.000000067985321  0.000000003921996
   21 Orbital Energy    -0.203419 Occupation  1.000000
 -0.000000027353973 -0.000000148916833  0.173382041104307 -0.000000262644251
  0.000000056734001 -0.000000792878410  0.145723290148304 -0.000000354638085
 -0.000000318873552  0.000000107554546  0.000000123413315  0.000000091735093
 -0.008830015319091  0.002269359939690  0.000000007235489 -0.000000042867954
  0.000000272224153 -0.162080096845003 -0.000000116066177 -0.000000155667865
  0.000001038116617 -0.134902633643014 -0.000000037621294  0.000000147202975
 -0.000000122101037 -0.000000103717772 -0.000000105037093 -0.004886183417314
  0.007746542237682  0.000000037311858  0.000000105499826 -0.000000504566006
 -0.344311147697458  0.000000148126589 -0.000000426223736 -0.000001166298355
 -0.264836463928521 -0.000000092453641 -0.000000105647111  0.000000303018379
  0.000000231990724  0.000000351801595  0.001674094369737  0.001127575922423
 -0.000000021807508 -0.000000075523127  0.000000070843710 -0.272165140891625
  0.000000238312085  0.000000168538187  0.000000726377468 -0.214956984630566
  0.000000391435594 -0.000000355163154 -0.000000031613635 -0.000000005552800
 -0.000000006031503 -0.006258312774738 -0.000196117509835  0.000000008889333
 -0.000000073870460  0.000000296914504  0.022335792390744 -0.000000071791727
  0.000000030830919  0.000000642512500  0.013893826156949  0.000000128746731
  0.000000193423812 -0.000000311640832 -0.000000083670218 -0.000000379621140
 -0.005645972827959  0.008894626379118  0.000000012956073 -0.000000045825831
  0.000000097830213  0.291409646871418  0.000000257590329  0.000000051866719
 -0.000000463812382  0.253592751731417  0.000000111328616  0.000000280671126
  0.000000023869087  0.000000020811099  0.000000088349836 -0.002153003917490
  0.004765075155369  0.000000023893522  0.000000054716665  0.000000834666913
  0.005570402630162 -0.000000031025143 -0.000000014968246 -0.000000276677165
 -0.000000546863178 -0.004577663562133  0.000000060450765  0.000000024956243
  0.000000195612209  0.000000661450180 -0.009096194643110  0.000000010035951
 -0.000000017949942 -0.000000054147722 -0.000000757445189 -0.007374335502125
  0.000000013633532 -0.000000017667456  0.000000110738882 -0.000000070708106
  0.000748542349065 -0.000000070114998 -0.000000014370271 -0.000000001935698
  0.000000197744545  0.009568557808173  0.000000058499382 -0.000000015479417
   22 Orbital Energy    -0.077864 Occupation  0.000000
  0.000000086501750  0.000000146865837 -0.287825101832294  0.000000388583350
  0.000000284488248  0.000000289129229 -0.279834675300507  0.000000980306519
  0.000001041051209 -0.000000136928314 -0.000000145403109 -0.000000132371453
 -0.009310151713690 -0.009699620927312 -0.000000017700409  0.000000010217521
 -0.000000095396655 -0.040951961886159 -0.000000089925538  0.000000006230877
 -0.000000785898676 -0.034975294245067 -0.000000107252675 -0.000000833119850
  0.000000042837972  0.000000029717250  0.000000064603564  0.006027518197181
 -0.013204890349128 -0.000000059417058 -0.000000183863511  0.000000563512484
  0.339563719739247  0.000000047567564  0.000000340571879 -0.000000075555375
  0.297776735244065  0.000000018134374  0.000000187384677 -0.000000359220323
 -0.000000197304739 -0.000000481231328  0.007770909416849 -0.000141030600262
 -0.000000055346060 -0.000000128066140  0.000000104610571 -0.201085209173304
 -0.000000148773521  0.000000234718764  0.000001136042580 -0.177753391419495
 -0.000000043516335 -0.000000105151840 -0.000000020463272 -0.000000005934966
  0.000000017883670  0.011922913987073  0.004645779637696  0.000000006069345
  0.000000269696493 -0.000000691313858 -0.174398247875421 -0.000000197956286
 -0.000000521636433 -0.000001523777685 -0.166477710035461 -0.000000281820478
 -0.000000931097071  0.000000316726124  0.000000222535776  0.000000364589076
 -0.002151889835940  0.013730821272863  0.000000028651199 -0.000000157321791
  0.000000687344607  0.371497507108955 -0.000000084228323 -0.000000289617001
  0.000002435970860  0.365269152933096  0.000000150937727 -0.000000366470969
 -0.000000273103612 -0.000000267647807 -0.000000251953693 -0.012961369306169
  0.004611136304301  0.000000003146364  0.000000012553842 -0.000000973006792
 -0.011003938748433 -0.000000016332426 -0.000000010400983  0.000000123256010
  0.000000708583744 -0.001448451439740 -0.000000055265172 -0.000000029511691
  0.000000043939098  0.000000288397923  0.010703455557227 -0.000000008422775
  0.000000010983337 -0.000000041809332 -0.000000906131689 -0.006565167938232
  0.000000018555303 -0.000000040709592  0.000000284452552  0.000000001635168
 -0.006301887349851 -0.000000059615317 -0.000000017022987 -0.000000184954948
 -0.000001144031190  0.014646267309471 -0.000000001552636 -0.000000025606673
   23 Orbital Energy    -0.075919 Occupation  0.000000
 -0.000000103518488  0.000000121320249  0.244828298787086 -0.000000322756303
 -0.000000066121467  0.000000155893514  0.236429285601316 -0.000000476516197
 -0.000000785399404  0.000000010138113  0.000000017814839 -0.000000024296508
 -0.010723846654736  0.008633062279452  0.000000013640983  0.000000039935429
  0.000000251202806 -0.368102767839652  0.000000098182775 -0.000000124456730
  0.000000381988180 -0.338340918952884  0.000000384971870  0.000000529104121
 -0.000000104612523 -0.000000113158333 -0.000000114157604 -0.009632689420097
 -0.002524150548466  0.000000045866092  0.000000030059500  0.000000025541203
  0.097056135784208  0.000000034328088 -0.000000311420425  0.000000348394618
  0.085831632874166 -0.000000274276832 -0.000000101000795 -0.000000016048895
 -0.000000264811648  0.000000052044367 -0.005851790959418 -0.013894118032224
 -0.000000142960994  0.000000055039937 -0.000000146162205  0.299646924473296
  0.000000015182620 -0.000000136474551 -0.000000080855664  0.268822375152031
  0.000000184408107 -0.000000717149564  0.000000036320845 -0.000000005564544
  0.000000069290441  0.009331046264877 -0.006583347069817 -0.000000029630346
 -0.000000283643350  0.000000644730177 -0.333664993783727  0.000000028529871
  0.000000390727014  0.000002247578780 -0.314688413537768 -0.000000140266500
  0.000000410849099 -0.000000427558344 -0.000000241604223 -0.000000531925101
  0.012067563546470 -0.000152338872225 -0.000000031110645  0.000000135633995
 -0.000000531569641  0.066331903800118 -0.000000072165331  0.000000278452062
 -0.000001383617405  0.064598959126925 -0.000000338717098  0.000000367689472
  0.000000144097442  0.000000163232554  0.000000118786793  0.004761581704461
  0.013289171048991 -0.000000006429264 -0.000000134401684  0.000000641363162
  0.009429791587967 -0.000000050136338 -0.000000006270906 -0.000000063553968
 -0.000000758151083 -0.012643290904255  0.000000028904206 -0.000000008833593
 -0.000000048602913 -0.000000016238531  0.003050760876414 -0.000000002899696
 -0.000000006762979  0.000000133906580 -0.000000720558995  0.009745906525941
  0.000000037809768 -0.000000049253609 -0.000000116693817 -0.000001103313497
 -0.012198420843554  0.000000050814212  0.000000012465481 -0.000000037827243
  0.000000487001025  0.002631835538348 -0.000000005674818  0.000000023699391
   24 Orbital Energy    -0.012689 Occupation  0.000000
  0.000004599881998 -0.000009146950081 -0.237530461522627  0.000006795494402
  0.000006668884141 -0.000031842507822 -0.229377028309751  0.000009839857756
 -0.000000513978333  0.000000024734612  0.000000772895777  0.000000739915941
  0.002311620166808 -0.011127752340428  0.000000460245455 -0.000000897921374
  0.000002321313493  0.296918132659639 -0.000005713207707  0.000004812751426
  0.000002674313583  0.275435602132987 -0.000002061800502  0.000007884269112
  0.000000189382021 -0.000000514401253  0.000000382458966  0.008319312092449
  0.008721978623876  0.000000114379879 -0.000000989666852  0.000001946205986
 -0.347780576625101 -0.000001104021639  0.000000125324687  0.000009016299179
 -0.312882285978279 -0.000004162806044  0.000001956967632 -0.000000608558339
 -0.000000610213049 -0.000000713866546 -0.010433660887130  0.004904393756947
 -0.000000248559787 -0.000000251495140  0.000001257987903  0.328348652222558
 -0.000005711939329  0.000001404140344 -0.000000655428892  0.299036171186369
 -0.000006190996247 -0.000002809933967  0.000000113274621  0.000000053784989
 -0.000000204179271 -0.002586646883747 -0.011556263030955  0.000000415173236
  0.000003629205907 -0.000007833879695 -0.263670175381984 -0.000001928651381
 -0.000009672736102 -0.000022793505708 -0.249863498940770  0.000004405487709
 -0.000008728261016  0.000000209486750  0.000000319676527  0.000001287649419
  0.011516036389152  0.002864301359824  0.000000352273307 -0.000006266319354
  0.000012083908165  0.223265025458598  0.000006997746744 -0.000002390528511
  0.000047801413157  0.217521792771196 -0.000000662934854  0.000002918971447
 -0.000000203826284 -0.000001135560011 -0.000001160010733 -0.009048524914985
  0.006162274542385 -0.000000123900436  0.000003484270673  0.000019715608878
 -0.010311782883567  0.000000330389419  0.000000165271188 -0.000001733406024
 -0.000004345249985  0.011554896548467 -0.000000171584387  0.000000290050827
  0.000000297909355  0.000000002261225 -0.012449627074851 -0.000000083768494
  0.000000033710395 -0.000001192812020 -0.000003259153089  0.012127820583237
 -0.000000224894292 -0.000000007215817  0.000003233121085  0.000013129708991
 -0.010887851313480  0.000000025515028 -0.000000363791369 -0.000004095075877
 -0.000031140648177  0.009964307374633  0.000000264747694 -0.000000087747434
   25 Orbital Energy    -0.010779 Occupation  0.000000
  0.116155648471462 -0.234980356552408  0.000011149837922  0.133017031930791
  0.168073114407531 -0.809105524033378  0.000010741575922  0.187193973911797
 -0.043209222363986  0.000294570653485  0.019648078792079  0.019113960071477
 -0.000001232564595  0.000000891261295  0.009676557796193 -0.038776199953410
  0.094515220970830 -0.000012420616914 -0.153843694518806  0.081837959264662
  0.191497243515387 -0.000011431828362 -0.047342811422399  0.170814528067976
  0.002707458227625 -0.017137528540584  0.003700861437428 -0.000000402125955
 -0.000000042913458  0.002541058324566 -0.005579710794455 -0.006033916969495
  0.000014655707284 -0.007480188847683 -0.033625396364839  0.093576203402839
  0.000013387370188 -0.096136044641740  0.018959234275627 -0.003217204523084
 -0.001363970311046 -0.000481670933235  0.000000400243496 -0.000000281830569
 -0.004696738133969 -0.011019674737739  0.040219133569297 -0.000013543822264
 -0.101752783454948  0.044359276361915  0.006248016434808 -0.000012380787569
 -0.105755020911343 -0.070830957729409  0.003176972580291  0.001622712524838
 -0.005551766630529  0.000000071394185  0.000000474935451  0.008392195595616
  0.079326153131795 -0.169989690783697  0.000010809226863 -0.042480286150267
 -0.215140581353292 -0.494853667769402  0.000010394367655  0.129900048519366
 -0.173128229300997 -0.001471311370466  0.005189842417390  0.021774189960413
 -0.000000479523718 -0.000000240343674  0.007997699118365 -0.143343791909420
  0.281408967498490 -0.000009939578751  0.173547939325494 -0.045265118157838
  1.060853652045336 -0.000009555319362 -0.030046004220136  0.097824726123491
 -0.001924807746383 -0.025015797090014 -0.022152480410718  0.000000376420365
 -0.000000418345990 -0.003899140142170  0.088095516784699  0.533395463516434
  0.000000581699201  0.005990799798504  0.004724973139874 -0.054094844496713
 -0.171744273468154 -0.000000695936934 -0.004520107308256  0.005137057481355
  0.020915231048066  0.054206409183742  0.000000515883443 -0.001344394472305
 -0.000981047586637 -0.034736330184413 -0.091836838858946 -0.000000494077391
 -0.004662094527975  0.000096906399331  0.075482307417191  0.327689384409405
  0.000000427475139  0.000989210035715 -0.007970724637158 -0.094173527357424
 -0.722379989498411 -0.000000629359136  0.006116777064384 -0.001076597485453
   26 Orbital Energy    -0.000437 Occupation  0.000000
  0.085277324571758 -0.159263530604117 -0.000001471015057 -0.150103357642534
  0.094705233285147 -0.663295191655614 -0.000002049193245 -0.208670898193310
  0.048648317452696  0.002526220518616  0.017444700951467  0.011277448602253
 -0.000000415967531 -0.000000497984884 -0.015076134248140 -0.099564895370573
  0.194554018323353  0.000001440110014 -0.192303636857935 -0.006244250389956
  0.679747928826652  0.000001459353758 -0.183497057200481  0.039016911288460
 -0.001585734351400 -0.019996702683094 -0.014852727061827  0.000000018873914
  0.000000316529047  0.003511292675982  0.025205364381802 -0.051515423148163
 -0.000001046434468 -0.062148401475088 -0.210091281983352 -0.156596217439269
 -0.000000836804528 -0.079590306873078 -0.224070385139123  0.000106497263109
 -0.007613661309903  0.016580239772121  0.000000162905684  0.000000042203932
 -0.008324551527075  0.067117941595583 -0.133777911976095  0.000001218616546
  0.171954998819502 -0.127750856624278 -0.435278641806509  0.000001094790111
  0.203826943047334 -0.112903894135053  0.000789880030953  0.012067978813018
  0.011704536296400  0.000000154192089 -0.000000075604694 -0.012061767435515
 -0.104654366440813  0.199031677402557 -0.000000871862074  0.141590753053234
  0.050546565197160  0.765120934837705 -0.000000945902514  0.108897952983850
  0.035270226967290 -0.002456352426428 -0.020745013842439 -0.015248569383003
 -0.000000085933671  0.000000106832379  0.005631331289829  0.030804156178529
 -0.056233170842865  0.000001193570586  0.093374522589372  0.215144548773109
 -0.252062734266984  0.000001224478627  0.162834616049410  0.301513005581470
  0.001168508923527 -0.011534771066383  0.021735278564193 -0.000000051727108
 -0.000000153603045 -0.009183374540949  0.038478374432389  0.346299528501403
 -0.000000050584885 -0.008575561760001  0.003884896128443 -0.062574859067628
 -0.252721793978210 -0.000000071369404 -0.005513058090982  0.000548845538566
  0.019202127985985  0.049092247877628 -0.000000027857984 -0.003797192556877
 -0.008820604949750  0.046546299800629  0.139401242718640  0.000000019902836
  0.007384805444825 -0.003035247356176 -0.055100993333470 -0.333009172272249
 -0.000000024537695  0.005418929308549  0.000177438256710  0.011277124156824
  0.142714285974976 -0.000000351574391  0.005111621542432  0.011639603688513
   27 Orbital Energy     0.007910 Occupation  0.000000
  0.009594195920791 -0.033434277977505 -0.000001549599877 -0.132019152833977
  0.019600261720309 -0.030175976863333 -0.000001364837115 -0.197063938128771
 -0.101306816309581 -0.002529341246753 -0.001083591473998  0.004420262198983
 -0.000000434475692 -0.000000384395163 -0.011256669228738 -0.084832200526426
  0.180695355436619  0.000001332283848 -0.055202497861000 -0.202322631270284
  0.548133532569141  0.000000911339524  0.057729674909740 -0.179629759392150
  0.001512857491884 -0.005324720736651 -0.024742248024414  0.000000010666783
 -0.000000012315588 -0.008237499020352  0.129707028867267 -0.275488809473282
 -0.000001587055258  0.246074909538407 -0.101911128400155 -0.795646801158566
 -0.000001223523401  0.164213273162067 -0.051871464505097 -0.001636913795488
  0.027306244688555  0.019517189845291 -0.000000288392400 -0.000000123102392
 -0.000703203314972 -0.115127154911996  0.243580994405788  0.000001895342078
  0.095028876239431  0.222958681042868  0.722353211942204  0.000001699261045
  0.107037321805760  0.122724949824598  0.001458659936215 -0.018830451429211
 -0.022509777129600  0.000000824280283 -0.000000446599610 -0.009488768182968
  0.049125808604787 -0.109351574907009 -0.000001009734250 -0.148175081275609
  0.104974827115238 -0.319966284864574 -0.000000485282308 -0.076460796114799
  0.220048313774305 -0.001804305231925  0.020388309400668 -0.003282036329961
  0.000000085108311 -0.000000128853692 -0.005723599786586  0.014381446747171
 -0.011106852808790  0.000000962251726 -0.027876638766657 -0.046079186748093
 -0.166075494696337  0.000000431260548 -0.141111216206104 -0.014325816563998
  0.003252337053604  0.003842851578887  0.000816999185764 -0.000000006716544
 -0.000000001348380  0.006032839802221  0.029613667082257  0.141204143870606
 -0.000000139038546 -0.006983041284071  0.000280977767789 -0.071529926520991
 -0.295448638410661 -0.000000042002965  0.000778481836776 -0.008724995118099
  0.110063270921928  0.310347404380170 -0.000000101493201  0.005773332742714
 -0.001111407792480 -0.095965704474056 -0.311488442445418  0.000000040251061
  0.005239003039637  0.004978145537714  0.048403285172632  0.251986146977644
 -0.000000001534958 -0.006230597547692  0.006554776138769 -0.021500233595781
 -0.035245816181010  0.000000116127332 -0.002153288616153 -0.002053352830073
   28 Orbital Energy     0.082843 Occupation  0.000000
  0.058602827738593 -0.105200388540605 -0.000000044725709 -0.178190046756890
 -0.061807713211319 -0.671925526018212 -0.000000236024297 -0.336436372199648
 -0.134799077046447  0.002786303885451  0.017525571572097  0.000254135998767
  0.000000464785994 -0.000000194330312 -0.008465967724418  0.010579772241690
 -0.032504443399089 -0.000000085360822 -0.182340738323082  0.285731628676924
 -0.086953226147486 -0.000000091410625 -0.334116060642008  0.450481947347448
 -0.001846251207923 -0.008714483361662  0.011048131507019 -0.000000090282582
  0.000000173686362  0.013255663587672 -0.046002487609917  0.081670358909051
  0.000000288503593  0.009086721095552  0.143189920144274  0.382402788811219
  0.000000417399339 -0.035777615642487  0.242938008282706 -0.001513282273758
  0.002377885667429 -0.023320485004475 -0.000000062499983 -0.000000045809270
 -0.013730581138858 -0.029207204115452  0.045961376619678 -0.000000280174435
 -0.251970621361829  0.045832016002453  0.253098875760811 -0.000000483978112
 -0.394092636379699  0.124226502637357 -0.001911763875813 -0.020561005030744
  0.006779780844129 -0.000000285078421  0.000000132930041  0.011765855451302
  0.034839532698774 -0.073041038509564 -0.000000084246815 -0.132542679612413
  0.281306205505652 -0.352241471690544  0.000000082469365 -0.203777403109747
  0.510027334803811 -0.000394530076264  0.016820234249389 -0.005815293368863
  0.000000073681308 -0.000000015665006 -0.007802249984223  0.061999126172300
 -0.101258410494832  0.000000067577571  0.139327540685234  0.027807357616321
 -0.795348713285828  0.000000116142881  0.282927538488499  0.040861145804902
  0.005277708027759 -0.001077052350349  0.017879196256297 -0.000000049051844
 -0.000000134599077  0.009571012681828 -0.009960080004056  0.576934437618019
  0.000000013732332 -0.008224910020550  0.002769015476733  0.019892223917891
  0.163761605944709 -0.000000114738028 -0.005691250478007  0.013068628203698
  0.026813008280655  0.002175474654931  0.000000004240807  0.001918087045337
  0.004610349227465  0.027027370358537  0.043574330642981  0.000000088841129
 -0.009945901898316 -0.000095703935456  0.012931584699724  0.335590841080891
 -0.000000089684744 -0.009077343505902  0.010535051419425 -0.024043054192417
  0.749722731048794 -0.000000181796225  0.000259247685678  0.004995009803272
   29 Orbital Energy     0.084351 Occupation  0.000000
 -0.026229036480132  0.044331941773428 -0.000000070079017 -0.306321041777022
 -0.022572947048463  0.252296537399663 -0.000000367407654 -0.527627246724422
 -0.080062957718892 -0.001234545582235 -0.015057442547896  0.005393779791748
 -0.000000245474711 -0.000000215392122 -0.016838116566084 -0.053801693633663
  0.103065725852067  0.000000026852269 -0.034012912092558 -0.050086780848728
  0.460129447195919  0.000000082010887 -0.088407378073203 -0.098688910803311
 -0.000416344977354 -0.000736531531393 -0.020675394079053  0.000000048044860
 -0.000000053343135  0.015322616747226 -0.020545753366706  0.041196882689109
 -0.000000003118653 -0.202938515430655 -0.300240166037018  0.162684597869017
 -0.000000136280658 -0.306081570245143 -0.430399966062823  0.000170713796275
 -0.014870149436882  0.006264077289668  0.000000015317428  0.000000131074143
 -0.014675607658126  0.043293510847382 -0.088164065463832 -0.000000062577971
 -0.260778481799840 -0.048250970275245 -0.348156096924439  0.000000071128980
 -0.392593115957829 -0.091603008586247 -0.000528164781721  0.020071161301088
 -0.002631274899708 -0.000000142812549  0.000000039772010  0.013590737020676
  0.049981562435440 -0.091636072688212 -0.000000058202365  0.035529610808724
 -0.129059057955214 -0.464238210713299  0.000000002271643  0.018545414039181
 -0.227416834445612  0.001197646092095 -0.003165623938341  0.021895602533791
 -0.000000000593970  0.000000125024037 -0.011964994102805  0.014817114024591
 -0.023788703539350  0.000000057142149 -0.177286563663099 -0.317897203465248
 -0.168544502785642  0.000000028928402 -0.322019160252702 -0.554529873300848
  0.001073036980727  0.015738214102368 -0.011063758643019 -0.000000003805517
  0.000000094729807  0.014992832820959  0.026208915916460 -0.026437568594903
 -0.000000077851222 -0.014177321046644  0.000034991739134  0.028288360807910
 -0.085036431042247 -0.000000047147458 -0.000147165267172 -0.001833332066823
  0.006912165528392 -0.024782302826610  0.000000011780963 -0.007575873070494
 -0.012083471159078 -0.014024417469194  0.075219132194216 -0.000000030782938
 -0.010751487981261 -0.001173633898906 -0.030821363851367  0.126297223967510
 -0.000000100978943  0.001956644423710 -0.005187288633536 -0.011620944899948
  0.089853027191199 -0.000000057789205 -0.008914781819804 -0.015055191775247
   30 Orbital Energy     0.093267 Occupation  0.000000
 -0.027772363526538  0.035510046342241  0.000000402363353 -0.148055500490316
  0.183073435622009  0.551352539889602 -0.000000039013568 -0.203830759196820
  0.451636368651967 -0.005350526421550  0.010610886798944 -0.013685282002595
 -0.000000345900082  0.000000010554515 -0.012709091980109 -0.026157805050932
  0.056991276877781 -0.000000181277256 -0.076692209113199  0.171698471553267
  0.275276480076410  0.000000148303234 -0.051370879527213  0.245672463237365
  0.000739026219380 -0.015517591071492  0.008501067789127  0.000000032574077
 -0.000000098227691  0.000320826254649 -0.030324520031934  0.072342362462576
  0.000000123608955 -0.001678747135192  0.053205513798463  0.241107227752958
  0.000000037939825  0.026791212331470  0.046844843034249  0.002157053429367
 -0.001905469331070 -0.007156076735266 -0.000000109647345  0.000000077290421
 -0.000554408560880 -0.026262197971219  0.062448411701201 -0.000000309801538
 -0.135595187164191  0.011171026340203  0.227746247066369 -0.000000312316474
 -0.167765443861443 -0.026493685773532  0.001783872517581 -0.002497874249953
 -0.004831477131481 -0.000000212160751  0.000000132211331  0.007637827000093
 -0.028011658330484  0.050578276608920  0.000000380311471 -0.167729115088648
  0.126513753346733  0.391119209241768 -0.000000002756455 -0.309904873885197
  0.116953176698185 -0.001637952998362  0.002475086230549 -0.009023018799800
  0.000000048601613 -0.000000071243595 -0.018094466464474 -0.023404770300865
  0.014117232580661 -0.000000287306728 -0.217267556269057  0.183610741440198
  0.665878325356534 -0.000000101319239 -0.568958392229556  0.408102782855587
 -0.008886194757101 -0.008017626486934  0.010428574702369  0.000000060776760
  0.000000061428057  0.008999350515521 -0.047197251330460 -0.937261995043841
  0.000000096285902 -0.007717840853239 -0.004380311265188 -0.026204667437197
 -0.284018336686738 -0.000000174943534 -0.006364210963295  0.005804191693579
 -0.007763876993559 -0.135508940415629  0.000000013500124 -0.000323143173760
  0.002175918831824 -0.012989873977421 -0.169994852085742  0.000000109164639
 -0.005454749098232  0.001634414478169 -0.043039902297826 -0.539954356728162
  0.000000018991407 -0.001267128691955  0.010093861548061 -0.041698961736600
 -1.296843673024608  0.000000093447864  0.004706921481869  0.000444475395381
   31 Orbital Energy     0.137996 Occupation  0.000000
 -0.024700021221360  0.005507496703698  0.000000395850904  0.031367859581530
  0.351909879565572  0.797195593089228 -0.000000413784292  0.004403214717697
  0.869128528641474 -0.012035381632752 -0.001686638925547  0.007169014541203
 -0.000000285269338 -0.000000159205056  0.005595976768300 -0.044220304030032
  0.071199181092216 -0.000000154359082  0.074950225212529  0.088100156842870
  0.599375768604134  0.000000114309048  0.143167597092682  0.105890311806243
 -0.003210825240529 -0.017191133606203  0.000926513299656  0.000000022578500
 -0.000000092158679 -0.002932660929115 -0.005803330515151  0.014640802315964
  0.000000001664280  0.009389272137198 -0.010174513901962  0.067390988119716
 -0.000000119448607 -0.016414015082218 -0.090881571586519  0.000503887573688
 -0.000842949443505 -0.001386424022538  0.000000026964057  0.000000108847435
  0.002420852988431  0.016877681698305 -0.032745638944873  0.000000097071494
  0.012101526472427  0.031975097648806 -0.203106476936984  0.000000013025430
 -0.050527981750907  0.041112150817339  0.000115268501948  0.000801954859727
  0.006787151141547 -0.000000036512690 -0.000000026424504 -0.003736713979730
  0.042020939236971 -0.050790955785552 -0.000000412389933  0.193608556746980
  0.087187928830069 -0.743906713872752  0.000000153463253  0.388121782026510
  0.185827987804796  0.007454302131990  0.003247401484290  0.007734937072513
 -0.000000044544628 -0.000000055751639  0.004926141100173  0.005336233806193
  0.014057118998054 -0.000000056421397  0.204498129090606 -0.045875131121133
 -0.370213251692767  0.000000069966657  0.458003627345982 -0.233051734223444
  0.007216442518526 -0.015146756484246  0.008166181914256  0.000000027990505
  0.000000080001897 -0.000693086704593  0.000023931916272 -1.528778449070903
  0.000000045673516  0.002628231309647 -0.002342145155983 -0.042810690519373
 -0.648226516855105  0.000000117866954 -0.006570853006691 -0.000513204463454
 -0.006008133409090 -0.085657507578012  0.000000028589539 -0.000782845613310
  0.000236240402857  0.014900700193546  0.201281336227202 -0.000000069139206
  0.000923788200019 -0.002314229780697  0.030297739802471  1.024394740817657
 -0.000000019031576 -0.003946424509686 -0.004247771615117 -0.012865662967396
  0.825709621369876  0.000000010036608  0.002566356658999  0.004223398099703
&
&hess
   1
   1  6.692634E-02
   2  1.102198E-07 -4.229263E-02
   3 -2.590403E-08 -2.674202E-07  4.967060E-01
   4 -2.234713E-02 -7.470435E-08 -5.456637E-08  6.687135E-02
   5 -1.145036E-07  3.019446E-02 -4.626402E-02  9.736225E-10  3.613797E-01
   6 -1.192005E-08 -9.245191E-02 -4.998467E-02  1.533188E-08  2.329894E-01
   7 -9.098652E-03 -1.589027E-07  1.657894E-08 -2.225520E-02  8.625624E-08
   8  4.033137E-08  2.319232E-02  8.857584E-03  9.596463E-08 -8.992717E-02
   9  6.804539E-08  3.514626E-02 -2.194848E-03  6.610859E-08 -2.301600E-02
  10 -4.233513E-04  4.792132E-08 -1.803858E-09 -9.098499E-03  3.190875E-08
  11  5.819404E-09 -3.171533E-02 -4.225725E-08 -1.168919E-07  2.319236E-02
  12 -1.951201E-08  4.985160E-08 -1.625645E-03 -1.222347E-09 -8.857617E-03
  13 -9.098548E-03  7.126963E-09 -2.837297E-09 -4.208755E-04 -3.704466E-08
  14  2.788033E-08  2.319234E-02 -8.857727E-03  4.882213E-09 -9.142440E-03
  15  1.688455E-08 -3.514644E-02 -2.194907E-03 -5.134930E-08  1.303172E-02
  16 -2.234727E-02 -2.213411E-07  1.757981E-08 -9.092720E-03  1.515822E-07
  17 -9.724523E-08  3.019525E-02  4.626481E-02  8.124692E-08 -1.495341E-02
  18  6.389559E-11  9.245251E-02 -4.998448E-02  8.610173E-08 -1.317445E-02
  19  6.175328E-03 -1.555458E-08  3.557711E-08 -8.956905E-03  2.206901E-08
  20 -7.129321E-08 -2.964063E-02 -1.076451E-07  2.081952E-08  6.362457E-03
  21  1.699321E-08  1.427511E-07 -3.984210E-01 -1.661978E-08 -4.811753E-03
  22 -8.969628E-03  1.740066E-08  1.494235E-08  6.133011E-03  3.292799E-08
  23 -2.364182E-08 -5.455880E-04 -8.833098E-03  5.573054E-08 -3.057555E-01
  24  6.415663E-09  6.842070E-03  7.536454E-03 -6.246729E-08 -1.593911E-01
  25  3.569785E-03  4.551048E-08  4.974337E-09 -8.978965E-03 -2.035720E-08
  26 -4.443854E-09 -3.693654E-04 -1.360479E-03  6.358462E-09  4.660643E-03
  27 -2.876771E-08 -3.590762E-03 -3.850794E-03  6.806214E-09  1.179754E-02
  28  1.090805E-03  2.414914E-10  2.019112E-09  3.567612E-03 -1.143051E-08
  29 -1.063403E-08 -1.292176E-03 -7.384125E-09  1.356465E-08 -5.112027E-03
  30 -9.727501E-10 -6.461564E-09  3.070791E-04  1.284544E-09 -1.393585E-03
  31  3.569882E-03 -9.796369E-09 -1.327334E-09  1.087223E-03  1.087630E-08
  32 -1.391361E-08 -3.693347E-04  1.360520E-03  9.017987E-09 -9.355434E-05
  33  9.380098E-09  3.590747E-03 -3.850832E-03 -9.474236E-09  6.933347E-04
  34 -8.969487E-03  1.323053E-08 -9.544609E-09  3.567472E-03 -3.939891E-08
  35  1.576520E-08 -5.454771E-04  8.833119E-03 -2.794770E-08 -8.299177E-04
  36  5.222743E-09 -6.842206E-03  7.536408E-03 -6.211460E-09 -1.619341E-03
   6
   6  9.237445E-02
   7 -1.022500E-07  6.687147E-02
   8  2.301594E-02 -5.610769E-08  3.613802E-01
   9  7.021903E-02  2.466883E-08 -2.329888E-01  9.237506E-02
  10  2.052363E-08 -2.234714E-02 -7.811722E-08 -1.646199E-08  6.692635E-02
  11 -3.514626E-02 -1.286786E-07  3.019400E-02  9.245145E-02  9.779679E-08
  12 -2.194890E-03  2.647580E-08  4.626403E-02 -4.998493E-02 -4.931211E-08
  13  5.364988E-08 -9.092746E-03 -2.119574E-08 -6.318832E-08 -2.234752E-02
  14  1.303178E-02  1.024312E-07 -1.495328E-02 -1.317433E-02 -7.829598E-08
  15 -2.417477E-02 -7.949600E-08  1.317433E-02  3.587581E-02  6.259099E-08
  16 -1.541809E-07 -4.209251E-04  4.861909E-08  1.060437E-07 -9.098630E-03
  17  1.317432E-02  2.827381E-08 -9.142369E-03 -1.303176E-02 -3.328036E-08
  18  3.587586E-02  7.282421E-08 -1.303163E-02 -2.417472E-02 -5.078420E-08
  19  1.162213E-08  3.567631E-03 -1.605203E-08 -2.661635E-08  1.090814E-03
  20  1.085150E-02  2.072163E-08 -5.112113E-03 -8.528138E-04 -5.737172E-09
  21  6.180871E-04 -7.008325E-09  1.393578E-03  9.018581E-04  1.969268E-09
  22  3.929442E-09 -8.978975E-03 -3.599986E-08 -2.882543E-08  3.569809E-03
  23 -1.593396E-01 -6.974179E-09  4.660648E-03  3.833531E-03 -1.607797E-09
  24 -1.217332E-01  5.297004E-09 -1.179753E-02  2.349947E-03  2.186932E-08
  25  9.062650E-09  6.132876E-03  5.838434E-08  2.110965E-08 -8.969627E-03
  26 -3.833475E-03  4.015044E-08 -3.057555E-01  1.593394E-01  2.434470E-08
  27  2.350052E-03  1.467696E-08  1.593913E-01 -1.217332E-01  2.068318E-08
  28 -1.622286E-09 -8.956798E-03 -3.078274E-09 -2.625370E-08  6.175533E-03
  29  8.529239E-04  4.238780E-08  6.362184E-03 -1.085166E-02 -4.853550E-08
  30  9.019926E-04  1.718937E-08  4.811365E-03  6.179858E-04  1.497331E-09
  31 -1.941871E-08  3.567499E-03  9.481575E-09  1.620267E-08 -8.969433E-03
  32  6.929266E-04 -4.074903E-09 -8.299009E-04  3.852149E-03 -2.959110E-08
  33 -8.918442E-04 -8.374200E-09  1.619355E-03 -3.372170E-03  1.724060E-08
  34  4.425929E-08  1.087230E-03 -7.188544E-09 -2.498965E-08  3.569823E-03
  35 -3.852127E-03  1.223730E-08 -9.357929E-05 -6.929366E-04 -1.936509E-09
  36 -3.372149E-03  1.168614E-08 -6.933294E-04 -8.918247E-04 -5.376936E-09
  11
  11 -4.229267E-02
  12  3.388246E-07  4.967060E-01
  13  4.661222E-08 -3.801967E-10  6.687167E-02
  14  3.019557E-02 -4.626462E-02 -2.029043E-08  3.613789E-01
  15 -9.245237E-02 -4.998450E-02  4.830050E-08  2.329900E-01  9.237524E-02
  16 -9.058054E-08  9.638322E-09 -2.225509E-02  4.164962E-08 -1.614019E-07
  17  2.319226E-02  8.857618E-03  4.557133E-08 -8.992726E-02  2.301598E-02
  18  3.514642E-02 -2.194682E-03  8.005909E-09 -2.301604E-02  7.021743E-02
  19  1.397042E-08  7.705102E-09  3.567559E-03 -1.812802E-08  5.262593E-09
  20 -1.292183E-03 -5.302943E-08  1.397708E-08 -5.111980E-03  8.529294E-04
  21  2.807056E-08  3.070860E-04 -3.806880E-09 -1.393522E-03  9.019970E-04
  22  4.251992E-08 -2.707607E-10  1.087195E-03 -5.343120E-09  1.740501E-08
  23 -3.693976E-04  1.360540E-03  3.806983E-09 -9.353528E-05  6.929587E-04
  24  3.590765E-03 -3.850735E-03 -4.913696E-09  6.932764E-04 -8.918518E-04
  25  2.986386E-08  3.344063E-09  3.567559E-03 -2.105827E-08  1.864321E-08
  26 -5.454535E-04  8.832911E-03 -1.283470E-08 -8.299638E-04 -3.852146E-03
  27 -6.842093E-03  7.536475E-03 -2.560788E-09 -1.619372E-03 -3.372133E-03
  28 -8.156582E-09  5.018524E-08 -8.956826E-03  1.805527E-08 -6.971594E-09
  29 -2.964046E-02  3.301336E-07  1.554177E-08  6.362421E-03  1.085155E-02
  30  6.941385E-07 -3.984211E-01  6.800296E-10 -4.811731E-03  6.180968E-04
  31 -4.120448E-08  3.102231E-09  6.133004E-03  3.967905E-08 -1.195080E-08
  32 -5.456408E-04 -8.833141E-03  3.974619E-08 -3.057557E-01 -1.593394E-01
  33  6.841971E-03  7.536396E-03 -2.918738E-08 -1.593911E-01 -1.217326E-01
  34  1.149506E-08 -2.812970E-09 -8.979054E-03 -2.129690E-08  2.639404E-08
  35 -3.693137E-04 -1.360493E-03 -1.535927E-08  4.660669E-03 -3.833530E-03
  36 -3.590726E-03 -3.850882E-03  9.800213E-09  1.179746E-02  2.350152E-03
  16
  16  6.687130E-02
  17  5.209739E-08  3.613791E-01
  18  9.931461E-08 -2.329896E-01  9.237555E-02
  19 -8.956762E-03  4.366569E-09 -2.705680E-08  6.657340E-04
  20  3.054193E-08  6.362144E-03 -1.085174E-02  4.783780E-08  3.017217E-02
  21  1.792751E-08  4.811322E-03  6.178610E-04 -7.633560E-09  1.268812E-07
  22  3.567613E-03 -1.416677E-08 -2.745120E-08  1.483485E-03 -6.268383E-10
  23 -7.154717E-09 -8.299312E-04  3.852239E-03  1.118710E-09 -2.163067E-03
  24  4.708351E-09  1.619380E-03 -3.372165E-03 -2.085204E-09  1.271211E-03
  25  1.087214E-03 -9.240815E-09 -2.309339E-08  5.937816E-04 -9.701437E-09
  26  4.082719E-09 -9.356685E-05 -6.929844E-04 -1.348117E-09  9.248833E-04
  27  9.894093E-09 -6.932764E-04 -8.918645E-04  8.705381E-09  2.402382E-03
  28  3.567526E-03 -3.859389E-09 -8.177906E-09 -1.303443E-03  4.364828E-09
  29 -4.427398E-09 -5.112040E-03 -8.528696E-04  6.139315E-09  7.371510E-04
  30 -5.948135E-10  1.393548E-03  9.017877E-04  2.904396E-09  2.529581E-08
  31 -8.979056E-03 -1.324541E-08  1.706694E-08  5.937801E-04 -9.459592E-09
  32  2.003354E-08  4.660701E-03  3.833560E-03  3.312834E-09  9.248096E-04
  33  8.924094E-09 -1.179753E-02  2.350180E-03 -7.609656E-09 -2.402395E-03
  34  6.133017E-03  4.915664E-08 -1.949182E-08  1.483351E-03  8.422940E-10
  35  5.568377E-08 -3.057557E-01  1.593391E-01 -4.520442E-09 -2.162909E-03
  36 -3.196668E-09  1.593912E-01 -1.217327E-01  4.346003E-09 -1.271191E-03
  21
  21  3.977392E-01
  22 -3.674917E-09  7.341265E-04
  23  7.572435E-04 -5.444460E-08  3.053680E-01
  24 -9.920512E-04  4.073110E-08  1.588395E-01  1.219396E-01
  25  2.996124E-09  1.490286E-03 -4.229648E-09  1.023554E-09  7.342487E-04
  26 -2.605890E-04  1.945016E-09 -4.078823E-04 -2.514534E-04 -4.435304E-08
  27 -3.105572E-04 -2.997106E-09  2.513884E-04 -2.752874E-03 -7.585215E-09
  28 -2.553332E-09  5.937869E-04  3.919456E-11 -1.066541E-08  1.483342E-03
  29  1.263639E-08 -1.044671E-08  9.248625E-04 -2.402376E-03 -3.591334E-09
  30 -5.572799E-05 -7.682841E-10  2.605836E-04 -3.105935E-04 -7.947410E-09
  31 -2.835858E-09 -1.301026E-03 -3.125905E-09  2.644496E-09  5.940365E-04
  32  2.605562E-04 -2.767156E-09  1.426098E-04 -3.433538E-04 -1.982826E-09
  33 -3.105756E-04  5.681884E-09 -3.433677E-04  5.369383E-04  2.276016E-09
  34 -4.530921E-09  5.940343E-04  8.826865E-09 -2.666130E-09 -1.301009E-03
  35 -7.572515E-04  9.046891E-09 -9.282356E-04  1.330567E-03 -1.705091E-09
  36 -9.920770E-04  4.101697E-09 -1.330611E-03  1.542674E-03 -1.575949E-09
  26
  26  3.053678E-01
  27 -1.588395E-01  1.219397E-01
  28 -4.899413E-09  3.609324E-09  6.655430E-04
  29 -2.162925E-03 -1.271221E-03  4.212776E-08  3.017200E-02
  30 -7.571912E-04 -9.920809E-04  1.246683E-08 -3.060381E-07  3.977392E-01
  31  1.043371E-08  1.781810E-09  1.483479E-03 -3.644500E-09 -2.782442E-09
  32 -9.282238E-04 -1.330560E-03  8.153881E-09 -2.163081E-03  7.573092E-04
  33  1.330591E-03  1.542680E-03 -4.726501E-09  1.271174E-03 -9.920511E-04
  34 -1.642114E-09 -1.217595E-09  5.937650E-04 -1.284908E-09  3.023979E-09
  35  1.426161E-04  3.433525E-04  1.356774E-10  9.248188E-04 -2.605628E-04
  36  3.433636E-04  5.369367E-04  5.944196E-09  2.402376E-03 -3.105380E-04
  31
  31  7.340242E-04
  32 -1.136188E-08  3.053681E-01
  33  1.775840E-08  1.588394E-01  1.219390E-01
  34  1.490320E-03 -2.598913E-09  8.838424E-10  7.340484E-04
  35  4.330633E-09 -4.079360E-04 -2.513953E-04 -1.162148E-08  3.053680E-01
  36 -2.662972E-10  2.514609E-04 -2.752954E-03  1.768669E-08 -1.588394E-01
  36
  36  1.219392E-01
&
