MAEFILE: fuarn_raman_4.01.mae
&gen 
isolv=2 
basis=6-311g 
rsinglet=0 
dftname=b3lyp 
ifreq=1 
iraman=1 
&
&zmat
 C1            -1.1056940000            -0.0318400000            1.8660390000
 C2            -0.4211940000            -1.1811400000            1.8640390000
 C3             1.0083050000            -0.8470400000            1.8625390000
 C4             1.1125060000             0.4865600000            1.8636390000
 O5            -0.2194950000             1.1810600000            1.8660390000
 H6            -2.2067940000             0.0369600000            1.8674390000
 H7            -0.8486940000            -2.1972400000            1.8636390000
 H8             1.8419050000            -1.5683400000            1.8608390000
 H9             2.0691050000             1.0362600000            1.8629390000
&
&guess  basgss=6-311g numd=5
    1 Orbital Energy   -19.244546 Occupation  1.000000
 -0.000013140424961  0.000057612729843 -0.000005282103568 -0.000101088903768
  0.000000164022187 -0.000145065770753 -0.000381174011931 -0.000178908191977
  0.000000122751966 -0.003084490956823 -0.003066409141396 -0.001074016147481
  0.000004586482491 -0.000000695784458  0.000007500386708  0.000061702494904
 -0.000001645566741 -0.000000139260076 -0.000158281488184 -0.000312368263046
  0.000141289286045  0.000000780689251  0.000757779971278  0.001284257724420
  0.001954666647432 -0.000000382142622 -0.000002406659729  0.000008442652941
 -0.000054872792047 -0.000028404145905 -0.000000004589499 -0.000158376779740
  0.000217797930665  0.000264588505181  0.000000192206576  0.000756046733862
 -0.002018872609752  0.001182336604372  0.000003094353309 -0.000013263635153
  0.000057582037079  0.000049565249076 -0.000088408040429  0.000000105031355
 -0.000145418008967  0.000420923549722  0.000008658037531 -0.000000757005405
 -0.003085172016279  0.003224284136491  0.000392697134374 -0.000002081144314
 -0.551362174744492 -0.469851273833753 -0.000397053139422  0.001753143606236
 -0.000067699284902 -0.013033988600579  0.000020979533739 -0.000112010506864
  0.000022814091000  0.009792608774702  0.000535531982355 -0.002275875062234
 -0.000012520947215  0.000099382727893 -0.000748779129796 -0.000513318964003
 -0.000084048944202  0.000753385359589  0.000537135917302 -0.000084175358517
  0.000753666904548  0.000537437595950  0.000098398875837 -0.000746632090602
 -0.000512896588602
    2 Orbital Energy   -10.290499 Occupation  1.000000
  0.562783308469160  0.463925959686340  0.000707927656269  0.000771069143739
  0.000068515750199  0.015790639467639  0.000326383494444 -0.001012225581048
 -0.000017336600975 -0.016131042835973 -0.003508631971889  0.003895312943499
  0.000014850547152  0.005400685988912  0.004704652242089 -0.000193835750151
  0.000294279870740  0.000000988606376 -0.000969881016515  0.000909252897484
 -0.001330440817148 -0.000001375342238  0.010265592727168 -0.001786330404574
  0.004702074119781  0.000005067282805 -0.000296348618788 -0.000253744255887
  0.000017785879731 -0.000060803621959  0.000000126569209  0.000056199842257
  0.000020448657101  0.000111305418198 -0.000000397977132 -0.005103071123156
  0.001925615341390 -0.002584680405825 -0.000004194463144 -0.006793677500479
 -0.005548942133334  0.000037193417101 -0.000002508036402 -0.000001117767243
 -0.000839466090772 -0.000042826431920  0.000073967902875  0.000000644512369
  0.005026380552124 -0.003855530180573 -0.003002273227199  0.000001438802529
 -0.000017788487067 -0.000063625743224 -0.000069937564307 -0.000100177317414
 -0.000000126513516  0.000596230549479 -0.000008090144375 -0.000031713607179
  0.000000249905042 -0.001084010873512 -0.000179728429272  0.000706894233149
  0.000000420420959  0.000038177688729 -0.000834554008197  0.001508317082491
 -0.000049084892556 -0.000346480012247  0.000834045840444  0.000051691709187
 -0.000372191796164 -0.000454564849743 -0.000161470081998  0.001262505822000
  0.001109412695675
    3 Orbital Energy   -10.286619 Occupation  1.000000
 -0.006785302029081 -0.005644829273062  0.000013845835109 -0.000000108736831
 -0.000000724630470  0.000458108790434 -0.000011639907069 -0.000058718882627
 -0.000000049845512 -0.004628711893374 -0.004697242635495  0.000889780916655
  0.000007294174995  0.000069729324943  0.000063542737234 -0.000005364014746
  0.000050953997778  0.000000027724383 -0.000033764801245  0.000047357827318
 -0.000053466645243  0.000000184851243  0.004858226522554  0.000621751318748
  0.003055556078288  0.000001731251508 -0.005357821055677 -0.004668434301847
 -0.000044023803507 -0.000348807680305 -0.000000731401089  0.000966939672838
  0.000228697652730  0.001588434688222  0.000000171093967 -0.010142181034353
  0.000437514431851 -0.004948822810446 -0.000003463028478 -0.562782870629213
 -0.463931763978900  0.001063268795454 -0.000347030514026 -0.000068987781803
 -0.015764533012792 -0.000197560556422  0.001033326789158  0.000016307774908
  0.016023772419947 -0.001301323334625 -0.004963490812819 -0.000008935754311
  0.000018305644915  0.000065413414493 -0.000104591357479  0.000060785180394
  0.000000314062021 -0.000609448038062 -0.000024435781463  0.000026845578306
 -0.000000232201333  0.001103549617011  0.000155981743528 -0.000725983234065
 -0.000000367935456  0.000160811606730 -0.001242136746260 -0.001145707374559
 -0.000049830718878  0.000380829159923  0.000431838634658  0.000049794392540
  0.000348417109205 -0.000822126831809 -0.000029398449397  0.000800709262790
 -0.001548110986561
    4 Orbital Energy   -10.247162 Occupation  1.000000
  0.005574116280963  0.004337796497527 -0.000183078206747  0.000257129267325
  0.000001804151705  0.001362115142353  0.000790134528781 -0.001103299345659
 -0.000004591793937 -0.012612483723139 -0.006098649261905  0.003435984261223
  0.000014460098682 -0.562338791757680 -0.463529692413841 -0.000010215980471
 -0.000044305632946 -0.000090425007700 -0.016931462509909 -0.000004837683026
 -0.000982439012646  0.000026109788488  0.024767694394140  0.003042404610249
  0.009433185196303 -0.000006842659913 -0.020812089040117 -0.017359729160153
  0.000426118357559  0.000011587551702 -0.000003042234927  0.000355506495861
 -0.001124873825745  0.000027711799570  0.000000339902735 -0.010154527073758
  0.005974602838740 -0.002355043545303 -0.000006885549601  0.000070592566679
  0.000062558020420 -0.000112787321679  0.000033683388640  0.000000156414829
  0.000049210554820  0.000372005805484 -0.000269722343606 -0.000000351937218
  0.003567258169571 -0.001185846141960 -0.000624505610586  0.000000498422921
  0.000000573887823  0.000012748208236 -0.000014893446556 -0.000020614088291
 -0.000000095478563 -0.000193347821218  0.000059526219997  0.000047091712027
  0.000000472317327  0.001359007002274 -0.000547000855646 -0.000757796361231
 -0.000000445987881  0.000141083749707 -0.000376642509631 -0.001313251082062
 -0.000200305845171  0.001754080273719 -0.000170925361804  0.000158616360487
 -0.000369322742502 -0.001414893695970  0.000000149523921 -0.000187345035679
  0.000040471686145
    5 Orbital Energy   -10.243169 Occupation  1.000000
  0.000438230873478  0.000335343939727 -0.000100100236895 -0.000061554706218
  0.000000202942084  0.000055699383910  0.000272149505228  0.000326876431886
 -0.000000636356763 -0.004528793285621 -0.001803799519339  0.000292306332725
  0.000003532113906 -0.020888402410343 -0.017014046887077  0.000385654638793
  0.000174077839984 -0.000004480481645 -0.001610602025574 -0.000993483181569
 -0.000595523983791  0.000003801061787  0.012022366195151  0.004545828021430
  0.005483063618215 -0.000004356099316  0.562341282712355  0.463517077061007
 -0.000076958517369  0.000042912327454  0.000089851621069  0.017006786174876
 -0.000485974666111  0.000878485280005 -0.000025418306397 -0.025601519424453
  0.007345564847371 -0.007303137806335 -0.000003892491631 -0.005549288884420
 -0.004316253810513 -0.000056983345208 -0.000309451514370 -0.000001520527872
 -0.001362037150331  0.000242516685760  0.001321497144180  0.000003449484806
  0.012921552203995 -0.004039157319316 -0.005848458647288 -0.000003490875774
 -0.000001007396841 -0.000012210473660 -0.000023250280601  0.000010247516009
  0.000000060118021  0.000180250393761  0.000077705350608 -0.000011646214583
 -0.000000323324273 -0.001261655166126 -0.000869793465491  0.000382510015706
  0.000001791128805  0.000010522478134  0.000157845025803 -0.000138364305254
 -0.000175019102895  0.000505610189247  0.001406303266600  0.000209268188030
 -0.001785756391108  0.000077278525331 -0.000141407377332  0.000365419140652
  0.001318552006589
    6 Orbital Energy    -1.108369 Occupation  1.000000
 -0.037422073712139 -0.058385393921716  0.031795865905383  0.022790952844554
  0.000408800543805  0.154690482137064  0.051707976190199  0.033246101311144
  0.000712266712717  0.006868075694667 -0.031430790286363 -0.012184690620967
  0.001131986288866 -0.016762057946399 -0.025450677150059  0.002515147837683
  0.018617491135183  0.000221583845454  0.062977335017936  0.002019399950064
  0.023883987290600  0.000353842403766  0.028117891562999  0.014304884146036
  0.028645695690641  0.000314101735120 -0.016563230931176 -0.025135532603744
 -0.010580038426676  0.015365540469516  0.000231763273632  0.062102096064044
 -0.012541246768291  0.020180324167527  0.000363891289819  0.027390953310078
 -0.025409698415546  0.019216531139077  0.000354789264908 -0.036982116603370
 -0.057694910844229 -0.038504440776250  0.006276080978485  0.000476815862827
  0.152890635046233 -0.060987022069136  0.006679998013735  0.000828188117404
  0.005875676236529  0.033272767830573  0.002742254839367  0.001015861208445
 -0.106291234070945 -0.169961164795514  0.011582378004698 -0.050965907241554
  0.001509194318446  0.487501404563671  0.020557158007375 -0.090096635767001
  0.002301410096756  0.437545012766695  0.017027345389263 -0.075327942602492
  0.003594631604973  0.009887582974428  0.005811505160048 -0.010572881703484
  0.002413692925620  0.012755045784478  0.006119589963364  0.002306396612597
  0.012643922128079  0.006061946969919  0.009558156047456  0.005583554647155
 -0.010546418637133
    7 Orbital Energy    -0.875612 Occupation  1.000000
  0.035482186906406  0.055196962173040 -0.021178000257350  0.060982933638982
 -0.000493775623767 -0.149646910086688 -0.032305912681776  0.080620971341556
 -0.000902470788501 -0.067153016058500 -0.021647209740360  0.015214158870894
 -0.001089117897893  0.076286428406146  0.119536891110352 -0.014532148277640
 -0.036683914915091 -0.001219637612179 -0.322564519474028 -0.028941786993696
 -0.055440541162957 -0.001928531242202 -0.136442494412155 -0.002824274992455
 -0.002247228278265 -0.003663342782985  0.073837419840136  0.115677453913123
  0.030883165961252 -0.024558502886497 -0.001217067581981 -0.311922348985792
  0.052969298920978 -0.034468175581856 -0.001959493754471 -0.132875508541341
  0.005612445736519 -0.001237983396090 -0.003418774902180  0.032828512648888
  0.051014534622112 -0.007341062911754  0.061994252616483 -0.000465386110335
 -0.138132495847983 -0.005901331471931  0.083968822159911 -0.000871318359210
 -0.060456259682929  0.013391834795414  0.021519242444543 -0.000992090035387
 -0.048445447924359 -0.078069196503945 -0.001188575819704  0.007562276419257
  0.000838562490659  0.231602179761987  0.000174755508628  0.003225414817689
  0.001094600120989  0.227178245105364  0.001381289515883 -0.004205538139303
  0.002685243482027 -0.013382048410904 -0.023782937395558 -0.000229810673790
 -0.036469172325462 -0.041538651832571  0.005566293896680 -0.034269999259318
 -0.039408281168345  0.005815924905822 -0.011516138323592 -0.021831410668899
 -0.000126410712193
    8 Orbital Energy    -0.796620 Occupation  1.000000
  0.072852022866427  0.115360906051281 -0.007911997480181  0.032553859838319
 -0.001186226664835 -0.323954597466620 -0.013443041854791  0.035046729077168
 -0.001888151125186 -0.187115811878472  0.002971744717961  0.025583035269737
 -0.004457661107160  0.047657362769718  0.075134203881285  0.052089759770729
 -0.031345051121258 -0.000906529166836 -0.207849820279810  0.073606459217995
 -0.041423602792233 -0.001316600084428 -0.081237652337810  0.010600016992212
  0.019373311876636 -0.003132019606625 -0.051281695311995 -0.080815811388326
  0.029076110847223  0.051671094057664  0.000868239800766  0.223228142638440
  0.041876183691159  0.070539812684183  0.001284656792089  0.087207846015988
  0.015403906310039 -0.013217822701565  0.003321300500767 -0.073296713448109
 -0.116030671227692  0.005163690443511 -0.036010131369656  0.001182253036022
  0.325874763777822 -0.000245554034908 -0.042134441561400  0.001923098920780
  0.186109968713570  0.011212035245952 -0.023296792858265  0.004276080667077
  0.000583519289121  0.000939313385183  0.061497010415164  0.013639160043655
 -0.000080942963488 -0.002727460252054  0.095421292858791  0.021353844186826
 -0.000135297683342 -0.003453834977228  0.057721076878523  0.013057407544660
 -0.000057045185460 -0.051813123457354 -0.049350280880383  0.003630463294804
 -0.034278098570494 -0.030414169479098  0.004166129415705  0.035108961770608
  0.031652705623164 -0.004987361982919  0.049442626229097  0.047219149373721
 -0.004950177061427
    9 Orbital Energy    -0.638312 Occupation  1.000000
  0.058974735267168  0.093916116188925  0.043000615537710  0.016740593512123
 -0.001193070621323 -0.266308746247856  0.067827539696179  0.018417562898252
 -0.001875410225432 -0.183618933136874  0.031000615574799  0.021054249305082
 -0.008497784691784 -0.039451655279820 -0.063024757742293  0.073904640987648
 -0.071673955369292  0.000712100873480  0.176904063136375  0.109729851798372
 -0.104879734983634  0.000661412904741  0.147957151729206  0.033781065124682
 -0.046332126705682  0.006758105261160 -0.026609619455420 -0.042663606181305
 -0.047307725705406 -0.096163300483816  0.000601009126275  0.121066186726610
 -0.071135327370051 -0.139289919077154  0.000598070679761  0.092931042804574
 -0.014739901984415 -0.059309181208661  0.004158108320543  0.053274394078083
  0.084738966890994 -0.047366406039633  0.017652453783452 -0.000948318581009
 -0.240921030380181 -0.072560458820980  0.020273158093735 -0.001594657446890
 -0.151766550948599 -0.036008179835481  0.008012576013305 -0.006733098286438
 -0.029451279341481 -0.047833322744075  0.006905327289735  0.029728080066692
  0.000479952573815  0.148507362393474  0.011996828671887  0.039909961343588
  0.000028192261584  0.144752994964831  0.005504484872340  0.037211647724344
  0.004196144562919 -0.085329670962562 -0.099045626643307 -0.012544572753299
  0.066439928098923  0.074719532585616  0.016868603619869  0.045434832988575
  0.048817888675954  0.008112527948571 -0.071869470472763 -0.081679703507634
 -0.005900206125076
   10 Orbital Energy    -0.625877 Occupation  1.000000
  0.022495117798895  0.036369335905217  0.015280381195656 -0.095181225718715
 -0.000564679080141 -0.102296167727726  0.017798806195836 -0.152891681836724
 -0.000702039586943 -0.123087698669147 -0.002974967488793 -0.026252039367830
 -0.005588571647702 -0.042993172565485 -0.068080213627918 -0.056400276853322
 -0.017464767711062  0.000843977295007  0.185960035578131 -0.080666013473208
 -0.034410900795735  0.000870896539955  0.179819429836664 -0.036142996246023
  0.003735717090621  0.009352245512672  0.051429545385298  0.081567309574295
 -0.042765425522592  0.013411795199188 -0.000890403751199 -0.224058337037247
 -0.064330103218315  0.027717545327273 -0.000911543637335 -0.208774689950068
 -0.022149934339009 -0.003841314202545 -0.010483724130121 -0.035557118364176
 -0.057181376260207 -0.016484757649173  0.090074564100379  0.000817440744337
  0.161619748968904 -0.033057100955799  0.143342020457849  0.001147017785857
  0.160748916360720 -0.004463806321959  0.019363126825760  0.007296759335558
  0.002802183279919  0.004558435249548  0.140771582634140  0.029841342891576
 -0.000185394233738 -0.014368963906477  0.215920387370798  0.046317594035573
 -0.000200544725297 -0.012453580348286  0.146013467619840  0.029610822704900
 -0.000601886997955 -0.036347555827852 -0.042917096827904 -0.010069299136732
  0.071582640067824  0.086492192039795  0.026327101132579 -0.081385336107733
 -0.096495190140623 -0.025418949452511  0.054387455242724  0.062377551943082
  0.010520905228855
   11 Orbital Energy    -0.590299 Occupation  1.000000
  0.008283028978725  0.013387697336256  0.103759014903185 -0.015353102607192
 -0.001688466054930 -0.039469371801416  0.166905507217055 -0.014951039432018
 -0.002065070952703 -0.066708300366141  0.082045209838524 -0.018795798824126
 -0.002918688949357  0.008191162178677  0.013620143801049  0.044387084458717
  0.105162299856402 -0.001506016785846 -0.039893224420236  0.068664099873345
  0.157568059093486 -0.001438153641803 -0.062391968978646  0.038562492883825
  0.083131226411655 -0.003244109324316  0.010734314929828  0.017679969788701
 -0.085950100190087  0.067847614865373 -0.001380886554960 -0.051289105835329
 -0.130399587846075  0.101514375551208 -0.001326809920415 -0.075938211328745
 -0.066669453766438  0.057740577537159 -0.003185153737175  0.009810409995695
  0.015845391479805 -0.082040201679930 -0.051412830457501 -0.001457066603030
 -0.046924461093774 -0.136816445147949 -0.075567546077697 -0.001805388864459
 -0.074197889948617 -0.062338963301227 -0.048528540059500 -0.002483517682681
  0.017824441279508  0.028906312125345  0.017789978831080 -0.075084380545662
 -0.002502294482191 -0.086577402600748  0.025374269257377 -0.107102062745264
 -0.003801887928487 -0.104428813981485  0.019717540736216 -0.080955788645715
 -0.003016213037572 -0.080554495293313 -0.073148649420784 -0.019606283516716
 -0.091246201554616 -0.094350875206637 -0.035459744453215 -0.089004975906610
 -0.089660769780596 -0.029641171357311 -0.074938471471998 -0.064034372972011
 -0.013191281708573
   12 Orbital Energy    -0.488837 Occupation  1.000000
  0.017521034832038  0.027610896417644  0.034806984633149  0.091355953067016
 -0.000479038654955 -0.079885368026266  0.066904883546382  0.144946829722980
 -0.000668194312639 -0.055278590876020  0.025370393660272  0.055519310037395
 -0.004279235690899 -0.014800177436944 -0.023550338355683  0.002662973909592
 -0.104917607677873  0.000485316448405  0.063344326114141 -0.011655627912181
 -0.160971359283860 -0.000119486491548  0.100336407156965  0.021273595304296
 -0.079246638765467  0.007540592906179  0.016746190534843  0.026724893430186
 -0.033487231740472  0.101630636393574 -0.000836848243555 -0.072984254788090
 -0.065504748756581  0.147924513275930 -0.000461790221242 -0.106658565625652
 -0.009449425890071  0.091318205514081 -0.007930132648692 -0.019317187934609
 -0.030549771068834  0.067446358500262 -0.070552297106906 -0.000093761779883
  0.089074969103468  0.116867593686996 -0.106385589616730 -0.000170979105226
  0.053945341714683  0.044521270648089 -0.037539607804231  0.003638023531361
  0.001045460763172  0.001700010510581 -0.149176492221564 -0.040458025179904
 -0.000382353491725 -0.005255579429003 -0.224187754635333 -0.060501297531048
 -0.000532417415872 -0.005736128618214 -0.181807446429311 -0.049732834697386
 -0.000580854254082 -0.050471318445366 -0.068704541804853 -0.021790465684625
  0.110816554038858  0.154481555797972  0.077248152225547 -0.107450665475479
 -0.145800126335478 -0.066842183844880  0.046394189745891  0.062489345685778
  0.015323610443567
   13 Orbital Energy    -0.478013 Occupation  1.000000
 -0.006644025351611 -0.011131957859233  0.148871892481687 -0.038277121143433
 -0.000478991248548  0.040151338767090  0.228225297083454 -0.045438126383838
  0.000936037165273  0.002840576540695  0.109571411065137 -0.010119449642922
 -0.004249907690757 -0.012988585039935 -0.021026904346219 -0.022415915158351
  0.091576286340461  0.000251628392171  0.062971864250023 -0.025143483283081
  0.131540647447196  0.001426274519020  0.072833606098630  0.004844775740776
  0.062919067801826 -0.000955951442143  0.012779389511981  0.020652294556618
  0.040113586951385 -0.085256590147554  0.000850037795962 -0.062036155802694
  0.066167525576859 -0.119496956300841  0.000223409159483 -0.065835760605717
  0.050995978441349 -0.051999728005902  0.002229369208998  0.005420585960915
  0.009131059866752  0.120368207718511  0.091866051623790  0.001579736510857
 -0.034006573049999  0.191557493548606  0.129616042050050  0.000866989041297
  0.008662665325370  0.096437556049799  0.056842554887990  0.005450552957129
 -0.001091912745437 -0.001780682037685 -0.077583972430440 -0.012935103487674
  0.001549709226196  0.005498245082329 -0.115707969725722 -0.019924070287094
  0.002231807853819  0.005935527126688 -0.085559747651688 -0.012770070990891
  0.002124728303103 -0.120180367979831 -0.165321111177860 -0.062565121830329
 -0.049840002994797 -0.072072759917031 -0.042433797203971  0.058218253634765
  0.079829112624948  0.042852779531184  0.116762309646665  0.153610573971069
  0.049858200484539
   14 Orbital Energy    -0.473312 Occupation  1.000000
  0.001197762817646  0.002173140012813 -0.000732393297020  0.000216913422307
  0.101886357765479 -0.011035308720432 -0.003892189002850  0.000083807288329
  0.159337623979851  0.013080540909282  0.011646100444725  0.004751809867006
  0.122095412697128  0.000563727035969  0.001029035044753  0.004647687628868
  0.002116205828366  0.079391766135967 -0.005272070177785  0.006875300293377
  0.001760218860256  0.123125759016588  0.000219986924492  0.000157668161959
 -0.004024409303893  0.085210580474526  0.000565717675118  0.001024081015421
 -0.005607376736648  0.001663553541108  0.077103655469114 -0.005074082673030
 -0.007843750746201  0.001210213804963  0.119934798193830 -0.000569060306569
  0.001547790368406 -0.002054041867142  0.080905703089448  0.000955272019247
  0.001773072341442 -0.000161642635359 -0.000985872482668  0.098352479164619
 -0.009603375891908  0.002305780894823 -0.000369046474282  0.154459410259786
  0.012944168022325 -0.012843063078047 -0.001678345275256  0.114922528277812
  0.000653676352560  0.001027320272730 -0.001077218937324  0.005510654462216
  0.199089257152307 -0.002272453219135 -0.001540736802890  0.007860132219954
  0.286917645704084 -0.018414493214760 -0.002927592792831  0.013840004169774
  0.266805617480488  0.000078694659583 -0.002101796191767  0.007693598376130
 -0.003406248199272 -0.010502042129693 -0.001046725057291 -0.004874253987758
 -0.012297921632437 -0.002067202457776 -0.000941593125185 -0.003210999712160
  0.006698165300576
   15 Orbital Energy    -0.447273 Occupation  1.000000
 -0.002935720858116 -0.004318232212455 -0.066879952192167  0.054866269119258
 -0.002313065171156  0.008878209876033 -0.107379968958448  0.085815184020618
 -0.004415717929425  0.039734954808493 -0.058314978653336  0.055315100237068
  0.000049244008436 -0.007662215098656 -0.012657658942063  0.165261967211387
  0.019022964528213 -0.002753823194451  0.041407334122783  0.250044732300080
  0.043125202185511 -0.003474625584022  0.058480280356200  0.141672423481983
  0.016110551666383 -0.004939568841516 -0.003611428951687 -0.006141388294291
 -0.157251029010265 -0.056703740649905 -0.002396774727857  0.023194923005161
 -0.244403820548134 -0.072284588248505 -0.003001909690833  0.020130654819946
 -0.121789314664513 -0.039981098081801 -0.005157890168214 -0.004556812442878
 -0.006875190639677  0.051290532747319  0.085455030873495 -0.002193666455848
  0.015570822426044  0.083836789633273  0.134295383623593 -0.004379338812449
  0.049784101330535  0.040112341618407  0.079478357779912  0.001017344283023
  0.004202163168729  0.006822064285202 -0.020572738126835  0.056872998264325
 -0.005223866936644 -0.019354064240522 -0.031344969703411  0.087906037901332
 -0.007615160421090 -0.058824280370407 -0.027074707518801  0.077996208801719
 -0.007515264064703  0.072175955666114  0.098867711651694  0.042988062900676
 -0.071290009435603 -0.104852928546981 -0.064402776968769 -0.075979071930501
 -0.109989801749770 -0.060780287567433  0.087038399071043  0.116950052226727
  0.043775789842632
   16 Orbital Energy    -0.434151 Occupation  1.000000
  0.011858649997914  0.019721742295193 -0.000680441550986 -0.098228416939642
 -0.003236565407263 -0.058827765877328 -0.015432221578650 -0.138783790850572
 -0.005612300503324 -0.084141318801947  0.002758622663159  0.010919859441168
 -0.004085361974200 -0.012196686413711 -0.020398625520538 -0.032137514423693
  0.068809951943351 -0.003405389665301  0.064899918317361 -0.046030177062732
  0.116502697895705 -0.004406576249122  0.121736177622875 -0.075353277644183
  0.040899180636938 -0.005090671197472 -0.012547465927444 -0.020987856114049
 -0.004302716982600  0.082472025563901 -0.003361027805597  0.066991563229541
 -0.015110593236236  0.134224086732163 -0.004284171338789  0.120278147183034
  0.044257735614924  0.074011592878548 -0.005187464093867  0.011038845214982
  0.018380193001612  0.039335501120870 -0.094145949847123 -0.003182681599636
 -0.054419426540611  0.067202472123394 -0.126215575232539 -0.005488494061476
 -0.079954976955928 -0.014032121218855  0.003410506858308 -0.003992300747808
 -0.035425536045998 -0.057774027651360 -0.055399399666221  0.234987861930377
  0.000279946657970  0.181950292881254 -0.079164692127638  0.336452684551067
 -0.000083279182933  0.164083823020720 -0.080132865646092  0.333068149549214
  0.003137737736758 -0.022684543263701 -0.046768875230758  0.000055722472751
 -0.034552375746994 -0.067308463846049 -0.056244929719561 -0.039285649280164
 -0.072885692122619 -0.056603935864341 -0.027366744362000 -0.051452299779950
 -0.000783099396930
   17 Orbital Energy    -0.349451 Occupation  1.000000
  0.000512101325383  0.000845664400916  0.000061241021235 -0.000896873412714
  0.040907589075433 -0.003026507011908 -0.000392343905788  0.002392074978287
  0.065440569627205 -0.014575095832787 -0.008771370877179  0.001718585175150
  0.016428756381268  0.001060963409972  0.002006989747367 -0.000130584430114
  0.001674635540736  0.139464637050456 -0.012453224726299 -0.003372572117173
  0.000912715910105  0.221129019338702  0.017935548464176  0.001534442485357
  0.013795037438496  0.218241080219254  0.001008784859569  0.001908046608537
 -0.000303016408174  0.001678938348948  0.131943628889007 -0.011778129275243
  0.003176188689745  0.002658275742311  0.210217580487110  0.016196979927049
 -0.006072245862088  0.011547127174659  0.199866054927855  0.000442053762593
  0.000714902352445  0.000456751565541 -0.000841888648083  0.032390439261254
 -0.002244982561894 -0.000584469766880  0.002165519046828  0.052293015943219
 -0.015074592179269  0.007377536136032  0.005467744363777  0.006091785585447
 -0.001391441526327 -0.002354255718814 -0.001204627645019  0.004323673617666
 -0.210568953675368  0.009085491240864 -0.001649651734516  0.005852740108764
 -0.296384947260914  0.005561613483643 -0.001628568212528  0.006337476358181
 -0.323241313139307 -0.000549246450523 -0.004029611558900 -0.001285073463893
 -0.002131347243336 -0.008938105122998  0.010680858173441 -0.002080643708507
 -0.008345022716384  0.009648455612260 -0.000477457570913 -0.003477106347451
 -0.001765829919882
   18 Orbital Energy    -0.302380 Occupation  1.000000
  0.001031329937266  0.002004551152589  0.001620723185503  0.000586900530705
  0.164563903904163 -0.013735662430096  0.000696131521076  0.001950658205476
  0.258606686648716  0.023623242586494  0.013005715833763  0.001024155776052
  0.244644316399712  0.000716475665238  0.001374898803141  0.001389794023121
  0.000157239428068  0.105620448224457 -0.009404888024298  0.004308039488959
 -0.001569211133926  0.163092671777763  0.016285419680460  0.012497695927347
  0.003656427091357  0.184684154940284 -0.000802923567675 -0.001539245246985
  0.001125310923120  0.000335899260128 -0.116522943372688  0.010421752456369
  0.002608927316376  0.003066765003607 -0.180738249982988 -0.018019733366237
  0.012704379715636  0.001380385695456 -0.203094606977540 -0.001067810135622
 -0.002065940369194  0.001389226426960  0.000116607490406 -0.166759798439709
  0.013935037998351  0.001019713902919 -0.001745140549536 -0.262905936848934
 -0.022364731927259  0.011400014575169  0.004166138790150 -0.239160938790568
  0.000017873976621  0.000030417919522  0.001855443183314  0.000395590192129
  0.002835836634669 -0.000121530043963  0.002131929681987  0.000456834720734
  0.004313692542670 -0.000098074755736  0.010858045273614  0.002471677034590
  0.003070823205134 -0.001793295616810 -0.009725367669077  0.010877114218514
 -0.001096163334599 -0.006951397096421  0.008653685249809  0.001239537632557
  0.007604888850972 -0.009170247073646  0.001830302181295  0.009495509651856
 -0.010206593905263
   19 Orbital Energy    -0.067951 Occupation  0.000000
 -0.000250176538161 -0.000658733394952 -0.003407556885396 -0.001910216468821
 -0.172710945143818  0.010966132327836 -0.006329521936238 -0.002770024565204
 -0.265125811109568 -0.072643790762506 -0.029892356315970  0.004094777419595
 -0.482566191139740  0.000506768790169  0.001040655569061  0.000310696738693
  0.002217457817529  0.104804099932391 -0.009211207468446 -0.004080023532701
  0.005033868740959  0.153071880487798  0.043841299412150  0.000892095036175
  0.028357216641205  0.346283881742117  0.000384248621824  0.000819110270436
 -0.000845092898969  0.001707386126720  0.091626196713451 -0.007813472137554
  0.002081067660725  0.006175400089560  0.134148284528711  0.035533210342992
 -0.007474733589205  0.020675695214757  0.291943896270932 -0.000218110263044
 -0.000592096171524  0.003416899632783 -0.000343007956401 -0.167326518834291
  0.010334854082629  0.006382076310978 -0.000234104868741 -0.259266721634372
 -0.066020341806682  0.020575728769914  0.014599373101903 -0.448922073058687
 -0.000987238836027 -0.001437874257277  0.001112790110595 -0.004668682559731
  0.146836538716834  0.000062752776045  0.001543756325299 -0.006448284641308
  0.193322070575176  0.049441101729870  0.004624716788773 -0.021824644945305
  0.316727069614845  0.002961314306410  0.019950432964691 -0.025079295683745
 -0.002261426222209 -0.014552253148234  0.029149612134473 -0.002098251983051
 -0.013124035529858  0.021983325345470  0.002877518422890  0.018672467394869
 -0.020937410850728
   20 Orbital Energy    -0.021711 Occupation  0.000000
 -0.007613975486847 -0.012730975012761  0.051141118634276  0.030053544780190
 -0.002970629191414  0.041716798218917  0.081559853554091  0.052267558459749
 -0.008279580409054 -0.192169411288805 -0.003252042573715  0.140755072436067
 -0.003664113502315  0.032639836110120  0.052836914575940  0.034875305678503
  0.085476180792353 -0.001352752747564 -0.135763464952249  0.023420419054992
  0.101980675471170 -0.014067588494389 -0.865550852224286  0.317477320000195
  0.711547720231747  0.023191945769069  0.022232812297757  0.035837236655888
 -0.050851858170597  0.038211002386500 -0.003954379882560 -0.087700994916709
 -0.047671416590950  0.061632029826104 -0.014241778551513 -0.789670637581913
 -0.286063492160144  0.179362861546370  0.001118649113806 -0.006465822317773
 -0.010541474199810 -0.045746518721802  0.014847575814678  0.000223499265353
  0.030624164991125 -0.077223616254832  0.020059223299499 -0.002259688743783
  0.056351173215449 -0.078756561786285  0.099035130289340  0.006183598895259
  0.019340736030250  0.031706897242330 -0.014280978581200  0.074401069372647
 -0.000344974653130 -0.096238796937292 -0.019638715529496  0.106471731026868
 -0.001578542497976 -0.277338230133191 -0.045720651564699  0.183966280222108
  0.001550569440468 -0.000858209899977 -0.036077953231555  0.161943921855684
  0.032614379783964  0.104772538525441  1.553922306667114  0.030342212730552
  0.068948749785589  0.962420733568602 -0.000579290393756 -0.025350837524163
  0.070541321732849
   21 Orbital Energy     0.004021 Occupation  0.000000
  0.000873892637369  0.001173418538796 -0.000557384943000 -0.004699295692548
 -0.119028730679912  0.004309920268282 -0.003588024641725 -0.000843145791477
 -0.175822728221370 -0.160376650452482 -0.048009471064323 -0.011694652285930
 -0.470525814769006  0.002814815754909  0.004881215432247  0.001834433800276
  0.007947394286011  0.172583153890922 -0.024266601939531  0.004887384744257
  0.009692188007702  0.244658115607620  0.100447487137067  0.046468268054734
  0.139392290427906  0.733341757239355 -0.004603412926773 -0.007854756987382
  0.006860850920694 -0.008656154745148 -0.180290227550848  0.033407955171458
  0.008601264989769 -0.012130721655229 -0.257093481394588 -0.064599398291048
  0.123449662251480 -0.118055751162927 -0.753942844948388  0.001354828761682
  0.002467289012900  0.002932383785049  0.000211974108366  0.130724705114502
 -0.014801522682230  0.005812255302555 -0.006598313873861  0.195014786854282
  0.129944843235371 -0.035215566257527 -0.034819897981566  0.498219967183283
 -0.001452951035719 -0.002369283393890 -0.002715007698601 -0.005199045513847
 -0.004057024237350  0.006913732741104 -0.002722639087434 -0.007230771649052
 -0.005329821558582  0.024683493027592 -0.023619936350949 -0.017929419477500
 -0.008585486390515  0.002604360931607  0.014256385671943  0.001015642658718
 -0.003239871567461 -0.017622523839435  0.164807940265523  0.000316817918681
  0.008318410383867 -0.223935311175975 -0.000448939046572 -0.007339433883048
  0.018084071707548
   22 Orbital Energy     0.013871 Occupation  0.000000
 -0.040760907061880 -0.066126700813463 -0.028682592028233  0.089915954853624
 -0.010866836671324  0.176440170750826 -0.020794723471862  0.130414242039083
 -0.010803106931428  1.165009367887476 -0.162440855457992  0.421746489334722
 -0.050447290777602 -0.011788020795574 -0.018386140380878 -0.018302883447685
 -0.063865221590461  0.016914404052899  0.034391411506951 -0.048525728923051
 -0.056390753776960  0.030993972097277  0.417161556362431 -0.144972652098154
 -0.615603755104884  0.050467261286106  0.022918431908536  0.038238694492993
 -0.010934854412507  0.031169928058100 -0.014522051305465 -0.118965852095267
  0.012750894511356  0.046862453213149 -0.026576300808150 -0.213772070657362
 -0.394036483949704  0.427257607942116 -0.041896501926465 -0.033399066741574
 -0.054765448820118 -0.069019613653670  0.040269805325604  0.006873212102473
  0.154091822148000 -0.113838025235315  0.070340743222199  0.008737058965870
  0.274575487389803 -0.136825229985912  0.309965404045996  0.031811377212805
  0.035342865993418  0.057461741029115 -0.014692150585708  0.094881037486663
  0.000662508907406 -0.163830253596889 -0.025919220302515  0.137879238004191
 -0.001995840746285 -0.640410922344617 -0.008782268309660  0.272459857438482
  0.009423753179985 -0.046677250916257 -0.131922343060761 -0.942570626668938
  0.015856067423716  0.025675630401360 -0.956265773660143  0.025989666143834
  0.127238817999541  0.865589692217517 -0.043983510575158 -0.137756359264091
 -0.264032671961380
   23 Orbital Energy     0.021074 Occupation  0.000000
 -0.034499285362811 -0.056988304966248  0.027857971792586  0.052368630445879
  0.006441535204881  0.166860133165169  0.048896886775118  0.094912079452432
  0.009840955594757  0.166935024375269 -0.211598290458097  0.292607693773009
  0.025374975831778  0.024022343788349  0.040247131561709  0.001262473149739
  0.034608134506210 -0.013172221606637 -0.130015815320744 -0.010829089461692
  0.028824548626971 -0.024412878279886  0.050188397266375  0.301209180195994
  0.796407728095207 -0.034405873360321 -0.028329710512129 -0.046048084590110
  0.067738691281899 -0.066481327366590  0.016789836336021  0.122043187517984
  0.089427366956271 -0.057449038072957  0.035386205731962  0.501894043761826
  0.818260200501419 -0.728245830838298  0.035073628251519 -0.019826702606273
 -0.031820385722823  0.008843609348112  0.065768198184852 -0.009909680632858
  0.079537854797463  0.011500236343574  0.084896952632882 -0.010640481799780
  0.917663700844124 -0.144397770099319  0.207534346330749 -0.042233843151770
  0.022824638879264  0.037084717693283  0.012459548575255  0.061143570406435
  0.000893174876284 -0.105299751792414  0.019282853551273  0.090543654070984
 -0.000743035200408 -0.421128797726380 -0.016260698533523  0.159686808123881
  0.007501806079300 -0.037165065821629 -0.136449225645323 -0.442175781116875
  0.019460615905496  0.137878791433960  1.042660484800056 -0.003931847822852
 -0.071143084559502 -1.633112835494438 -0.033733966878569 -0.073820664839439
 -0.548283515606546
   24 Orbital Energy     0.051148 Occupation  0.000000
  0.041402695405348  0.068534888065790  0.042826292826815 -0.038375518711129
 -0.004364235140834 -0.204463203411161  0.023216019082887 -0.068165837485779
 -0.017249409452040 -0.934005142708172  0.602036906684585  0.000062255746046
  0.014049674558397 -0.006576771931616 -0.011374562002355 -0.057930646144368
 -0.002921002527477  0.002019473662454  0.047463180900168 -0.097871173245186
  0.000402168410096  0.004478672586454 -0.375362828251202 -0.815165530493255
 -0.350073460528151 -0.001367538911879  0.005009352382768  0.009565756098710
 -0.020387149185265 -0.033254490731405  0.000680018468141 -0.060711533223916
 -0.047853068498847 -0.040095170440965  0.002464998347923  0.757002470084784
 -0.618090965716603 -0.105688113442299  0.002516961231380 -0.051407457410867
 -0.084913026912030 -0.054480676820893  0.089032860567593 -0.001211380962338
  0.250741150217564 -0.126380035061634  0.143404762377051  0.003050970126066
  0.932191982618677  0.070952589993407  0.446865845863768 -0.012531377365286
  0.015246183126564  0.024677237736732 -0.162385868574748 -0.004715841628725
  0.000901210742518 -0.067109167959605 -0.219097625550000 -0.005113284351075
  0.000145505044550 -0.337080194618738 -0.433631606100246  0.027877064098895
  0.003644387735024  0.000676666842422  0.020381039603123  1.229863256127888
 -0.010111576902041 -0.095721822149209 -0.614156196783276  0.034135109405236
  0.166830430395279  0.182805155376699 -0.025750408185531 -0.097685886224937
 -0.848818202717825
   25 Orbital Energy     0.069837 Occupation  0.000000
 -0.006155609465071 -0.010017253743554  0.139869991623259  0.109541374484257
 -0.010549028392534  0.029416092886938  0.210175011085759  0.195336708789859
 -0.029185151351245 -0.146175538938987  0.956083316105167  0.537599446890447
  0.009060416096803 -0.016271871062922 -0.025898466534208  0.019176554079022
 -0.025338642117583  0.005671450797572  0.040442247444759  0.063058495399025
  0.003566242570274  0.013442658173552  0.913152076111690  0.109396491210562
 -0.325188917951276  0.001899668933748  0.007295299189768  0.012556871542982
  0.075570641410130  0.023775021004897  0.000007483023844 -0.039802080857214
  0.116583407150968  0.044858867214217  0.002480710108728  0.104367704023499
  0.684333948570715  0.344116556253441 -0.010076723608379  0.024602577328833
  0.040645390111126 -0.010931056551795 -0.012332590033321 -0.003305037152835
 -0.119864171418327 -0.003317086338522  0.000453650591987 -0.012835910260042
 -0.878006006268362 -0.215308739805596  0.129091928754919  0.013127208032546
  0.024858399757039  0.039979020705369  0.107982293977607  0.069644552491128
  0.001209941576782 -0.101780759196133  0.146435798544989  0.091478278520578
  0.000073883831679 -0.648516599050299  0.312196200850194  0.304094791992736
  0.002575649052144  0.001585568682983  0.041524849908967  1.300090907307000
  0.041697611974859  0.142203720456676 -0.656791854604462  0.015500699212754
  0.046239684215931 -0.415100645689084 -0.011214837196856 -0.049665896053329
  0.564833275125108
   26 Orbital Energy     0.083022 Occupation  0.000000
  0.008912183555003  0.014671206554780 -0.047254452923244 -0.017600877946688
  0.000775143913872 -0.043735454517573 -0.079821331882682 -0.016410601469291
  0.001283422895778 -0.498290493637632 -0.396423080283322  0.106917525834072
  0.002801525437252  0.018005862588910  0.030408153009530 -0.070077156403276
 -0.004316651431897 -0.001616763157710 -0.090243690973493 -0.116110547867505
 -0.013560835052107 -0.001873346648496 -0.035963947228943 -0.598109932413578
  0.265927378712096 -0.005887387927489 -0.024906752883352 -0.040712019567942
 -0.023401110152194 -0.030107747099647  0.005331856557515  0.091462808041243
 -0.088277544857445 -0.032578859108383  0.012422562871254  0.794670560440217
  0.089278132964459 -0.411461999024472  0.000366260659022  0.010264066675664
  0.017412848089591 -0.171955515287465  0.006697575277443 -0.009646642203753
 -0.056435796709252 -0.264821358122228  0.030150453272492 -0.029831588373705
 -0.376611262484525 -1.173708424515712 -0.138559985756583  0.017731879385086
  0.014907896713710  0.023999111965495 -0.100339822250159 -0.000122696881338
  0.000861382798107 -0.061287798728122 -0.135074710005750 -0.002737119097216
  0.000293902513794 -0.396651522619950 -0.355222800473507  0.054098507738342
  0.001395582050726 -0.018355860057885 -0.095763757034065 -0.337859000905994
  0.011364373574824  0.060406955702070  0.010219606560064  0.025973670482831
  0.062649544425392 -0.696096012761143  0.019993689614977  0.118473499541620
  1.660262355407206
   27 Orbital Energy     0.208688 Occupation  0.000000
 -0.017471840527319 -0.027543399652427  0.036839404159440 -0.055585778844548
 -0.007118413341729 -0.006922569825773  0.029154481954470 -0.137468848058568
 -0.025021402780225  2.263478967763127  0.916312444396262 -0.892767617928061
  0.018373129901076  0.022056316912738  0.038907551857769 -0.025619939333985
 -0.065644544981115 -0.006024675788644 -0.146971563799792 -0.149507641719676
 -0.169711354972596 -0.027278858579418 -1.699193230172769  0.763728368501740
 -1.473813975983980  0.023266580761237  0.019526068153421  0.034572385481822
  0.049162817434096 -0.042870095752184 -0.005597190973372 -0.132413786728663
  0.199068271126484 -0.074634430051024 -0.025452221768619 -1.516174375882425
 -0.040809019331607 -1.541545346727143  0.020760512329883 -0.014887697398786
 -0.023496211490536 -0.013302039675616 -0.070296892584951 -0.006622488542697
 -0.009060103156017  0.020595285507198 -0.149298230877607 -0.023396096560920
  2.046054467587481 -0.426319889103693 -1.091884405704831  0.018523529709507
  0.007800140143604  0.011728983130517 -0.003693883200980  0.020044745094372
 -0.001373376746286 -0.009934757623033  0.002371799532996 -0.001372365607277
 -0.003391548515436 -0.460438611783906 -0.072390488080558  0.303425999742165
 -0.002482875867824 -0.038951934040594 -0.292225665662598  0.629748064012544
 -0.060643990531486 -0.564313684550844 -0.247257062710715 -0.060964488403303
 -0.541307652144052 -0.254168984943590 -0.032432401999985 -0.245122192188450
  0.629201686923225
   28 Orbital Energy     0.241552 Occupation  0.000000
 -0.001799190596676 -0.006098759516211  0.043239249167947 -0.103953372403635
  0.012440642216638  0.117603929612648  0.189467404120796 -0.246489555582006
  0.046722485834706  0.439982875504831 -0.060701623985478 -0.698114742286995
 -0.049152694934594 -0.008843509450256 -0.018326101554884  0.048025320686444
  0.035824650916755  0.009834350192976  0.172129913528284  0.031541591807199
  0.201096217042376  0.043789964618508  0.054553860929873  1.860112662812899
 -0.164143511925781 -0.045012147800322  0.026788426480226  0.041364470309286
  0.040681518281114  0.008876066679628  0.009829822011647  0.013397738540472
  0.019938291253363  0.101962477178937  0.035608318278326 -3.023607331071203
  1.011865657709413 -0.814964918567437 -0.025787719822736 -0.023221988503867
 -0.039210418561883 -0.052146644944008 -0.027703106262429  0.003361211482954
  0.129019159275281 -0.117704729152276 -0.102557361653485  0.015337095918441
  1.505079857642357 -0.753692043107751 -0.880365726536143 -0.014968342649592
 -0.003710297805892 -0.005942300341970 -0.080198455981377  0.029322609864482
  0.001724735568874  0.016630896571865 -0.112297872121748  0.057246545596048
  0.002292104617368  0.019115561083687 -0.281308379733092  0.012551612308843
  0.009912722626190  0.100183119751256  0.657277636440721 -0.271005387101412
  0.051774830691883  0.661689386674686 -0.073350794945529  0.067060584995666
  0.530594700284509 -0.833939661275701  0.006549087974298  0.258202609958896
  0.355283855656426
&
&hess
   1
   1  7.269670E-01
   2 -2.229884E-01  5.442220E-01
   3 -9.743778E-04  7.106312E-04  1.169462E-01
   4 -1.989536E-01  1.716242E-01  3.444769E-04  5.489449E-01
   5  1.851364E-01 -3.836079E-01 -5.480972E-04 -2.689514E-02  8.441686E-01
   6  3.605820E-04 -5.331186E-04 -5.892468E-02 -5.634093E-04  7.145796E-04
   7 -5.761786E-02  5.147520E-02  1.388357E-04 -2.061913E-01 -3.545717E-02
   8  8.675338E-03  1.411080E-02 -1.065537E-05 -1.018939E-02 -1.138971E-01
   9  9.816181E-05 -6.267387E-05  1.209374E-02  1.778019E-04 -5.198041E-06
  10 -9.451601E-02 -3.367002E-02  1.051366E-04 -1.967436E-02 -2.538442E-02
  11 -9.460440E-03 -7.311760E-03 -5.773287E-06 -6.815152E-02 -2.385489E-02
  12  1.401498E-04  3.152055E-05  1.618784E-02 -2.180366E-05 -5.758665E-06
  13 -7.393675E-02 -1.443857E-02  3.692023E-06 -1.223885E-02 -2.368984E-02
  14  2.816479E-02 -8.538290E-02 -7.434498E-05  3.991071E-03 -6.432451E-02
  15  5.214275E-05 -9.605449E-06 -5.714390E-02  3.212160E-05 -4.482317E-05
  16 -3.079207E-01  2.998692E-02  3.642888E-04 -6.289802E-03 -4.778578E-03
  17  2.636702E-02 -6.104913E-02 -5.758801E-05  2.590294E-02  5.787547E-03
  18  3.570616E-04 -6.072634E-05 -3.171329E-02  4.098310E-05  3.067557E-06
  19  1.004360E-02  1.512071E-02  2.209506E-06 -9.784904E-02 -8.812260E-02
  20 -1.457371E-02 -1.180113E-02  7.585698E-06 -8.558424E-02 -2.712006E-01
  21 -2.564769E-05 -3.333156E-05  2.621753E-04 -1.082031E-05 -1.025399E-04
  22 -4.768090E-03 -2.340933E-03  7.737691E-06 -9.238576E-03  1.883887E-02
  23 -4.390619E-03 -2.624432E-03 -2.105019E-07 -9.697311E-03  1.127426E-02
  24  6.402295E-06 -3.172485E-06  3.445783E-03  2.020819E-06 -1.334120E-05
  25 -1.400772E-04  5.078951E-03  4.510193E-06  1.144795E-03  6.834283E-04
  26  3.955579E-03 -4.965177E-03 -1.010903E-05 -1.014272E-03 -4.731390E-03
  27  2.471603E-06 -1.407380E-05 -5.310303E-04  4.389770E-06 -8.576730E-06
   6
   6  1.301769E-01
   7  1.463308E-04  5.855677E-01
   8 -3.944807E-05 -1.009754E-01  8.076690E-01
   9 -6.206885E-02 -6.706553E-04  7.530856E-04  1.301681E-01
  10  1.854144E-05 -9.344887E-02 -4.168044E-02  6.541885E-06  5.137683E-01
  11  5.359557E-05 -2.817794E-02 -4.891933E-01 -3.590173E-04  2.079493E-01
  12  1.210041E-02  1.685860E-05 -3.424886E-04 -5.890893E-02 -3.254283E-04
  13 -1.631097E-06 -3.032793E-02  4.049862E-02  8.768133E-05 -7.071224E-02
  14 -7.216261E-05  1.281499E-02 -4.625726E-02 -6.535101E-05 -2.091764E-02
  15  6.718333E-03  6.017941E-05 -1.097750E-04  6.719481E-03 -6.559613E-06
  16  9.722492E-06 -1.454366E-04  1.584549E-03  9.201812E-06  2.504787E-03
  17 -3.237596E-05  3.279834E-03 -3.443475E-03 -1.371159E-05 -2.654713E-04
  18  5.869441E-03  1.116409E-05 -1.108137E-05  6.123449E-03 -3.477301E-06
  19 -1.166748E-05 -1.582385E-03 -2.519012E-02 -2.296151E-05 -7.014649E-03
  20 -1.065626E-04  3.337168E-03  3.611409E-03 -3.373168E-07  2.225267E-03
  21 -3.908849E-02  4.626847E-06  3.531783E-05 -6.434109E-04  1.585435E-05
  22  2.923649E-05 -2.009568E-01  1.228957E-01  3.180742E-04  5.970406E-03
  23  2.341257E-05  1.203509E-01 -1.681304E-01 -2.678440E-04  2.336903E-02
  24 -6.428806E-04  3.146488E-04 -2.705640E-04 -3.908907E-02  1.440002E-05
  25  6.285956E-06  4.467068E-03  4.121407E-03  4.057847E-06 -2.369746E-01
  26 -7.508356E-06 -2.655184E-02 -4.972050E-03  2.110255E-05 -1.133337E-01
  27  6.123060E-03 -1.949822E-05 -1.439789E-05  5.865561E-03  1.473521E-04
  11
  11  7.573917E-01
  12  3.421297E-04  1.169118E-01
  13  2.168898E-02  4.172596E-05  1.986711E-01
  14 -8.858242E-02 -1.303653E-05 -1.952359E-02  2.776654E-01
  15 -6.339921E-05 -5.713167E-02 -1.532658E-04  2.310480E-04  9.919842E-02
  16 -1.379587E-03 -5.637934E-06 -3.299390E-03  4.123962E-03 -7.761638E-07
  17 -7.608923E-03 -7.151540E-06 -2.435554E-02  3.953755E-03  3.897659E-05
  18 -5.199008E-06 -5.314491E-04 -2.329182E-05  6.074759E-06 -6.238465E-03
  19  1.654781E-04  1.387513E-05  7.167171E-04  5.454680E-03  1.565974E-05
  20 -3.763977E-04 -6.896385E-06  6.752224E-04 -1.227736E-03 -1.088029E-05
  21 -4.528258E-06  3.445347E-03  9.281355E-06 -1.489191E-05  8.046880E-03
  22 -6.337790E-03 -1.344635E-05  2.773208E-03 -3.472626E-03  2.707723E-06
  23 -7.732255E-03 -3.725464E-05  1.298164E-03 -3.284002E-03 -1.365784E-05
  24 -2.326644E-07  2.627927E-04  9.158544E-06 -6.325640E-06  8.046445E-03
  25 -1.169563E-01  1.556434E-04 -9.904264E-03 -1.098032E-02 -5.410568E-06
  26 -1.319173E-01  5.048657E-05  1.750000E-02  1.056270E-02 -6.535277E-06
  27  4.810142E-05 -3.171242E-02  2.197968E-05  3.212729E-05 -6.242078E-03
  16
  16  3.152224E-01
  17 -3.028229E-02  5.964929E-02
  18 -3.852334E-04  5.712738E-05  2.657270E-02
  19  1.666880E-04 -6.099918E-04 -4.886643E-06  9.443526E-02
  20  8.044209E-04  3.584491E-04  2.413700E-06  9.372853E-02  2.796953E-01
  21 -3.138372E-06  4.172370E-06 -3.048177E-03  3.420266E-05  1.110815E-04
  22 -3.320591E-04  1.193728E-03  2.027382E-06  5.638558E-04 -5.978055E-04
  23 -1.492836E-04  7.051141E-04  4.094821E-07  8.016091E-04  1.492813E-04
  24  8.182049E-07 -1.371931E-06  4.338488E-04 -1.078744E-06  1.659507E-06
  25 -1.829738E-04 -8.975424E-04  2.563854E-06  2.859930E-04 -5.760999E-05
  26  2.010629E-04  1.225053E-03 -1.617970E-06 -1.400934E-03  8.659632E-05
  27  3.381051E-06  4.941164E-07  2.297660E-03 -8.752826E-07 -2.531195E-07
  21
  21  3.145929E-02
  22 -2.042396E-06  2.053446E-01
  23 -6.963220E-08 -1.305248E-01  1.688138E-01
  24 -8.080895E-04 -3.580831E-04  2.904132E-04  3.146425E-02
  25  1.350910E-07  2.807541E-04 -8.426319E-04 -4.673409E-06  2.409228E-01
  26  1.543051E-06  5.712355E-04  2.433518E-04  2.470949E-06  1.198825E-01
  27  4.342928E-04 -3.609886E-06  4.153515E-06 -3.047728E-03 -1.430870E-04
  26
  26  1.338936E-01
  27 -4.363457E-05  2.658064E-02
&
