MAEFILE: furan_raman_2.01.mae
&gen 
basis=6-311g** 
rsinglet=0 
dftname=b3lyp 
ifreq=1 
iraman=1 
&
&zmat
 O1             0.8012000000             1.5523000000            0.0000000000
 C2             0.0000000000             0.9514000000            0.0000000000
 C3             1.6024000000             0.9514000000            0.0000000000
 C4             0.3005000000             0.0000000000            0.0000000000
 C5             1.3020000000             0.0000000000            0.0000000000
 H6             2.6568945073             1.1847266682            0.0000000000
 H7             2.0313140757            -0.7965556974            0.0000000000
 H8            -0.4287379403            -0.7966253991            0.0000000000
 H9            -1.0545168030             1.1846258822            0.0000000000
&
&guess  basgss=6-311g** numd=5
    1 Orbital Energy   -19.163850 Occupation  1.000000
  0.550749911881640  0.469054444283752  0.000000076537948 -0.001387939081924
  0.000023194842463  0.021848677270963 -0.000000286235950 -0.004788710355506
 -0.000007048552948  0.002893325820036 -0.000000013609906 -0.002835209404039
  0.000003741672339  0.001114438149423  0.000103040210327 -0.001217478359750
 -0.000000114714390  0.000000001533925  0.000001012942496 -0.000080261786284
  0.000360829698845  0.000120404736871  0.000232805286205  0.000000110975069
  0.001759071026591 -0.003605569396476 -0.009677677484675  0.000000636514036
 -0.005824608932791  0.000756449148237  0.003112528283368 -0.000001117790576
 -0.002861431626883  0.002208332434988  0.000653099191895 -0.004098168039891
  0.000000819225567 -0.000000028684774 -0.000080200052310  0.000360612447344
 -0.000120087147223  0.000232887908729  0.000000111353103  0.001767161168094
  0.003602934527033 -0.009685223894090  0.000000635333861 -0.005828900754760
 -0.000750131408476  0.003113903209344 -0.000001115271972 -0.002865399325279
  0.002212068111429  0.000653331213850  0.004097920882366 -0.000000818383241
 -0.000000030002199 -0.000032027446304  0.000115210111426 -0.000209224395301
 -0.000325287336490  0.000000009279626 -0.007891990467622  0.002190487879862
 -0.005524371470089 -0.000000384981436  0.005704927523411 -0.002107137265542
  0.001287878159924  0.000000329040302  0.001290161909970 -0.001384847016363
  0.000094685106393  0.001521034219768 -0.000000132372401 -0.000000345079433
 -0.000032012505857  0.000115302337370  0.000208988074923 -0.000325302784895
  0.000000009583080 -0.007894938774221 -0.002196440220978 -0.005531931850013
 -0.000000384751407  0.005702127599647  0.002108773919736  0.001286877504771
  0.000000325584150  0.001292775328541 -0.001387559190928  0.000094783862388
 -0.001522386881340  0.000000131254338 -0.000000344916940 -0.000026993080368
  0.000326497284341  0.000132084742057  0.000132039502487 -0.000419422607363
  0.000000244485579 -0.000199087705961 -0.000949420847024  0.000067817458620
  0.000256608483991 -0.000251282455014 -0.000000035798239 -0.000198987375873
 -0.000948409660065  0.000068402912243 -0.000256292815923 -0.000250964170484
 -0.000000037954018 -0.000031838557189  0.000329958777512  0.000132847274029
 -0.000133779487643 -0.000419158136001  0.000000244874828
    2 Orbital Energy   -10.126089 Occupation  1.000000
  0.000842015284081  0.000824089504175 -0.000007270951627  0.000963730071850
 -0.000000076975064 -0.001750178421233 -0.000001874679813 -0.002330467539847
 -0.000000594320225  0.022353015072544  0.000004442740381 -0.006675326279771
  0.000002026546151  0.000364807784647  0.000560629319533 -0.000925437104180
  0.000001983372893 -0.000000003731753  0.000000474339042 -0.390381111410286
 -0.321357854153411 -0.002641292604801 -0.000035479624133 -0.000026724034263
 -0.034133368242361 -0.007065276476049  0.012535594777551  0.000005800485954
 -0.016423184906966 -0.008024521942413  0.003720743612877 -0.000005200782809
  0.001288636053914 -0.005037211879891  0.003748575825977  0.001898696679199
  0.000000003141327 -0.000001025785497 -0.398519589999984 -0.328047553521766
  0.002691012425249 -0.000037530478246 -0.000027291610702 -0.035008566898726
  0.007209667613991  0.013031320400198  0.000005958351222 -0.016345847775314
  0.007922602849658  0.003667686111690 -0.000005399593306  0.001318727457156
 -0.005181582548068  0.003862855090912 -0.001986722533589 -0.000000031477516
 -0.000001044817729 -0.041033877605031 -0.034857289067707  0.000012023677498
 -0.000658045790279 -0.000002876043615  0.014875754364127 -0.004021134686375
  0.015017883487066 -0.000001570464743  0.016068429020250  0.002609026570856
  0.004831906294134  0.000002687466395 -0.002028789654292  0.003997275323556
 -0.001968485669264 -0.002498479165315  0.000000269745572 -0.000000380141740
 -0.041748650210184 -0.035455126005703 -0.000020603238113 -0.000671891970263
 -0.000002925434180  0.014924576977844  0.004620889245440  0.015560227292094
 -0.000001689113145  0.016129142156243 -0.002662604760634  0.004772923531517
  0.000002881464168 -0.002229864669769  0.004208924720940 -0.001979060051171
  0.002558928301678 -0.000000158482008 -0.000000438924055 -0.000247090554556
 -0.000258225512284 -0.001743533979793 -0.000638056598069 -0.000372629048777
 -0.000000165825555  0.000091092670936  0.001852522314771 -0.000593259020748
 -0.000628877000206  0.000491607397079 -0.000000005390294  0.000091334980973
  0.001844897475774 -0.000581427288589  0.000617147729485  0.000491839616025
  0.000000172621556 -0.000238979975665 -0.000325313524469 -0.001775366475894
  0.000612307639547 -0.000360984875568 -0.000000173068873
    3 Orbital Energy   -10.125921 Occupation  1.000000
  0.000008669426108  0.000008472772371  0.000701380007416  0.000009961969911
 -0.000000000079197 -0.000017827201719  0.000198045716748 -0.000024300372205
 -0.000000010367838  0.000229818571727 -0.000450734146235 -0.000068753064940
  0.000000020843969  0.000003535197306  0.000005937444088 -0.000009472641394
 -0.000167683963112 -0.000000091969459  0.000000006151312 -0.399267504143056
 -0.328188179023332 -0.002434467918291 -0.000119740168106 -0.000027808907810
 -0.042728758258561 -0.007237008409229  0.024032729272674  0.000006660775161
  0.003772046790197  0.004868122874543 -0.002634922705310 -0.000006463368171
  0.001343941911264 -0.006927948828854  0.005584006917590  0.004376147256626
  0.000000204014482 -0.000001082903212  0.391142852704647  0.321500264647273
 -0.002379666610098  0.000118349441992  0.000027253482207  0.042020205529045
 -0.007087903293584 -0.023771683845116 -0.000006543211380 -0.004109128068798
  0.005031441478964  0.002711124018357  0.000006344137414 -0.001318207597970
  0.006824137748159 -0.005505930150189  0.004335046583350  0.000000194017330
  0.000001070497222 -0.034814094803642 -0.029136028633931  0.000414630744038
 -0.000689209585462 -0.000002695392472  0.002412204358680 -0.029059291234355
  0.026490446596492 -0.000002462744530  0.003283950175752  0.002738877390593
 -0.002900825130114  0.000002472080317 -0.009777834428711  0.010330516316594
 -0.000552681887883 -0.002832897478746 -0.000001150111481 -0.000000741683225
  0.033969370199925  0.028418399491306  0.000414006613059  0.000675623866395
  0.000002634543353 -0.002108004709743 -0.028968310798486 -0.026178252010632
  0.000002454541629 -0.002953346406194  0.002684465472781  0.002999816749985
 -0.000002395996697  0.009734404184599 -0.010246716146239  0.000512311961640
 -0.002780006418211 -0.000001122840869  0.000000717703427  0.000352573584728
 -0.003248298476338 -0.001580267314525  0.001262957126158  0.000559943724431
 -0.000000025494248  0.000025807676535 -0.000335167387733  0.000581114159235
  0.000545091587002  0.000007508888174 -0.000000088490332 -0.000023960549488
  0.000373048208308 -0.000592916527193  0.000557819200687  0.000002377812526
 -0.000000069716236 -0.000358071465032  0.003243097275552  0.001543971035178
  0.001275966248842 -0.000567261295786  0.000000022182329
    4 Orbital Energy   -10.059317 Occupation  1.000000
 -0.000078302154161 -0.000070486024163 -0.000000049331245 -0.000113846036163
 -0.000000098400346  0.000713788506516  0.000000238667206 -0.000314718544206
  0.000001216293076  0.018069750182112  0.000000079283655 -0.005303622265518
 -0.000000093880226  0.000838107571300 -0.000609802285492 -0.000228305285808
  0.000000101226600  0.000000000937888 -0.000000391036812  0.042904064590894
  0.034269534912127  0.000354554370196  0.000883896055692  0.000003490241757
  0.019468466035546  0.003213199351371 -0.021962000075718 -0.000003507345090
 -0.006441153557334 -0.009131018337826  0.002854013327930  0.000002879875682
 -0.001756969429013  0.005035611498887 -0.003278642069874 -0.004203727459964
 -0.000000662913193  0.000000695080894  0.042906652718355  0.034271645843074
 -0.000354520691843  0.000883832402779  0.000003490696079  0.019471235486254
 -0.003213619149560 -0.021963319676655 -0.000003511085534 -0.006440851476671
  0.009131482149389  0.002854460184951  0.000002898471425 -0.001756113671199
  0.005034929999396 -0.003278816328196  0.004204489357502  0.000000670276362
  0.000000695215476 -0.393823527241020 -0.324357743228409 -0.001875931058142
 -0.001586151614304 -0.000034662630432 -0.036853743547642  0.007039465642572
 -0.017910192376228  0.000009676701126  0.006578665682128  0.004390964317839
  0.005232089133465 -0.000005253916730  0.001474435670949 -0.006029224966909
  0.004554789295960  0.002709373313738 -0.000000165926682  0.000001045767943
 -0.393762516037859 -0.324307554801221  0.001875751656449 -0.001586318005368
 -0.000034657654042 -0.036850652195105 -0.007040682108237 -0.017913996295619
  0.000009684759790  0.006578670252090 -0.004392269286177  0.005231656269281
 -0.000005281888306  0.001476835960441 -0.006030969238417  0.004554133277976
 -0.002705162951241  0.000000155446058  0.000001051538851  0.000233552712604
 -0.002169344880734 -0.003022752874004  0.000149621905784  0.000348552337157
  0.000000187643867 -0.000351739783729  0.003592126643198  0.001020547837275
 -0.000760975535474  0.001358305507515 -0.000000128908555 -0.000352223529263
  0.003591554518761  0.001020373672288  0.000760521182847  0.001358012066028
 -0.000000149805572  0.000233783264210 -0.002169085851376 -0.003022543253132
 -0.000149361637288  0.000348743738189  0.000000199096588
    5 Orbital Energy   -10.045691 Occupation  1.000000
  0.000000003050417  0.000000042035964 -0.000167190292016 -0.000000019015064
 -0.000000001164011 -0.000000598026254  0.000394525018304  0.000000249382016
  0.000000002895303 -0.000000975749612 -0.003339652832737  0.000000086523535
 -0.000000003076853 -0.000000006322113  0.000000036162713 -0.000000029840599
 -0.000353249956151 -0.000000408166389 -0.000000000733791  0.035688952366510
  0.028673484483152  0.000079932338046  0.000544966714065  0.000002894038277
  0.009909867685864  0.006441890554518 -0.008406443031669 -0.000005809481892
  0.004921678080842 -0.003278046270713 -0.003544100510017  0.000004552886973
  0.000481500131081  0.001342606311238 -0.001824106442319 -0.002424096398698
 -0.000001730113443  0.000002352937467 -0.035702171270069 -0.028684274088131
  0.000080279597596 -0.000545013231198 -0.000002895255546 -0.009917025200196
  0.006442487312768  0.008413120274990  0.000005812131246 -0.004922971888726
 -0.003278711364988  0.003544467872745 -0.000004546674362 -0.000479886305198
 -0.001344619076598  0.001824505381796 -0.002424895798422 -0.000001724702872
 -0.000002353650764 -0.395794332699387 -0.324511779088039 -0.000750117468735
 -0.001595191589138 -0.000036255859142 -0.056432277555358 -0.029559012576937
 -0.011501736439391  0.000018667316836  0.002795352067162  0.010348979872522
  0.000800865336683 -0.000013794697447 -0.008661739080520  0.001076576252463
  0.007585162828057 -0.001914140318262  0.000002390271125  0.000003498612139
  0.395853549207304  0.324560428448538 -0.000750333646888  0.001595703666431
  0.000036261591714  0.056441471469569 -0.029558018850384  0.011507457499341
 -0.000018670918237 -0.002793163488046  0.010349648955439 -0.000800538965852
  0.000013790706839  0.008661027996408 -0.001074701101174 -0.007586326895234
 -0.001913740621558  0.000002386126080 -0.000003497229195 -0.000107083865206
 -0.000369448664522  0.000911256383591  0.000385270769959  0.000073289389301
 -0.000000154657850  0.000409579510433 -0.001576837517607 -0.002812304223083
  0.000224333690608 -0.000536863391128 -0.000000118490180 -0.000409618234761
  0.001576617913884  0.002811877625951  0.000224304211017  0.000536708296181
  0.000000133979690  0.000106867132311  0.000369148751110 -0.000911014877726
  0.000384984455298 -0.000073376099927  0.000000144475043
    6 Orbital Energy    -1.456224 Occupation  1.000000
 -0.097828380949939 -0.156481729567844 -0.000000182103343 -0.093055824256569
  0.000492277661662  0.424230811853493  0.000000195062326 -0.136291267525154
  0.000744871137459  0.216047754235262  0.000000388126063 -0.023946086401966
  0.001159665792077  0.006206755337872  0.012917402786257 -0.019124158124129
 -0.000000153395566 -0.000000003321240 -0.000077446989264 -0.061694375230533
 -0.089279560072305  0.090571472337560  0.020268975045514  0.000227459294444
  0.189356813538808  0.070579402541218  0.002173726566285  0.000377187969863
  0.012992333246701 -0.017027823965774 -0.011102190113565  0.000306919357323
  0.020423091053500 -0.002803913736032 -0.017619177317468  0.001099777988529
  0.000159558358776  0.000047034646110 -0.061695235066119 -0.089280622472479
 -0.090572233681803  0.020267029792032  0.000227465992285  0.189355623013727
 -0.070575527054656  0.002176686835203  0.000377210887216  0.012974791915294
  0.017021667474797 -0.011093911049204  0.000306881047013  0.020424437268523
 -0.002805594217899 -0.017618843050623 -0.001099100097400 -0.000159573245045
  0.000047034313664 -0.031499042148956 -0.046175015311923  0.026008562502187
  0.040371835796926  0.000123710609585  0.071351955377862  0.022802536195252
  0.017440690883772  0.000165890537185  0.003355974935730  0.009788174587939
  0.002193877081172  0.000134477651154  0.000973707349047  0.007224546414850
 -0.008198253763897  0.016134941888583  0.000036650656466  0.000054716197785
 -0.031497221418014 -0.046172759652947 -0.026010046215439  0.040367919668735
  0.000123708256006  0.071353565438274 -0.022807079573690  0.017440679747605
  0.000165849212365  0.003353106489003 -0.009771130272893  0.002195277077045
  0.000134537620491  0.000976351338246  0.007221568980136 -0.008197920318383
 -0.016131395899393 -0.000036594995614  0.000054683441101  0.001182571623785
 -0.014197066746686 -0.001769361263146  0.006653753279088  0.003555464333101
 -0.000003471086899 -0.001380274841386 -0.009124150870873  0.001727367055399
  0.005196706935116 -0.003937975684200 -0.000013145050874 -0.001388436529652
 -0.009116410795075  0.001727085632450 -0.005197188285061 -0.003939773229198
 -0.000012967271290  0.001187288695438 -0.014202210199881 -0.001769199718635
 -0.006652675279139  0.003554268693495 -0.000003475008783
    7 Orbital Energy    -0.944744 Occupation  1.000000
  0.068879272467970  0.111646942310423  0.000008826668413 -0.033804525221416
 -0.000561082557009 -0.314900331912646  0.000013711677387 -0.043313186087059
 -0.000804662875947 -0.234322890635696  0.000002385266194 -0.025167037157683
 -0.002531790609088 -0.019412527021355  0.014767763865983  0.004644763155373
 -0.000002325708142  0.000000015118404 -0.000066961509153 -0.016591617248153
 -0.027204026416354  0.007496994589633 -0.118219503227713  0.000091231746473
  0.064506576444421  0.013178687063677 -0.128085386401073  0.000495728904347
 -0.037599577941344 -0.003955146295286  0.005768640321934 -0.000109379339359
  0.001607329705822  0.001316856540352 -0.002924186246175 -0.033281491777879
  0.000140709464066 -0.000273059653690 -0.016606254597431 -0.027226250902370
 -0.007502568673720 -0.118231888115334  0.000091337313972  0.064560687051608
 -0.013178553637119 -0.128103100325743  0.000495907038211 -0.037577307444062
  0.003957367410324  0.005765222320049 -0.000109051197467  0.001601590604160
  0.001325280099241 -0.002926870703401  0.033281797340128 -0.000140737931385
 -0.000273080768980 -0.085727138313202 -0.131850572026383  0.060875124335852
  0.061634407519919  0.000607122220560  0.249475687452436  0.057431623466557
  0.042133142186850  0.000799331679110  0.141840866734450  0.000840473819664
  0.026803530333767  0.001924338346318  0.015832661086258  0.001829998533332
 -0.017662659619590  0.012373650703107  0.000151474377163  0.000087563141470
 -0.085733258143565 -0.131860080225203 -0.060872837810815  0.061648112984666
  0.000607164960306  0.249483615810162 -0.057431318824041  0.042138129813536
  0.000799362402732  0.141846821870150 -0.000848806519560  0.026805857298428
  0.001924365853135  0.015833114366631  0.001831134588575 -0.017664248955206
 -0.012383752765012 -0.000151391116806  0.000087538414255 -0.001287512088432
 -0.000788199823749 -0.004943076561924  0.002494712699943 -0.005117168345322
 -0.000005919450219  0.016212436257859  0.006130249605556 -0.000691884795721
  0.000410606226761 -0.002945920843217  0.000051613408583  0.016220582808528
  0.006124995612005 -0.000690177459790 -0.000408254469442 -0.002943837713772
  0.000051729854033 -0.001293843952385 -0.000782909598756 -0.004942969678026
 -0.002493666870235 -0.005117882921936 -0.000005969258918
    8 Orbital Energy    -0.862290 Occupation  1.000000
 -0.000004244293624 -0.000007232115706  0.237571723592805  0.000005017000533
  0.000000075539496  0.000020478526516  0.354794705219039  0.000005250445489
  0.000000116729792  0.000025636378525  0.130746053254162 -0.000001858644588
  0.000000171821465  0.000000744610988 -0.000000588987875 -0.000000155623113
 -0.045193534770829  0.000305801015832  0.000000002164199  0.080605893581350
  0.122163922932351 -0.055768178028921 -0.062868377751002 -0.000528850643788
 -0.303235745245550 -0.039250424764723 -0.017029741143675 -0.001008138600553
 -0.103855015510225 -0.021392539979716  0.003088388691078 -0.003396188250102
  0.016514235694932 -0.029421991323815  0.012907755628883 -0.002804786091135
 -0.000135891289719 -0.000352224517557 -0.080604243980740 -0.122161675434786
 -0.055762490967475  0.062884613538521  0.000528898576852  0.303239812947011
 -0.039243046529785  0.017031024778033  0.001008134962195  0.103806560989091
 -0.021386395038796 -0.003068199766826  0.003396339265682 -0.016521753075817
  0.029429188706403 -0.012907435630586 -0.002810199979655 -0.000135873840518
  0.000352269123649  0.020160427316494  0.031315179082891  0.017834161660333
 -0.028313535967008 -0.000216835482246 -0.046876012057784 -0.022446399931341
 -0.001677310739076 -0.000354462924226 -0.053879764176264 -0.011474413954559
 -0.017233704926748  0.000578160696743 -0.002180958624355  0.001112754491399
  0.001068204132956 -0.012774897642140  0.000099989282699 -0.000132655281567
 -0.020153291334310 -0.031304202445099  0.017831418610602  0.028305470693254
  0.000216840273358  0.046831988225765 -0.022450563979044  0.001656974422179
  0.000354462056889  0.053917765818573 -0.011464673549875  0.017246858670682
 -0.000578457192704  0.002185151515176 -0.001117759706376 -0.001067391808801
 -0.012778813466109  0.000099981001597  0.000132650671215  0.031262437887359
  0.033648650570809  0.005114013346242 -0.006637218294437 -0.000303234944945
  0.000071850644650  0.007649201476801  0.011493659453957  0.003149530075070
  0.001764823381419  0.003402881066255  0.000075632848044 -0.007650580519029
 -0.011499750008392 -0.003148183410402  0.001764689791287 -0.003404532549597
 -0.000075552890703 -0.031251688648230 -0.033644757212554 -0.005113612700811
 -0.006633426306307  0.000302013439826 -0.000071860617831
    9 Orbital Energy    -0.699537 Occupation  1.000000
  0.000005531275426  0.000009517696077  0.116502419026082 -0.000022158417560
 -0.000003021515668 -0.000029054815082  0.173685765426841 -0.000031420673503
 -0.000004467185272 -0.000016056431238  0.090699516403866 -0.000020591164739
 -0.000002728752567 -0.000002732532743  0.000004059519791 -0.000001326987048
 -0.016410659527228  0.000015742116593  0.000000417807421 -0.035592820295422
 -0.056992678629291 -0.050073648462001 -0.145909922559075  0.000649778453718
  0.102918580477007 -0.039367073426373 -0.115049580942001  0.000627361289775
  0.111505520707053  0.037014284119877 -0.035717986668014  0.000743543587839
  0.001502285336592 -0.001296002936400 -0.000206282400193 -0.009667528750185
 -0.000116777672909 -0.000457382312123  0.035597464295492  0.057000011500318
 -0.050104361132113  0.145902403182198 -0.000653490608141 -0.102928896282102
 -0.039397158464798  0.115029173339749 -0.000632193492900 -0.111576097207332
  0.037020733002341  0.035732636813214 -0.000745331053455 -0.001494314761761
  0.001289918212772  0.000204396548989 -0.009661847622623 -0.000115633203699
  0.000457230591199 -0.061868536571766 -0.096478414516435 -0.080881502136135
  0.057855376218213  0.000604793414763  0.205693497210061 -0.124652059737352
  0.065987149336534  0.000432572677092  0.075165507917720 -0.051740385292577
  0.033693266812519  0.006636478849826 -0.009385409373323  0.021124274439881
 -0.011738865066559 -0.028293198890676 -0.000286845676760  0.000098361261725
  0.061874744401677  0.096488000036198 -0.080883650654253 -0.057853912527478
 -0.000607374172540 -0.205719874727630 -0.124654675366646 -0.065987709507063
 -0.000435680239397 -0.075124964702077 -0.051740049084944 -0.033673922769023
 -0.006637597200143  0.009387514295566 -0.021124820994088  0.011737306698522
 -0.028296042631999 -0.000286550962926 -0.000098899689517 -0.034278898589170
 -0.051863848132073 -0.008961186220422  0.007313225739975  0.009480117925834
 -0.000270265720642 -0.053339259177657 -0.062549894125239 -0.006948209483146
  0.004195988781059 -0.011554639975805 -0.000199738038392  0.053326864477630
  0.062532723161263  0.006948038647809  0.004192248895346  0.011551579306234
  0.000199408836921  0.034270720737504  0.051849426176843  0.008959239555323
  0.007311454870542 -0.009478113949213  0.000269954180636
   10 Orbital Energy    -0.681494 Occupation  1.000000
  0.001154176092759  0.001854270863166 -0.000002632569607 -0.012030195977418
 -0.201082835683395 -0.005124417241239 -0.000003575916002 -0.017698304530007
 -0.297934492905590  0.004952753201087 -0.000001985882062 -0.009951173508281
 -0.167018056950962 -0.000755804045697  0.002123207632086 -0.001367403586389
  0.000000329057406 -0.000000209493203  0.030373191911291  0.001444792221704
  0.002281560875211  0.009057859637046 -0.000538103870291 -0.122248337483056
 -0.003401060814989  0.009414753134030 -0.001832100930357 -0.168255811179581
 -0.025543270319630 -0.008233939066742  0.002715183547666 -0.042598282275927
  0.002548108958571 -0.001893172680231 -0.000654936278340 -0.001221151994817
 -0.043408185822285 -0.003888359479047  0.001442718232066  0.002278191734916
 -0.009055717480679 -0.000545371947762 -0.122253505274747 -0.003394020818706
 -0.009413429157175 -0.001838686550832 -0.168262025935921 -0.025538564963416
  0.008231990797850  0.002714101490839 -0.042600116867431  0.002548129428938
 -0.001893146381248 -0.000654983047690  0.001222156587962  0.043408658173909
 -0.003886783884103  0.002519810851952  0.003924356874413  0.003996936371189
  0.005058673117966 -0.082988106718312 -0.007620652110661  0.004181982542578
  0.006196700410250 -0.101095744483227  0.003542587623387  0.003866919177613
  0.006324902616607 -0.034791227650018 -0.000421914726760  0.000951812317950
 -0.000529897591190  0.001627577503680 -0.011047444194848 -0.018237766725214
  0.002516905630194  0.003919834037327 -0.003993150999334  0.005061102376746
 -0.082989226944931 -0.007610763358412 -0.004176882292631  0.006198443715219
 -0.101093658181211  0.003544928528259 -0.003864527912988  0.006326696234683
 -0.034790486900311 -0.000421791379758  0.000952211788723 -0.000530420408965
 -0.001625888025680  0.011045736657893 -0.018237160590588 -0.005306974814460
 -0.007047864883674 -0.003929434902872  0.001472402670165  0.000490260864209
 -0.008316850597709 -0.005402010434446 -0.005195968738473 -0.001081715713996
  0.000884747994051 -0.000916176975758 -0.005012818894693 -0.005404490487976
 -0.005199628200756 -0.001082185459271 -0.000884991134552 -0.000916913782957
 -0.005013031718001 -0.005309023755236 -0.007050928630066 -0.003930032318061
 -0.001472890527598  0.000490597606169 -0.008317026003212
   11 Orbital Energy    -0.653832 Occupation  1.000000
 -0.019674748734915 -0.031837938643508  0.000010997117882  0.138675064427678
 -0.017785184962845  0.089159785892783  0.000012169771599  0.196274852636311
 -0.026093391799023  0.142719867232275  0.000006901643235  0.096193792550007
 -0.014775817543715  0.013552543399360 -0.021952597108136  0.008400053708776
 -0.000000826423570 -0.000000013031500  0.002823005890753 -0.020510532537754
 -0.032656519648740 -0.103402108906415  0.010032168780743 -0.010305929642298
  0.073506423520125 -0.113729289659513  0.014872696622724 -0.015225342284729
  0.066231774440824 -0.031216462894923  0.009367126390289 -0.001614938326549
 -0.028502960702669  0.023676861515530  0.004826099187139  0.011671471213030
 -0.004429207127799 -0.000346045274825 -0.020499271717763 -0.032638391048829
  0.103394796713578  0.010066007250668 -0.010306548295341  0.073463701531258
  0.113721334630743  0.014910444540638 -0.015226160828986  0.066219337498384
  0.031223316036088  0.009371487898063 -0.001615877387588 -0.028501374497612
  0.023674504089037  0.004826870408574 -0.011678077815151  0.004429331075150
 -0.000345779139045 -0.035183340801216 -0.055554223737847 -0.045087909279832
 -0.065342350785006 -0.006474724780069  0.123812225230315 -0.044355928977023
 -0.069769856859943 -0.008435581148121  0.096507975090400 -0.011185710853652
 -0.017815526701164 -0.000708779425377  0.006795512786991 -0.010441097959514
  0.003645585172523 -0.020715518347909 -0.001094885818204 -0.001809497776183
 -0.035171506506960 -0.055535705340601  0.045072641689586 -0.065349850179004
 -0.006474954346415  0.123766911118261  0.044344985082692 -0.069772342441922
 -0.008435361072092  0.096503238589671  0.011163142403562 -0.017846261104473
 -0.000709617348014  0.006791440798502 -0.010439065658093  0.003647624859591
  0.020712361126146  0.001094538851235 -0.001809327164632  0.065223054219487
  0.087081554164697  0.009712112574330 -0.019064779577501 -0.006829515460460
 -0.000285266855252  0.069272246175920  0.097259924830913  0.016766126241892
 -0.013884960747230  0.014674481703003  0.000127725447284  0.069280657533878
  0.097281312187646  0.016770499952473  0.013885798263360  0.014678076546462
  0.000127490818514  0.065235701161557  0.087093932996223  0.009715093227819
  0.019066497015087 -0.006829058666578 -0.000285174605571
   12 Orbital Energy    -0.603341 Occupation  1.000000
 -0.018553104171882 -0.030491964605079 -0.000003270364983  0.027988054274988
  0.000520495169576  0.096330573728672 -0.000000315332469  0.039545040506944
  0.000243048345127  0.101597466017759  0.000000837226390  0.030826890604648
  0.004314932977299  0.006961742909440 -0.004764987943283 -0.002196754966156
 -0.000000830944244  0.000000001542636 -0.000040029529557  0.047590656096876
  0.075084350331206  0.039079468549244  0.078681208940553  0.000058387759864
 -0.162400011659184  0.052839323112499  0.062970995186089 -0.000401294235469
 -0.132680751089120  0.004721567024323  0.035274933439119 -0.005464359058402
 -0.002528189396526 -0.005116275326317  0.007644464722843 -0.001469144328878
  0.000124718188817 -0.000020018919874  0.047591075787097  0.075084862398350
 -0.039094374126243  0.078673114254004  0.000058408261562 -0.162386799352978
 -0.052851903282361  0.062942401553911 -0.000401248001391 -0.132685666486710
 -0.004732967473808  0.035274519996450 -0.005464742301930 -0.002529878586920
 -0.005114452613837  0.007644331200756  0.001477702357138 -0.000124730371380
 -0.000020093095205 -0.034629480310073 -0.054299194044469  0.160159498949770
 -0.128823216459763  0.000832149931277  0.108869752466974  0.163836475739391
 -0.151148309055090  0.000898364107032  0.099106675805604  0.074156748166458
 -0.039747427205075  0.004250280218181  0.023691371135017 -0.018934943766775
 -0.004756427368242  0.001576818473204  0.000491608586563 -0.000332685728125
 -0.034628567793308 -0.054297884012410 -0.160159405213979 -0.128822098803301
  0.000832151526199  0.108864677694619 -0.163846602288643 -0.151161441065531
  0.000898443820587  0.099104013089316 -0.074150243976925 -0.039758588956186
  0.004250114574017  0.023697263275972 -0.018940126996579 -0.004757136279394
 -0.001577852431078 -0.000491722427682 -0.000332678171876 -0.051977416204540
 -0.062545277210328 -0.008552197738530  0.007077092786017  0.004340461793141
 -0.000247817942262  0.024755521164633  0.032434642515323  0.012174353654267
 -0.010904798339034 -0.005565516144708  0.000125004074201  0.024762124302106
  0.032455557649329  0.012177166209890  0.010908033933648 -0.005561853167833
  0.000124842064017 -0.051973199032982 -0.062543930374479 -0.008553497771786
 -0.007076063629042  0.004339748695596 -0.000247868273357
   13 Orbital Energy    -0.411504 Occupation  1.000000
 -0.000450293482082  0.000132774020869  0.000022042614139  0.191328521046459
  0.003171079846820 -0.001307572575596  0.000029100001158  0.289067215002247
  0.004647839386315  0.047118266723543 -0.000004389312631  0.183106928669648
  0.005328001097881  0.005358764854563 -0.017436143829246  0.012077378974683
 -0.000008760979419 -0.000000177913677  0.000116665447158 -0.000313099011770
 -0.001129298229365 -0.054965455491273 -0.027651831929376 -0.000383041274374
  0.000922479837130 -0.064234553772930 -0.016086018943199 -0.002012788523822
 -0.103166898368100 -0.017755204472160  0.077259222012700  0.005498788310690
 -0.018769363624324  0.013997167016659  0.004772196607665 -0.023056431464256
 -0.000240615282652  0.000896746343984 -0.000327376349857 -0.001151596433582
  0.054833509213015 -0.027746355852916 -0.000385104132802  0.000954325715655
  0.064077086004627 -0.016173752127449 -0.002014092556835 -0.103107982443274
  0.017657371332292  0.077210672808284  0.005491028828280 -0.018773962139977
  0.014004729368814  0.004769232771163  0.023060254264187  0.000240263361811
  0.000896683581241 -0.018735178411169 -0.030424535376171  0.146289408669164
  0.081444274972394 -0.004064970452355  0.051625443228155  0.165058201156684
  0.106051065565615 -0.003795850644269  0.161563696153152  0.040577069284984
  0.093456074594100 -0.009303210248131  0.015295428302565 -0.010761057192546
 -0.004534371110018  0.007380574463468 -0.000286675743562  0.000036630993215
 -0.018754880479790 -0.030456657092225 -0.146288616037182  0.081541043148531
 -0.004066001135263  0.051672836253447 -0.165033587166297  0.106176222352832
 -0.003796194944559  0.161605767580992 -0.040599053092016  0.093466041128924
 -0.009305302209806  0.015266283982208 -0.010726909323035 -0.004539374659173
 -0.007380026800862  0.000286515627224  0.000036513897965  0.031174859617788
  0.047543350797161  0.027264413656464 -0.006330520340459 -0.003085943425989
  0.000041513132137 -0.105976615894297 -0.170094064524621 -0.092660138422041
  0.008829429015690 -0.014591382856373 -0.001265643580123 -0.105934195109703
 -0.170011469725843 -0.092612177399788 -0.008819333804753 -0.014588894544831
 -0.001264914383133  0.031279156356750  0.047709693304256  0.027326650135162
  0.006349029605910 -0.003086784386135  0.000042404718211
   14 Orbital Energy    -0.385826 Occupation  1.000000
 -0.000000336923292 -0.000001316248966 -0.081113294162925  0.000079917329964
  0.000001695149939 -0.000002288013018 -0.124878606473445  0.000122601239510
  0.000002466642131  0.000015268558694 -0.035256076735654  0.000085072294157
  0.000003246521155  0.000001168794710 -0.000006524496729  0.000005355702019
  0.026332582936060  0.000297353555323  0.000000018772378  0.000903765494606
  0.002241118361835  0.149024899408092 -0.056982396800883 -0.001851377012867
  0.007191986941869  0.182218840828702 -0.107754663637175 -0.000817198669360
  0.019495470987754  0.151553616040050 -0.033715047420707 -0.014744679943195
 -0.024023917278699  0.026045298065120 -0.002021380786421  0.004546665467258
  0.000344796335018 -0.000010465906605 -0.000899217797476 -0.002234460282810
  0.149052603777172  0.056952917963130  0.001850940592255 -0.007222251527430
  0.182247235024953  0.107749957460349  0.000815253551536 -0.019582310025390
  0.151541029066252  0.033767892249877  0.014747660707741  0.024009921722221
 -0.026035859622368  0.002025937900147  0.004563828652293  0.000344998817747
  0.000011250037585 -0.035149130197553 -0.056195850630151 -0.031037796974875
  0.030699637060636 -0.000373021664094  0.105816767236204 -0.024813675646698
  0.009675588971410 -0.000334248899749  0.059958039521014 -0.049143742040815
 -0.046234897879780  0.010939321420994 -0.012310986025805  0.015686140408466
 -0.003375154382661  0.031083054613473  0.000125745814427 -0.000201229796489
  0.035131026815319  0.056166266103919 -0.031124991974900 -0.030639321089346
  0.000369186547099 -0.105737793891479 -0.024913018474485 -0.009580514330915
  0.000330178004463 -0.059822785333384 -0.049163963240713  0.046297016733094
 -0.010946709153297  0.012313927331788 -0.015686703175780  0.003372775843992
  0.031086848723189  0.000126131892731  0.000201194120284  0.138107966186280
  0.198306616864027  0.088486328560276 -0.015228017880279 -0.001504951156041
  0.001178182730949 -0.045728329397192 -0.048870213644157 -0.025311127099919
 -0.001795338250803 -0.000600891692485 -0.000105379479833  0.045658769432561
  0.048753592534410  0.025236602795843 -0.001799325437556  0.000592898547534
  0.000104303546506 -0.138104725222260 -0.198293472890520 -0.088471181435343
 -0.015226851934017  0.001500546451061 -0.001178279162367
   15 Orbital Energy    -0.349904 Occupation  1.000000
 -0.000000758712721 -0.000001555763102  0.021663395639951  0.000063637664348
  0.000080882325766  0.000011726772999  0.033318439475781  0.000095480706762
  0.000122239116366  0.000002139879410  0.049280028708911  0.000068902009214
  0.000108031211648 -0.000000041457939 -0.000003965447485  0.000004006905423
  0.003556118765180  0.000131888546564 -0.000004486141904 -0.034778307538660
 -0.056129809773409  0.042260594374445 -0.111255946357872 -0.000895156307538
  0.107813921321199  0.064606794459397 -0.078729173295135 -0.000381861343158
  0.093010679899599  0.026942054441428 -0.052437677217996  0.003756474822271
  0.012908678618130 -0.013457644871170  0.000548966253040 -0.020627191141867
 -0.000051837497397 -0.000340328765216  0.034785876041640  0.056140322693653
  0.042275285422393  0.111229029772888  0.000886969878423 -0.107818502362956
  0.064622793676675  0.078670063164935  0.000361361062378 -0.093077677144594
  0.026923366994428  0.052487565222361 -0.003738449273130 -0.012922993683357
  0.013471584920511 -0.000548591237154 -0.020607707925837 -0.000061767319812
  0.000377872931479 -0.001167780371475 -0.002257463637019  0.016977241101584
  0.156365894887288 -0.001264033317995 -0.011049561665906  0.001416804481660
  0.206102926209844  0.000002767257820  0.024069423122411  0.042303512969356
  0.155645045341281 -0.017819471455318 -0.019021058513914  0.022658479803841
 -0.003637421289927 -0.054514453975013  0.000179817407846  0.000150984077548
  0.001149705454582  0.002228125212615  0.016912084997904 -0.156326068842886
  0.001117854152818  0.011087117475005  0.001331520814877 -0.206067443575474
 -0.000202710220162 -0.023934244548780  0.042304081387259 -0.155601500256069
  0.017665509881127  0.019038243547248 -0.022674290739191  0.003636047191943
 -0.054520264521824  0.000203700286302 -0.000157872797595  0.014543303808607
  0.030593421754513  0.014557811273880 -0.004983970845340  0.004130214732055
  0.000355628620468  0.138276607259055  0.209229208228433  0.155195021141315
 -0.009322980382896  0.002964375212822  0.001136978665096 -0.138326853472737
 -0.209313022222979 -0.155265113365575 -0.009325958380532 -0.002972979082120
 -0.001149978989901 -0.014543752843223 -0.030593721183724 -0.014552794980704
 -0.004983173748493 -0.004133318276632 -0.000357047284317
   16 Orbital Energy    -0.349286 Occupation  1.000000
  0.000010555989055  0.000032675296300  0.000008659787560  0.001835901492096
 -0.191668615312175  0.000338108093718  0.000012981692345  0.003923356378167
 -0.290139518906073 -0.008529206200602  0.000018968219761  0.007851688331279
 -0.253792946417683  0.000260750195901 -0.000250629864221 -0.000010120331680
  0.000001671328418  0.000002839612801  0.010916084991814 -0.000142631323952
 -0.000116366357821 -0.001376574297990  0.001206150018199  0.009469830991640
 -0.002268358152055 -0.002066947870938  0.010578170882776  0.022829220560151
 -0.031892489541055 -0.010794039725931  0.007559884323532 -0.019194277483034
  0.001054060494734 -0.001749586538543  0.000695526043809  0.000728841901847
 -0.011867876249300 -0.044496407651670 -0.000113395915175 -0.000069027012783
  0.001412564489229  0.001299505639943  0.009506120427561 -0.002362498076543
  0.002122567290371  0.010648376755068  0.022879550435090 -0.031965920924803
  0.010816664618764  0.007604533483246 -0.019167086967722  0.001044072246289
 -0.001739229082854  0.000695156836565 -0.000746461481557  0.011865999487380
 -0.044499714727122  0.000789658631161  0.001244500588541  0.004058473326647
  0.001587231640199  0.172653014236746 -0.003954265092643  0.001559271562014
  0.007947874698859  0.237567316310412  0.034846289086181  0.010247131567969
  0.019103903935183  0.179366354368006 -0.000297794037048  0.001021688434845
 -0.000723894397797 -0.000575513685014  0.028299220170688  0.008207634427104
  0.000791043291544  0.001246994646088 -0.004044821862820  0.001456086352921
  0.172672043174936 -0.003944842895762 -0.001557360780310  0.007779079796584
  0.237588868764927  0.034826808760631 -0.010214414088464  0.018970292889502
  0.179403427158360 -0.000283014241737  0.001003873302173 -0.000720859060437
  0.000529288046455 -0.028295459458196  0.008211751347391  0.001947153305081
  0.000848362143776  0.000636805566560  0.000161410715607  0.000245545807895
  0.001599799281660 -0.003650262229408 -0.009563016339740  0.007180524825638
  0.000528180325524 -0.001018817620385  0.013989521382340 -0.003765232449126
 -0.009736421751302  0.007051165357760 -0.000535883859674 -0.001021153976911
  0.013986765653362  0.001934138380322  0.000824013559659  0.000622937877650
 -0.000165053545282  0.000241740268636  0.001596843728721
   17 Orbital Energy    -0.320284 Occupation  1.000000
 -0.028277030681993 -0.046446738925812  0.000007038704035  0.170631521056189
 -0.001714428887512  0.145773469828561  0.000015476364423  0.245743456853471
 -0.003415157224135  0.167301395962424  0.000002101134628  0.226542392735443
  0.006124988961970 -0.013565595971735  0.000915311009164  0.012650284962571
 -0.000002983785107  0.000000003577371  0.000261216447567  0.016885892862312
  0.026499567579645  0.042846459303325 -0.114753802065312 -0.000407547668585
 -0.068152086984620  0.077624935647741 -0.158701443176322 -0.001355342727394
 -0.179811743441462  0.134054777131376  0.010264567876240 -0.009091424368922
 -0.039602528230970  0.040732979825863 -0.001130451594892  0.012995145572175
 -0.000433439260509 -0.001144639049397  0.016878981482283  0.026488789275880
 -0.042870431138559 -0.114776371392097 -0.000407558194459 -0.068133871856806
 -0.077648981395964 -0.158718257840057 -0.001354933240278 -0.179723258534730
 -0.134074352260261  0.010231991165373 -0.009092802373478 -0.039599788471574
  0.040730366826059 -0.001130578354484 -0.012999189662567  0.000433420628701
 -0.001144706451653 -0.011804973906090 -0.018602020302548 -0.104958105589854
  0.073497865871441  0.002481501740454  0.025527599392686 -0.098970510001610
  0.060035800197963  0.003428667330240  0.171433243497648 -0.156509606898134
  0.056001720050676  0.006751458730541 -0.011427680979545  0.009605273105345
  0.001822407874200  0.016807052901879  0.000089609319872  0.000428806677018
 -0.011808880688244 -0.018608434318281  0.104954062973876  0.073528789685121
  0.002481416646089  0.025533763273417  0.098976493973234  0.060073016688381
  0.003428960437749  0.171478004640408  0.156457616934303  0.055978087347666
  0.006749892915060 -0.011432696360901  0.009610703407438  0.001821992953463
 -0.016799879758571 -0.000089719226972  0.000428822692014 -0.112795369583086
 -0.153205364824799 -0.090110598809726  0.003556154874608 -0.005366677992742
 -0.001062875340684  0.032587649500216  0.033056069163774  0.020866781299612
  0.004450249394352  0.005578776301458  0.000436437686403  0.032591859030576
  0.033081392151984  0.020886947961744 -0.004449681515025  0.005577167256378
  0.000436552056477 -0.112768784777956 -0.153156450070193 -0.090086187025264
 -0.003549314096183 -0.005367430131172 -0.001062623081241
   18 Orbital Energy    -0.250131 Occupation  1.000000
  0.000000014849050  0.000000003834144  0.000438377441028  0.000000214254486
 -0.000016413406791  0.000000029797362  0.000384520247142  0.000000745172983
 -0.000025230262242 -0.000004994496042  0.014517524483177  0.000002482929559
 -0.000025885480991 -0.000000014917362 -0.000000069079753  0.000000083997115
 -0.000136656618543 -0.031663721340563  0.000000434685581  0.000586921191410
  0.000950960454244  0.002313844208705 -0.000862561283700  0.190971913556552
 -0.005233047462318  0.004673659272511 -0.000674762240936  0.283335262246244
  0.065038010245114  0.023238359851337 -0.007855389041300  0.254688246286271
  0.000104030851354  0.000251226085825 -0.000355256937179 -0.000560967886600
  0.012480171240065 -0.007108405161517 -0.000586854595427 -0.000950780110210
  0.002313901755424  0.000862676534168 -0.190969740694637  0.005232095453574
  0.004673112922498  0.000678866255179 -0.283325886701836 -0.065036519033623
  0.023237076922759  0.007854057095415 -0.254690166238825 -0.000103307758185
 -0.000252156380224  0.000355464138408 -0.000561490724955  0.012478888249631
  0.007100648218473  0.000311411538209  0.000451327852446  0.000779740165211
  0.001081551223001  0.110873786778815 -0.001996174663194  0.008662920565638
 -0.001104025529827  0.152109591767220  0.034870208002622  0.024612361437375
 -0.002113050976045  0.168164200758159  0.001513536097961 -0.000848812285737
 -0.000664723812224  0.000915398132193 -0.029221550191265  0.028227984930363
 -0.000311338980015 -0.000451255686851  0.000779233177088 -0.001081232698973
 -0.110845326985083  0.001997178816394  0.008662909524051  0.001106704420396
 -0.152068050233959 -0.034869477080957  0.024607794305836  0.002114786125334
 -0.168118121515643 -0.001513837045147  0.000849344850512  0.000664492194635
  0.000915715816516 -0.029224526881892 -0.028229507389798  0.002259021477151
  0.010920177786797 -0.009472482367498 -0.001307239056459 -0.000364870256248
 -0.014904832715118  0.001187726613896  0.006566631297213 -0.007277839769960
 -0.000568824205060  0.000584582938746 -0.009364544046566 -0.001188302716784
 -0.006568336242679  0.007279123800085 -0.000568815613109 -0.000584781399689
  0.009366989939653 -0.002258977801583 -0.010920938448656  0.009474033939778
 -0.001307528272916  0.000364917143523  0.014905669585504
   19 Orbital Energy     0.036888 Occupation  0.000000
  0.003447429510947  0.005715921167158 -0.000001263095941  0.039248424098891
  0.000090018324034 -0.012972111570483 -0.000007278326325  0.048407146849408
  0.001675580015303  0.154377656128519 -0.000013945602177  0.081822645934842
 -0.005510094936092 -0.002530898944073  0.003210604984231 -0.000679706040158
  0.000001492940754 -0.000000030830217  0.000285078309641  0.014993211445398
  0.023166429215170  0.037121949527941 -0.013388138857132 -0.000721497742150
 -0.012615690450675  0.021767664334254 -0.074320344372195 -0.006115113396686
 -0.865172817637941 -0.131184224730359  0.137503302423726  0.007882505913895
  0.007901063356279  0.000031890933552 -0.007932954289831 -0.031001415660869
 -0.000594294473178  0.000760824888040  0.014993180458004  0.023166894102799
 -0.037129115596449 -0.013394480702939 -0.000721867314317 -0.012648476687208
 -0.021772640224194 -0.074265341952389 -0.006116267617481 -0.865106037901824
  0.131221548526419  0.137471035757999  0.007879309890364  0.007919346561776
  0.000012679699088 -0.007932026260863  0.030999549865212  0.000594408802334
  0.000760932921523  0.017963704553311  0.029266171782809  0.064897297525208
  0.077506393214453 -0.002491398059929 -0.090719292654373  0.058192587523723
  0.028276699859069 -0.013351089508059 -0.401727672608164  0.471557265284036
  0.587936093320616  0.013708555577851  0.009959279697586 -0.001939631133499
 -0.008019648564086  0.046121793849239 -0.000320814188245  0.000134082271067
  0.017967547546738  0.029273099870972 -0.064906043896298  0.077505513127428
 -0.002491138883563 -0.090753589579479 -0.058099376955618  0.028316558587312
 -0.013351426127518 -0.401753895306356 -0.471725631101046  0.587800368116801
  0.013718355944035  0.009936516925553 -0.001919909814296 -0.008016607111258
 -0.046104843059936  0.000320624234526  0.000134310903020  0.021014614136613
 -0.001590271446703  0.333169862770453  0.015492456923866 -0.000813188122525
  0.000476402247678  0.022411611403698  0.042891314474946  1.284882970744873
  0.022157184265626 -0.022581904622425  0.000768719683680  0.022409226351325
  0.042895482658750  1.284804104094988 -0.022152508081923 -0.022582607506649
  0.000768595638510  0.021009795378383 -0.001572512270512  0.333139822179419
 -0.015484452364067 -0.000816021479842  0.000476148756544
   20 Orbital Energy     0.091146 Occupation  0.000000
 -0.000000269710679 -0.000000559604831 -0.011381727963510  0.000004242644267
  0.000000004734236  0.000002922639426 -0.017624088640155  0.000003230132288
  0.000000154017932  0.000045633124541 -0.029539075078604 -0.000007626103041
 -0.000000979759717 -0.000000144124722  0.000000945669029 -0.000000801544308
  0.011941410030308  0.000835934449309  0.000000050007471  0.002431054253229
  0.004288853325893  0.078750481468603 -0.036672614170252 -0.004363722177507
 -0.050384452793023  0.098251107309484 -0.048076620049252 -0.014170518649971
 -0.146974368543620  0.812133399290739 -0.294214640586093 -0.001838829039264
  0.022027489929993 -0.009878633434818 -0.012148856495175 -0.020868711802798
  0.000414595292809 -0.000632040588366 -0.002426389515914 -0.004281387216474
  0.078741422229312  0.036671266095225  0.004363667021799  0.050365309256791
  0.098265275549774  0.048053125394380  0.014169263771940  0.146456321803114
  0.812213734048123  0.294378410346755  0.001841117474071 -0.022024567664628
  0.009877363325885  0.012147204338743 -0.020863513536902  0.000414577002026
  0.000632417358902  0.013566198687452  0.024994894380295  0.040721050313093
  0.078233231373318 -0.000259912481721 -0.146523059497999 -0.074121064454453
  0.051983999386204 -0.010050357591175 -0.312501561606478  0.585874714476687
  0.942255979301122  0.050430166450337 -0.035156393047646  0.026116039888751
  0.009040353158896 -0.013222585762626  0.000643169331843 -0.000111249810149
 -0.013566770322683 -0.024995652348144  0.040720197843818 -0.078227685773079
  0.000259365694597  0.146504911027803 -0.074130672126387 -0.051989326705969
  0.010048925537005  0.312858721224396  0.585850371492365 -0.942036739579915
 -0.050430045089624  0.035157781208335 -0.026116167001736 -0.009041614206599
 -0.013226043733947  0.000643240279507  0.000111413625452  0.003454781813445
 -0.074226434485402 -0.896736494973738 -0.016402647286287  0.002296246953180
 -0.000124930979004  0.015508582054652 -0.006928505477781 -1.423368707395158
 -0.015642707841704  0.011454040465541  0.000172667257310 -0.015516594163521
  0.006915486800162  1.423447007983713 -0.015642147653682 -0.011458236059093
 -0.000172967872575 -0.003449091112185  0.074211858680979  0.896862491834013
 -0.016409552659310 -0.002297220617270  0.000125178349031
   21 Orbital Energy     0.128917 Occupation  0.000000
  0.007959185881718  0.013771691365210  0.000001186241967  0.006401262248181
  0.027307465314609 -0.055071214614880  0.000012813427129  0.005048206584684
  0.034348622247073  0.298701071985452  0.000007554529477 -0.064328602075869
  0.111601115923381  0.018365757031941 -0.015821852057429 -0.002543904974512
 -0.000002789422514  0.000000108402338 -0.000941096462885 -0.027804395140787
 -0.045963418169480 -0.070652360820596  0.036832929962283 -0.016065330306975
  0.125486029931030 -0.070985342884512 -0.032039813217414 -0.015099639886482
  0.831499365684215 -0.988445127602323  0.110092177205671 -0.169357062844018
 -0.025594930229244  0.025377235067140  0.000217695162104 -0.020314854709237
  0.003215920846016  0.000117801725212 -0.027800719820679 -0.045957746050795
  0.070646922519020  0.036841619732577 -0.016064535165318  0.125518328074350
  0.071003725890254 -0.032103572391903 -0.015098586116419  0.831426804207635
  0.988475327861051  0.110193383612773 -0.169349205142647 -0.025617111425100
  0.025399003566239  0.000218107858861  0.020319597106794 -0.003215976870879
  0.000118115420710  0.007093062203499  0.013792241953683  0.030584743014532
  0.022452136194554  0.009718660380243 -0.110239270422550  0.018672442432338
 -0.039808184212579  0.008778148311869 -0.563091384209127  0.870252406556646
  0.400091360112104  0.091831283534503  0.014189698063116 -0.022460571906604
  0.008270873843488  0.003973171419948  0.004576928614726 -0.003646170025053
  0.007090583367632  0.013788225470724 -0.030581323698118  0.022438366094016
  0.009716271347277 -0.110249032683642 -0.018722408958056 -0.039857251562654
  0.008775875837098 -0.563038181864029 -0.870217669889506  0.399766439947109
  0.091807556653710  0.014205226192145 -0.022474510520065  0.008269284327921
 -0.003995527105348 -0.004576927685082 -0.003646626144535 -0.002672293393593
 -0.049531962056562 -1.525876603113566 -0.021101916727462 -0.004445731804438
 -0.003237127907252 -0.024221215728849 -0.003527233796070  1.027549965118138
  0.001096606232737 -0.010113723707103  0.000779245163973 -0.024220077698794
 -0.003514243557089  1.027811933498547 -0.001093380412548 -0.010112539985295
  0.000779603142111 -0.002677494506861 -0.049537639662994 -1.525961349228758
  0.021100430889213 -0.004443913835035 -0.003237473352687
   22 Orbital Energy     0.159670 Occupation  0.000000
  0.000155071678696  0.000259594627669  0.021483767677384 -0.000194290336898
 -0.003790139429341 -0.000574468796376  0.038305592957503  0.000316839061686
 -0.005116445273907 -0.013616874532326  0.010891077348745  0.002319303842612
 -0.013956846646108 -0.000073004155635 -0.000142911805540  0.000215915961176
 -0.009390354742312  0.001399350195095  0.000062767639971 -0.019133106498882
 -0.034207651508011 -0.080491870375453  0.017012831833357 -0.000396592080271
  0.126437219974666 -0.024145977264949 -0.033117543700225  0.008936125079960
  0.674112940223606 -1.100649216442936 -0.085250464199373 -0.066894057602612
  0.002558752806267  0.006422099198736 -0.008980852005003 -0.014940073713695
 -0.000929538527377 -0.001766619570783  0.018967965512015  0.033895798884024
 -0.079864788394075 -0.016682148626785  0.005350368062197 -0.126228230191053
 -0.025215089130850  0.035475024481362 -0.001846328993213 -0.631267292185706
 -1.106559894394805  0.079414824300397  0.106628872164229 -0.002326839608683
 -0.006641425648281  0.008968265256964 -0.015528262573137  0.000328286982024
  0.001804869668843  0.019244213638625  0.035703714798176  0.024970215673284
  0.034105579516265  0.005739242174893 -0.156150151309409 -0.065628946345789
 -0.065326899257009  0.001034567235916 -0.295970651782550  0.848498846171056
  0.405788433001072  0.109763395796468 -0.007832755038343 -0.018507453129195
  0.026340208167538 -0.025381000765948 -0.002056352294077  0.000459432550983
 -0.019064808151605 -0.035394124011615  0.025038145619385 -0.034143069520165
 -0.008959495905121  0.155400916653806 -0.064876108202940  0.065010743326115
 -0.006056627374881  0.267504414982081  0.842494883879088 -0.412585503560577
 -0.129676625286576  0.007619941719144  0.018542728372958 -0.026162670092102
 -0.025106360351898 -0.000660791852766  0.000837399193607 -0.005366114196782
  0.025873973114873  1.579311529471813  0.020352153055866  0.008325438679789
  0.000787409335053  0.009611445908066  0.026832406644560 -1.389736718000752
 -0.010473288064942  0.009433484745972 -0.000733641748472 -0.009908527151945
 -0.028262170821332  1.395897053815878 -0.010463122422286 -0.009547457069558
  0.000333259813311  0.004809793209122 -0.029085064774354 -1.586340380486837
  0.020421527399934 -0.008206380245365  0.000252026237499
   23 Orbital Energy     0.159682 Occupation  0.000000
  0.006940991273257  0.011606366762862 -0.000476235861712 -0.008633519169604
 -0.170644987046287 -0.025385415984334 -0.000844417879287  0.013967702519643
 -0.230361680839577 -0.606927964232303 -0.000229485218332  0.102865907714920
 -0.628356525806932 -0.003147128994653 -0.006470893211904  0.009618022206556
  0.000206795677892 -0.000031902521337  0.002824639744911 -0.003347887899609
 -0.006365050173826 -0.012484011703978  0.007318231714243  0.111609093998422
  0.003159436680830  0.024049082223190  0.051836069976857  0.159579988131747
  0.950029701242457  0.152464265226249 -0.128010337634929  0.896344210328713
  0.004606668271512 -0.004443187221357 -0.000163481050156  0.013145031005168
 -0.028315557689568  0.000897439328690 -0.004193527740829 -0.007876970525939
  0.016043977086762  0.008068629612743  0.111475521159359  0.008792225160061
 -0.022949291070247  0.050272518462214  0.159812011471590  0.978912530709350
 -0.103464388355226 -0.131646811999072  0.892431476667638  0.004702604994395
 -0.004139828422335 -0.000562776572059 -0.012464055743789  0.028328766250133
  0.000814798709496  0.003590740272074  0.006195567082612 -0.001905136315960
 -0.001616070035373 -0.072668890124430 -0.015042979733544 -0.015040065702731
 -0.007270643361049 -0.113162427861085 -0.636427335892201  0.121077326244842
 -0.161010585904594 -0.450928172628561 -0.004341012771185  0.000714058624478
  0.003626954146707 -0.005470403442883 -0.031388844652625  0.029197074838973
  0.004441110186893  0.007773502856159  0.000795750839588 -0.000101968245212
 -0.072323981867054 -0.021950668630215  0.017879706016954 -0.010190571751018
 -0.112980837744949 -0.648955361872779 -0.158525792348938 -0.142778177386446
 -0.445467652365233 -0.004669233501854 -0.000122090187132  0.004791323688986
  0.006576775151591  0.031450293885530  0.029189900620116 -0.012333560927634
 -0.072873833059003 -0.198031474170078 -0.002099223917716  0.002410288401130
  0.023397862403949 -0.007034867910524 -0.032735205074884  0.173391941333432
  0.000066304060864 -0.002816683328348 -0.009000076355577 -0.006599235410568
 -0.031511487218423  0.111552263842292  0.000397947279885 -0.002393749534878
 -0.009026898700319 -0.012561120090129 -0.071675334829147 -0.127737547122072
  0.001189948850653  0.002778671242896  0.023411473368348
   24 Orbital Energy     0.203308 Occupation  0.000000
 -0.030182784248971 -0.050354137211248 -0.000004278470637  0.054563149840218
 -0.036076729022488  0.110342055797776 -0.000013130028587 -0.029320260920877
 -0.050569494374860  2.933152594613702 -0.000048255255334 -0.436531937048274
 -0.129566705707821  0.029490770774608  0.016753616006189 -0.046244386780797
  0.000004328123331 -0.000000043237336 -0.001598059814393 -0.001185680212991
 -0.000197048341330  0.014559813118520 -0.006201412539666  0.035830295780666
  0.098438029737519 -0.103167369415387 -0.302737451913301  0.084473141691642
 -2.666764315123904 -1.397311681119186  0.282437814888746  0.132518078240208
 -0.031125949217030  0.052435249846443 -0.021309300629412 -0.080270290183469
 -0.000693173259898 -0.002670192352145 -0.001184906356064 -0.000195910678418
 -0.014559494333126 -0.006203409909322  0.035830287618117  0.098416925335972
  0.103160771778416 -0.302670064894786  0.084473527850373 -2.666416832577600
  1.397380766062040  0.282503987693539  0.132524243632611 -0.031102656551396
  0.052409889960891 -0.021307233409495  0.080266239964942  0.000692573558896
 -0.002670837612359 -0.017795407516894 -0.029479316988155  0.045272608893438
  0.022350265624370 -0.005825845705418  0.053023260098006  0.156488772222110
 -0.049301974513779  0.014365803505415  1.460061906523203  0.106634350166360
  0.758346761888101 -0.137810127034916  0.035440800298145 -0.030140108954050
 -0.005300691344095  0.037178242334914 -0.004722865092699  0.011735683599865
 -0.017795233522125 -0.029477401598094 -0.045274963643518  0.022347531182413
 -0.005824063812119  0.052949916257900 -0.156327925921333 -0.049283866518438
  0.014367475107823  1.460197594043483 -0.106951146018820  0.757876232971295
 -0.137818201482300  0.035409554771318 -0.030112014130099 -0.005297540641219
 -0.037136612342148  0.004723180351562  0.011735236997751  0.055658682659093
  0.205497891278049 -0.528167000301700 -0.002347800293042 -0.012377083242288
  0.008566487262723  0.028304031480365  0.326849884175037  0.044774317039700
 -0.000818989952202  0.011750502084064 -0.002385903728055  0.028292738592855
  0.326880225158798  0.044898187751991  0.000825797932554  0.011748546055351
 -0.002386597116518  0.055662327251210  0.205555054804620 -0.528202309259435
  0.002357264537525 -0.012380691727567  0.008566824755269
   25 Orbital Energy     0.231435 Occupation  0.000000
 -0.000000518847680 -0.000000823052997  0.005299957580389  0.000000832092888
  0.000012026355864  0.000000161077656  0.008256464989999  0.000000299682752
  0.000018706167241  0.000047387178718  0.051428854344605 -0.000004262231556
  0.000046356938475  0.000000182178694  0.000000474817858 -0.000000656996552
 -0.002672467220805 -0.030782718177234  0.000000737626747 -0.001092288068370
 -0.002211806923650 -0.003064569794865 -0.001691825257392  0.095808541560512
  0.003448859034944  0.005084719273634 -0.000171641759194  0.148821505565250
  0.153443003568573 -0.066232383301932  0.036834754686778  0.982787892940436
  0.003721742226880 -0.002173768682320 -0.001547973544559 -0.001131746162328
 -0.000142369467154  0.053987727855658  0.001092482623918  0.002212168605722
 -0.003065760653561  0.001690107934720 -0.095820393494980 -0.003454534127320
  0.005087378295480  0.000174425314359 -0.148852563482740 -0.153576262148240
 -0.066199824554777 -0.036826604643968 -0.982895009073425 -0.003719455638920
  0.002171213409756  0.001548242229163 -0.001132666850621 -0.000133444524048
 -0.053986662650276  0.000619793665310  0.001487733557302  0.001401721999020
  0.003967180282834 -0.136702689690270 -0.005645440388057 -0.021161826162444
 -0.000760658805042 -0.148342146433880 -0.007692431667003  0.153413187288031
  0.095350489195892 -1.720698930313898 -0.005573056648971  0.000855182987311
  0.004717873661660 -0.008539679236302  0.029852105922538  0.019787890945883
 -0.000620312627126 -0.001488997745313  0.001402164740848 -0.003966402272876
  0.136703770333442  0.005656255797897 -0.021159673638851  0.000772630740584
  0.148323117680206  0.007794035002551  0.153434385254660 -0.095325330092967
  1.720839943149420  0.005573101512288 -0.000852998011322 -0.004720103500966
 -0.008538773786738  0.029856378879541 -0.019799695974855  0.001949882525859
  0.035406031097242  0.090439255192091 -0.001173877962865  0.000811940115329
 -0.010862381996411 -0.001295749073093 -0.059940345197330 -0.145463816131011
  0.002417856082834 -0.002303243844961  0.028027580095677  0.001296303884542
  0.059936687517429  0.145442732248335  0.002417697887454  0.002303864546454
 -0.028021087307446 -0.001948405453231 -0.035395306263084 -0.090432270813225
 -0.001173962692150 -0.000812401624179  0.010860638614899
   26 Orbital Energy     0.281468 Occupation  0.000000
  0.035178660884068  0.058691647637932  0.000023204414746 -0.039475945498703
 -0.006528401856639 -0.168524809365481  0.000024012465361 -0.020217579307140
 -0.018678952757838 -1.006526421357678  0.000239160415008 -0.345479637668798
  0.013384878436570 -0.000173175420224  0.007981641709972 -0.007808466289747
 -0.000007927442418  0.000000125150039 -0.002416909367338 -0.007165111521982
 -0.016183220788753  0.016647419471502  0.011987959062325  0.013489669017668
  0.146686269358857  0.070821918047767 -0.068597020610905  0.043233045356873
 -2.269681760055929 -0.175651377878029  2.186751755728050 -0.018109013178307
  0.007343746822085 -0.007138441706465 -0.000205305115620 -0.027693073179101
  0.005678436066810 -0.004994718237716 -0.007165274229071 -0.016182688556268
 -0.016663750003635  0.011991814773659  0.013493669215592  0.146682631898456
 -0.070854593641302 -0.068586711810814  0.043250432675305 -2.270064017226954
  0.176292936688300  2.185919706307582 -0.018148829893028  0.007373815570622
 -0.007165686929682 -0.000208128640940  0.027695329353328 -0.005679768532883
 -0.004996908806613 -0.001573128834283 -0.004222716653629  0.008864467863452
  0.044647590698540  0.016053065099912  0.062363209108561  0.042805922008857
  0.121628889387509  0.068174769313825  3.126171465275054 -0.706869898033433
  0.644274263150384 -0.108665400961023  0.006495875019556  0.007452410505017
 -0.013948285524572  0.034339241858556  0.004869126449906  0.007442273454183
 -0.001566668579407 -0.004212390061592 -0.008865077504120  0.044639192520810
  0.016056240676674  0.062381603535129 -0.042825419526746  0.121603625995290
  0.068180868950677  3.125752538402610  0.706406520153626  0.643927329171196
 -0.108669040873167  0.006517601943348  0.007433037392264 -0.013950639335611
 -0.034301722890722 -0.004867864085498  0.007441580196286  0.001786653306742
  0.087138153477861 -0.460739500749608 -0.015821370728950  0.006379707698304
  0.000322075386632  0.080024621002149  0.376069705116587 -0.278231808230178
 -0.004873707116064 -0.008521459579079 -0.001171922166120  0.080027228674775
  0.375984036049199 -0.278059606019398  0.004870953417208 -0.008534030150313
 -0.001171953590658  0.001750669025500  0.087071324667597 -0.460558048882632
  0.015828410672828  0.006385218488148  0.000321611232343
   27 Orbital Energy     0.307081 Occupation  0.000000
 -0.003655590875920 -0.005910436841589 -0.000134650242620  0.006530104892869
 -0.034956263182302  0.017225586096724 -0.000170032563620  0.016064227717482
 -0.078678352965259 -0.171094164969923 -0.001590899722538  0.152793664189317
 -0.045801419539003 -0.004183420796734 -0.003493932629572  0.007677353426306
  0.000056049398780 -0.000005348581829 -0.015811938188125 -0.000778770646826
 -0.001492491582558 -0.002014637266355 -0.015481449508289  0.096200403898269
 -0.018874214084126  0.010838914447571  0.016508320493200  0.329169652283830
  1.812424994148246  0.298424044892935 -0.823573266890528 -0.155200206521838
  0.009990066214271 -0.011123856867962  0.001133790653691  0.014183347671394
  0.042188381063005 -0.026712298854399 -0.000790355858298 -0.001517349119238
  0.002080192658200 -0.015550925435323  0.096163956093134 -0.018907374494839
 -0.010780787642602  0.016738378725960  0.329081014467080  1.818595635199117
 -0.302506442293355 -0.819078348267810 -0.155265659025385  0.009943940022823
 -0.011105363293371  0.001161423270547 -0.014206013285578 -0.042191725097238
 -0.026730125395656  0.002484984857530  0.003263590175609 -0.017046802328308
 -0.004733386115817  0.068993972169412  0.043397050256441 -0.049599982703070
  0.014043640677785  0.308585142939371 -1.941366407130386  0.417907191814893
 -0.699275728418888 -0.530086008007244 -0.013764977728961  0.002839991329607
  0.010924986399354 -0.019964880925506  0.021356304990235  0.048412263758575
  0.002459354080418  0.003223779320956  0.017017722318201 -0.004685133596991
  0.069019717606922  0.043254068028502  0.050104435106451  0.014393207731364
  0.308594698040990 -1.937274548146488 -0.418238033123727 -0.700184708710991
 -0.529778443668856 -0.013967575008140  0.003025309336365  0.010942265671776
  0.019901045287359 -0.021348996608895  0.048397621888720 -0.003313314869231
 -0.039449025719300  0.247841557576986  0.004479198977923  0.002457445589327
  0.006682162569830 -0.022985062882322 -0.063326472291977  0.009458561832386
 -0.007882906446896  0.006973833119005 -0.020472144404119 -0.023008058775764
 -0.062918031905649  0.008665689066823  0.007902315964035  0.007037789383547
 -0.020482199670410 -0.003202078865374 -0.039058134704096  0.247500514065164
 -0.004493858561173  0.002435551452249  0.006690214797227
   28 Orbital Energy     0.307659 Occupation  0.000000
  0.000010115919410  0.000016976933762 -0.104092453610481 -0.000015548447950
  0.000045507306567 -0.000044030686645 -0.137605247120521 -0.000011885553997
  0.000101504089376 -0.000265090992386 -1.251068990595375 -0.000160580735859
  0.000066779444492  0.000000961484296  0.000006309225934 -0.000007270710231
  0.044747161410898 -0.002579920588012  0.000021013509235  0.004641073185830
  0.009714869600503  0.024276500094327  0.027758964717939  0.012039462555738
  0.022132073467226  0.019256845165504 -0.112545326608449  0.036986887282905
 -2.447501846918579 -1.574388279120464 -1.738127155120237 -0.025820117381524
  0.012036024594224 -0.000748202253365 -0.011287822340858 -0.013212241226994
  0.000871339694063  0.001511533675656 -0.004646413386577 -0.009726597497323
  0.024253071960572 -0.027765192070780 -0.012294619576466 -0.022016885283146
  0.019173217439863  0.112462502981096 -0.037862838164510  2.445256645617700
 -1.574071074938332  1.740120738549905  0.026237087739597 -0.012007908938602
  0.000735170662768  0.011272738275834 -0.013177463466246  0.000984356410828
 -0.001441817692641  0.009378550142943  0.014474722553644 -0.012052727618762
 -0.018625944850596 -0.002196005499641  0.058455735382036  0.224924842129701
 -0.152765311899327  0.003619309216056 -1.585911992034250 -0.190173016007486
  0.413801966440150 -0.073859416707359  0.086161595459913 -0.078963888531901
 -0.007197706928012 -0.019530274270438 -0.000283120695563  0.002259086154064
 -0.009379575934952 -0.014477629476386 -0.012064387818076  0.018673209536721
  0.002015326189831 -0.058393596163987  0.224870413069299  0.152939439420021
 -0.004429944601549  1.589048255161654 -0.189493452603763 -0.413324169140098
  0.075253810339571 -0.086150267996898  0.078980646996961  0.007169620999938
 -0.019566444773866 -0.000226880400404 -0.002388624198009 -0.041033209989418
 -0.157564981292873  0.111911980735862 -0.003688728991179  0.008774831526661
 -0.001595268406842  0.010673375150052 -0.150886730766363  0.286263032805375
  0.008295804445524 -0.024250733607770  0.002731789041105 -0.010596994012741
  0.151280203212980 -0.286723960738138  0.008300352672166  0.024245155963419
 -0.002676538685258  0.041064094328467  0.157771709273293 -0.112578571468711
 -0.003680875404416 -0.008772956088452  0.001578070976492
&
&hess
   1
   1  3.731992E+00
   2  1.167142E-05  2.458808E+00
   3  5.373382E-08  9.437826E-08 -6.529653E-01
   4 -1.771344E+00 -1.407362E+00 -4.145264E-08  2.521490E+00
   5 -1.702594E+00 -9.287205E-01  4.751143E-08  3.926774E-01  4.010320E+00
   6  1.127380E-04 -1.779766E-08  2.016471E-01  6.652220E-08 -2.366277E-09
   7 -1.771353E+00  1.407370E+00  1.370186E-08 -3.860202E-01 -1.126503E-02
   8  1.702579E+00 -9.286935E-01  2.627733E-08  1.126187E-02 -2.012884E-02
   9  1.125895E-04 -6.355758E-08  2.016330E-01 -1.692956E-06  1.047791E-07
  10 -4.253844E-02 -8.418092E-02 -5.458459E-08 -4.609913E-03  1.088867E+00
  11 -1.201672E-01 -3.120617E-01 -1.589911E-07  9.349999E-01 -2.906185E+00
  12  3.926905E-06 -2.803217E-08  1.229819E-01  8.929570E-05  6.891328E-08
  13 -4.254340E-02  8.416825E-02  1.975301E-08 -9.778836E-02  1.325344E-01
  14  1.201681E-01 -3.120038E-01 -1.165704E-07  6.552162E-02 -2.096308E-02
  15  4.052576E-06  2.708815E-08  1.229666E-01  2.752857E-05 -6.368448E-08
  16 -5.056589E-02 -4.692069E-03  7.912117E-09  2.346742E-03  3.182472E-03
  17  3.428413E-02  2.151704E-02  5.202048E-09  2.536809E-03 -4.098649E-03
  18 -2.300850E-08 -7.354487E-09 -1.214224E-02  2.953649E-08 -1.865244E-08
  19 -1.125509E-03 -5.049255E-03 -5.955168E-09 -1.150215E-02  3.965534E-03
  20  2.855165E-03 -1.036191E-02  4.203586E-08  1.153601E-03 -5.355799E-03
  21  3.041620E-08 -4.705638E-08  1.370729E-02 -8.267961E-08 -2.646431E-08
  22 -1.125886E-03  5.049398E-03  6.528749E-09  5.370119E-03  1.975171E-02
  23 -2.856583E-03 -1.036654E-02  2.833105E-08 -4.723214E-02 -2.637355E-02
  24 -2.746932E-08 -2.441613E-08  1.370828E-02  3.881958E-08  1.220798E-08
  25 -5.055676E-02  4.685969E-03 -5.181820E-09 -2.577638E-01  7.297719E-02
  26 -3.428060E-02  2.151991E-02 -1.284502E-08  4.656652E-02 -9.857400E-02
  27  1.886320E-09 -5.276338E-08 -1.214534E-02 -3.298599E-08 -2.435794E-08
   6
   6 -6.392897E-01
   7  5.639455E-09  2.521245E+00
   8  1.888812E-08 -3.927458E-01  4.010971E+00
   9  1.050973E-01 -1.388932E-07  5.799846E-08 -6.393956E-01
  10 -9.026462E-08 -9.778866E-02 -1.325428E-01  1.383902E-07  3.496516E+00
  11  8.622431E-09 -6.554692E-02 -2.096336E-02  2.364513E-08 -7.527003E-01
  12  2.652359E-01  2.741707E-05 -6.002076E-08  8.654909E-02  1.188388E-07
  13  1.553159E-08 -4.380430E-03 -1.088763E+00 -6.424202E-08 -3.142928E+00
  14  3.774606E-08 -9.348939E-01 -2.906850E+00 -1.433371E-08 -7.117856E-02
  15  8.653651E-02  8.919785E-05  6.757776E-08  2.653459E-01  4.595186E-06
  16 -2.586063E-08 -2.577360E-01 -7.298413E-02  7.911944E-09 -1.679174E-03
  17 -2.527873E-09 -4.657741E-02 -9.858001E-02 -1.770311E-08 -5.902179E-03
  18  1.158264E-02  5.328357E-08 -1.183711E-08 -4.845631E-02  1.827172E-08
  19 -4.886421E-09  5.369798E-03 -1.975082E-02  1.177385E-08 -1.868114E-02
  20 -4.763957E-09  4.722980E-02 -2.637615E-02 -1.409718E-08 -7.788020E-03
  21  1.162961E-02 -2.898737E-08  1.077272E-09  5.928159E-03  2.273256E-08
  22  1.560951E-08 -1.150663E-02 -3.967595E-03 -1.165836E-09 -1.636890E-01
  23 -3.077052E-08 -1.156857E-03 -5.358540E-03 -4.759038E-09 -9.173049E-02
  24  5.925859E-03  9.514619E-08  1.569665E-08  1.162969E-02 -3.833588E-08
  25  1.818662E-08  2.348891E-03 -3.183179E-03  6.124022E-09 -2.450873E-02
  26 -2.901905E-08 -2.536768E-03 -4.100355E-03  5.226537E-09  5.723454E-02
  27 -4.845083E-02  3.627486E-09 -1.111749E-08  1.158356E-02  2.734552E-08
  11
  11  3.145200E+00
  12  3.435841E-08 -7.632330E-01
  13  7.117053E-02  3.142773E-08  3.496322E+00
  14  2.950991E-01 -1.135393E-07  7.526257E-01  3.145805E+00
  15  1.364120E-08  3.202414E-01 -9.657097E-08  6.568996E-08 -7.633160E-01
  16 -5.360483E-03  1.058642E-08 -2.451010E-02  2.762473E-03 -5.217475E-09
  17 -6.540787E-03  9.921600E-10 -5.724278E-02 -8.486801E-03 -7.045387E-09
  18 -4.012168E-09  8.433405E-03 -6.160965E-08  2.647694E-08  1.741459E-02
  19  5.012953E-02 -4.731435E-08 -1.637177E-01  1.096889E-01  7.208672E-08
  20  4.495855E-03  6.610256E-08  9.174171E-02 -1.906884E-01 -5.550416E-08
  21  4.021767E-08 -1.586501E-03  5.162076E-08  3.283228E-08 -5.596182E-02
  22 -1.096723E-01 -3.868114E-08 -1.868334E-02 -5.014109E-02 -3.065845E-08
  23 -1.907003E-01  1.178538E-08  7.785960E-03  4.489999E-03  1.666338E-08
  24  6.086094E-08 -5.596172E-02 -4.882745E-08  2.230154E-08 -1.584968E-03
  25 -2.764448E-03 -2.394536E-08 -1.678078E-03  5.358476E-03 -2.674616E-08
  26 -8.479884E-03 -1.804249E-08  5.901947E-03 -6.537450E-03 -2.096939E-08
  27  9.549402E-08  1.741326E-02  1.413486E-08 -1.026437E-08  8.432158E-03
  16
  16  3.310250E-01
  17  7.636219E-02  9.747878E-02
  18  8.326461E-09 -1.251396E-08  2.671064E-02
  19  2.701946E-03 -2.376115E-03  6.054956E-10  1.850735E-01
  20  8.326634E-04 -1.718002E-03  6.081894E-09 -1.369067E-01  2.282961E-01
  21  2.006766E-08 -7.014683E-10 -5.397285E-03 -3.602577E-08 -1.044791E-08
  22 -6.678099E-04 -1.232663E-03  1.487676E-08  2.537894E-03  9.279573E-04
  23  3.400932E-05  6.649827E-05  1.980278E-08 -9.268607E-04  1.634535E-03
  24 -1.756293E-08 -1.475901E-08  1.088717E-03 -5.723828E-10 -7.623319E-09
  25 -9.350429E-04  1.430254E-04 -1.045325E-08 -6.672958E-04 -3.405918E-05
  26 -1.430651E-04  3.695141E-04 -2.385600E-09  1.232006E-03  6.676840E-05
  27 -1.969870E-08 -7.527189E-09  7.772770E-04  4.755650E-09 -6.697718E-09
  21
  21  3.362311E-02
  22  1.645978E-09  1.850527E-01
  23  3.495578E-09  1.369024E-01  2.283183E-01
  24 -3.022705E-03  1.286703E-07 -5.169888E-08  3.362157E-02
  25  9.753421E-09  2.701298E-03 -8.317224E-04 -3.385465E-09  3.310390E-01
  26 -3.580115E-09  2.375669E-03 -1.717403E-03  8.891605E-09 -7.634532E-02
  27  1.088123E-03 -8.121565E-09 -2.418292E-10 -5.397051E-03 -3.293173E-09
  26
  26  9.746047E-02
  27 -6.594438E-09  2.671007E-02
&
