MAEFILE: furan_raman_3.01.mae
&gen 
basis=6-311g** 
rsinglet=0 
dftname=b3lyp 
ifreq=1 
iraman=1 
&
&zmat
 C1            -1.1056938182            -0.0318398182            1.8660392727
 C2            -0.4211938182            -1.1811398182            1.8640392727
 C3             1.0083051818            -0.8470398182            1.8625392727
 C4             1.1125061818             0.4865601818            1.8636392727
 O5            -0.2194948182             1.1810601818            1.8660392727
 H6            -2.2067938182             0.0369601818            1.8674392727
 H7            -0.8486938182            -2.1972398182            1.8636392727
 H8             1.8419051818            -1.5683398182            1.8608392727
 H9             2.0691051818             1.0362601818            1.8629392727
&
&guess  basgss=6-311g** numd=5
    1 Orbital Energy   -19.226633 Occupation  1.000000
  0.000021794881775 -0.000094268995524 -0.000050555666048  0.000070724471728
  0.000000039834173  0.000246529054894  0.000689157702842  0.000159428381870
 -0.000000843316101  0.003708992235289  0.003377869802218  0.001234841567591
 -0.000003900646555  0.000085025072031  0.000159311101097 -0.000244336173127
 -0.000022208737853 -0.000000434465240  0.000000477538294 -0.000001488053079
  0.000001485639153 -0.000059243565288  0.000053089863298  0.000000159275806
  0.000141020791488  0.000316701260326 -0.000480797592297 -0.000001028784185
 -0.000943184579188 -0.001349952509659 -0.002190479916009 -0.000000024647300
  0.000071756408341 -0.000096100331796  0.000024343923455  0.000162825712796
 -0.000000008131807 -0.000000397193448 -0.000001492586942  0.000001429502047
  0.000029534919877  0.000073322962174  0.000000065880531  0.000141064369238
 -0.000070481351736 -0.000569707317401 -0.000000590932045 -0.000935883165596
  0.002180722452503 -0.001359783827157 -0.000003771687640  0.000150351323106
 -0.000174563127510  0.000024211804405 -0.000021006111813 -0.000000083826659
 -0.000000208898056  0.000021765695570 -0.000094583010235  0.000013017863960
  0.000085242886201 -0.000000040295892  0.000248765468518 -0.000683872992825
 -0.000158679622005  0.000000686477042  0.003706624082208 -0.003575172191412
 -0.000383283764169  0.000003522576050  0.000085458993801  0.000159667914991
 -0.000245126908792 -0.000017385169580 -0.000000609800977  0.000000425671806
  0.551374392498057  0.469827368206028  0.000295619370912 -0.001308388819954
  0.000043042427457  0.013285240513485  0.000008122539349 -0.000013917451387
 -0.000013829436939 -0.010863708646498 -0.000634293907010  0.002697658837465
  0.000009312842810 -0.000067035832456 -0.000085385910546  0.000152421743002
  0.000004524499274  0.000000216385939  0.000000266507384 -0.000119973934705
  0.000853737627588  0.000497763425374  0.000050184690136 -0.000217778237776
 -0.000000112745621  0.000088840997420 -0.000992307614605 -0.000560312887665
 -0.000027589699654 -0.000150776359205 -0.000000139115843  0.000088947308194
 -0.000991317571903 -0.000559635157555  0.000091098167071 -0.000122818471146
 -0.000000254135498 -0.000121112332814  0.000847787434196  0.000496915093394
  0.000057104557537 -0.000217118435842 -0.000000195116688
    2 Orbital Energy   -10.280570 Occupation  1.000000
  0.562996601785677  0.463304709011350  0.000363998876156  0.001228100925201
  0.000037446022475  0.018177018277637  0.000220793157605 -0.004200464125206
 -0.000009809483689 -0.005878144495357 -0.002165237212699  0.001752936245930
  0.000007521104187  0.001145907534428  0.000740917497376 -0.001886825031803
 -0.002116994156940 -0.000006806865992  0.000007287831107  0.005118294841275
  0.004639231949514 -0.000557945121546  0.000867134627861  0.000001525782084
 -0.001257718144802  0.002961032639985 -0.005011963381669 -0.000007219472119
  0.001061025380278 -0.001205306434831  0.000617557484748  0.000001018611449
  0.000552898551008 -0.001612781627231  0.001059883076223  0.002406651386859
  0.000002883700653 -0.000005573165483 -0.000388987150421 -0.000264503096751
 -0.000141386988522 -0.000087673277328  0.000000107651965 -0.000216991526836
  0.000928989075696  0.000409791884511 -0.000001024620221 -0.001363006857073
  0.000051779220400 -0.000981928281367 -0.000000725758034 -0.000424472562411
  0.000423670342384  0.000000802220027 -0.000462392811745  0.000000393168933
  0.000000992808086 -0.002107893454514 -0.001657766737736  0.000024347182161
 -0.000040679169347 -0.000000330569219 -0.000811352647435 -0.000011711329201
  0.000421536377083  0.000000518937292  0.002455550378642 -0.002506669201431
 -0.002058409937553  0.000001080149360  0.000281500357046 -0.000193043384861
 -0.000088456972185 -0.000086425240856 -0.000000684672476 -0.000000032604607
 -0.000021873258953 -0.000091691007559  0.000043804336897 -0.000030980387208
 -0.000000099644631  0.000678007981788 -0.000409194713578 -0.000268686155141
  0.000000407631894 -0.001102495656099  0.000328044199990  0.000738441541378
 -0.000000202643463 -0.000044828284700 -0.000101689443480  0.000146517728180
  0.000005978647806  0.000000289584047 -0.000000424556651  0.000214029831664
 -0.003986613571405  0.001252415388173 -0.002353627015029 -0.000072027345307
  0.000003026799135 -0.000115044801940 -0.001462792305051  0.000574670290521
 -0.000130148389077 -0.000778772857042 -0.000000583111702 -0.000071370655435
 -0.000380164333225  0.000022349739606  0.000195451975466 -0.000088728405392
 -0.000000361078037 -0.000156925921530  0.000899297719841  0.000875313422701
 -0.000069152152596  0.000031270059899  0.000000133070475
    3 Orbital Energy   -10.276773 Occupation  1.000000
 -0.002099330564687 -0.001804477161468  0.000000469299296  0.000037404767931
 -0.000000037968115  0.000674838033261  0.000176911337265 -0.000348060605417
 -0.000000565339208 -0.002403046013708 -0.003135508918990  0.000721619566029
  0.000004785404657 -0.000137699170583  0.000034932089619  0.000102767080964
 -0.000252312867388  0.000000141963944  0.000000213757963  0.000419628902295
  0.000286349675239 -0.000161579870023  0.000009095959727  0.000000264896167
  0.000229585796409  0.000992519027112  0.000084158634702 -0.000001041789448
  0.001358774855149 -0.000379225229802  0.000897906990332  0.000001216938253
  0.000571340031402 -0.000562180923033 -0.000009159108369  0.000090683417181
 -0.000000581850711 -0.000000592797350 -0.005070601422863 -0.004599299934572
 -0.000114857753786 -0.001023128490969 -0.000000770671667  0.001256832516801
  0.000428929559053  0.005789475206768  0.000003406457308 -0.001060890592877
 -0.000798242380090 -0.001087006596378  0.000001070336863 -0.001777424556752
  0.002835149368028 -0.001057724811277  0.000472573467486  0.000001529807782
  0.000003034799031 -0.562996739846093 -0.463309279315003  0.000948711839124
 -0.000912921081313 -0.000037327080808 -0.018161952421938 -0.001712642946969
  0.003835917887908  0.000010100307525  0.005875431843142 -0.001135163312509
 -0.002509592192134 -0.000003515475241  0.000383182272411 -0.002271137198103
  0.001887954925692 -0.001476249010804  0.000001088533212 -0.000004252087696
  0.000022124095487  0.000092310002801  0.000026078191223  0.000046814402454
  0.000000014853160 -0.000679352088189 -0.000485985099886  0.000063036880631
  0.000000559861898  0.001093395748652  0.000614836777194 -0.000513815032869
 -0.000000795223520  0.000050508171026  0.000094959668065 -0.000145467839091
 -0.000020425427899 -0.000000370132914  0.000000411917150  0.000155425312942
 -0.000867160251197 -0.000883903440340 -0.000029957992225 -0.000058203040564
 -0.000000043006282  0.000072621298193  0.000389785251614 -0.000027048511788
  0.000136699931508  0.000171728435712  0.000000018381002  0.000117656243675
  0.001456936473757 -0.000575102076596 -0.000462394835425  0.000638837382480
  0.000001200373701 -0.000208246988880  0.003992813859566 -0.001269632710461
 -0.002148243224312 -0.000984024635603  0.000001559031367
    4 Orbital Energy   -10.236825 Occupation  1.000000
  0.005318718598489  0.003951326427310 -0.000520609363768  0.000749077356041
  0.000002419807229  0.001667634894133  0.002919003561125 -0.003834336675631
 -0.000009812031527 -0.004808703361733 -0.003467677909329  0.000910154401240
  0.000007524673459 -0.000429398060968  0.001450325128506 -0.001020927067538
 -0.001994734794648 -0.000003739541494  0.000006356979977 -0.562402956063288
 -0.462815668104298 -0.000175132922472  0.000475152533081 -0.000053885057618
 -0.019154352512834  0.001621954304655 -0.002112857392083  0.000010965620927
  0.011356083471472  0.002505839064643  0.006585919466418 -0.000004152209501
  0.000204931631877 -0.002221248169857  0.002016316537980  0.000357974883741
  0.000003278781106 -0.000003687402882 -0.022758157962526 -0.018810958861743
  0.000597912276427  0.000115685669852 -0.000002211618046 -0.000717861978725
 -0.001706158438109 -0.000453965123392  0.000000704211382 -0.004397145068511
  0.002781303807838 -0.001758760463098 -0.000003390220047  0.001178010518148
 -0.000820886526272 -0.000357123991876  0.000120943248439 -0.000001115664017
 -0.000000599104023 -0.000209958625320 -0.000239556247463 -0.000073281671821
  0.000132442368085  0.000000212603514  0.000541814798022  0.000159534440947
 -0.001049256321111 -0.000000894062831  0.001379054894226  0.000413915024917
  0.000156188488117 -0.000000776604424 -0.000514539740496  0.000461252824897
  0.000053286915599 -0.000171942673356  0.000000433674272  0.000000528772629
 -0.000001696269987  0.000007264517999  0.000012659343598  0.000050159101625
  0.000000000873893 -0.000298392195559 -0.000031706481478 -0.000162771058709
  0.000000135885587  0.001862145268038 -0.000333076651078 -0.000778324621857
 -0.000000510755374  0.000046576516766  0.000056651317013 -0.000103227833779
  0.000123703647739 -0.000000132818270 -0.000000096864693  0.000229165065505
  0.000474257209473 -0.001198915470152  0.000619282801926 -0.000165779982189
 -0.000000957641711 -0.000343982919953  0.004909949480873 -0.000222817078865
  0.001000691999140  0.002144910637014  0.000000200816898  0.000053489809330
 -0.000060790428712 -0.000920116142570 -0.000282609215290  0.000052850380118
  0.000000244109818  0.000147986666477 -0.000145015180293 -0.000341669091890
 -0.000127068009643 -0.000065943093655  0.000000194584013
    5 Orbital Energy   -10.232857 Occupation  1.000000
  0.000571542788266  0.000502667944393 -0.000049021417582 -0.000090871438192
  0.000000069180512 -0.000410066100792 -0.000086740353133  0.000701400013023
  0.000000260199962 -0.001790354789129  0.000160268074496  0.000122325503266
  0.000000642594289  0.000406853310789 -0.000270065570625 -0.000136787740163
  0.000181930898916 -0.000000981971173 -0.000000324680823 -0.022799319145589
 -0.018680557740943  0.000570586224342  0.000198499528480 -0.000003363987886
 -0.000832209836334 -0.001586842652352 -0.000517613478703  0.000003787051158
  0.005343080701291  0.001919464989003  0.003372182730151 -0.000001621792741
 -0.000847242809014  0.000328444065780  0.000518798743233 -0.000814228924736
  0.000002163673640  0.000001391924055  0.562404386127096  0.462810231233853
  0.000030122033593 -0.000492362451216  0.000053408548810  0.019165529049398
  0.000431170956970  0.002581063583828 -0.000013059202189 -0.011762429673645
  0.005386398780722 -0.004958772777195 -0.000004125106475  0.000115679720090
  0.001935600328095 -0.002051280048185 -0.000896329687626 -0.000003013633316
  0.000004142814223 -0.005305640711045 -0.003944381166046 -0.000138579179413
 -0.000893464203103 -0.000001677291227 -0.001627082754552  0.000927070254885
  0.004661375537204  0.000005560234169  0.004945715610268 -0.002658754203632
 -0.002344204685682 -0.000000950614403  0.001395324506994 -0.002424965812809
  0.001029641305815 -0.000362359963946 -0.000001253203491 -0.000004478028618
  0.000001582935485 -0.000006603450182  0.000034814513104 -0.000035607481216
 -0.000000072681461  0.000274293356621 -0.000103864051344  0.000119744685870
  0.000000095114455 -0.001711271829416 -0.000672667290453  0.000486860389298
  0.000001497531533 -0.000130604253274  0.000035235708772  0.000095368544502
  0.000090479297205  0.000000336990947 -0.000000110479340 -0.000130725411778
  0.000187418543206  0.000246275934741 -0.000092615885837 -0.000010814238240
  0.000000003280172 -0.000082028396835  0.000468791557213  0.000906842004965
 -0.000148061234094  0.000003053333645  0.000000318243412  0.000345984717539
 -0.004942572878719  0.000158308120991  0.001837295634183 -0.001485127493778
 -0.000003167009013 -0.000203677381668 -0.000508953852882  0.001174302771627
  0.000473495434808  0.000418546865447 -0.000000199466556
    6 Orbital Energy    -1.079883 Occupation  1.000000
 -0.037693396044130 -0.058240899195976  0.030722665714851  0.021439098067214
  0.000338004140186  0.150002619031078  0.050315427346878  0.043489146147332
  0.000450092190043  0.032825960531675 -0.019806384224083 -0.006956260252613
  0.001159165966504  0.005888344967819  0.005212078834249 -0.011100423802069
  0.016861887591877  0.000082286225111  0.000107058377186 -0.017192961860894
 -0.026597997902981  0.002548281465062  0.017465214796013  0.000179388872433
  0.068527439662697  0.000355257588140  0.031298649068868  0.000264716555305
  0.024124866316790  0.012172796075972  0.019167031478397  0.000268620470773
 -0.000634543348043  0.005144563021564 -0.004510019673522 -0.002515053293097
  0.000006279799458  0.000066768528388 -0.016977984800474 -0.026265813920721
 -0.010111580224566  0.014297716964517  0.000189870598458  0.067652661053286
 -0.014327461250094  0.027607710579041  0.000275407232830  0.023453261966344
 -0.019414224004194  0.011563047341058  0.000299115042049 -0.001182713000377
  0.005671784775632 -0.004489071775254 -0.001130716945340 -0.000042976302419
  0.000052978961342 -0.037232219399325 -0.057524456790721 -0.036955511037331
  0.005540956064054  0.000404495004461  0.148177909680657 -0.064300272191979
  0.016556729147145  0.000571496701373  0.031754740161004  0.020643686315115
  0.002246789085623  0.001073341967328  0.017389084481998 -0.006349488178658
 -0.011039596303340 -0.009877887269079 -0.000184130308511  0.000075023477284
 -0.106699374928794 -0.170940280033257  0.010553344882619 -0.046474511013413
  0.001139706906758  0.500740775816384  0.017468525255132 -0.076720107614158
  0.001658067703954  0.388577643164981  0.011473131090171 -0.051334112140505
  0.003018984795518  0.003515322265648  0.004943978450976 -0.008459300716624
 -0.000357068059668  0.000003345444116 -0.000083688766162  0.009909679589921
  0.006117702195626 -0.008567828194039  0.003516841212346  0.002825292384435
  0.000022747523261  0.002739057655592  0.012548866215089  0.002923437160331
  0.000409656862600  0.002358792418795  0.000016973269020  0.002620667752071
  0.012391978516608  0.002872842631567 -0.001407866126730  0.001906434185904
  0.000017372727121  0.009545052897438  0.005785941219808 -0.008575524654952
 -0.004358206110857  0.000996395823242  0.000029626919085
    7 Orbital Energy    -0.859431 Occupation  1.000000
  0.035040588608864  0.054359472215541 -0.019179473022667  0.058839192801819
 -0.000377059928459 -0.146570435715719 -0.028494106418732  0.084898745601542
 -0.000607955373417 -0.057237991492632 -0.000349042388135  0.020886527896326
 -0.000932444496759 -0.006679914352664  0.001056050607826  0.005623863744838
  0.017316235676694 -0.000032493451942  0.000170934009351  0.076513086719463
  0.118245573576293 -0.014743397142400 -0.033368036671681 -0.000997939778353
 -0.308856976344829 -0.028117176617066 -0.042040061775360 -0.001201002867917
 -0.146678096242465 -0.007069208315560 -0.011723230290209 -0.003483529342375
 -0.008594182522131 -0.003674059391764  0.012268241913895 -0.003042290788822
  0.000024445303976 -0.000039103602517  0.073987126884607  0.114317715719410
  0.029686737840705 -0.021586564551724 -0.001001345659626 -0.298383194704799
  0.046420835115476 -0.022788098042254 -0.001247948591007 -0.142591632354103
  0.013383057328761 -0.006710196263064 -0.003260434640577 -0.010142157638711
 -0.001868036498412  0.012010194137123 -0.000432835287285  0.000056583996489
 -0.000031185924154  0.032312676647360  0.050131335967724 -0.008082103912558
  0.059242451792633 -0.000353200768832 -0.135379959272669 -0.011262783300993
  0.086447658233758 -0.000590897407533 -0.051079929336083 -0.008569498728239
  0.017129989607417 -0.000797054260770  0.006707934092973 -0.011987723710068
  0.005279789617095 -0.014280053361553 -0.000035867218170  0.000204220192814
 -0.048155705483011 -0.077767931129457 -0.001486887045185  0.009058058939572
  0.000627603360548  0.236838478848730 -0.001522896835935  0.010734068716872
  0.000746907354280  0.188405639458933 -0.001682346312930  0.008498018548214
  0.002307630320783  0.003084368715376 -0.003295905815801  0.000211537100425
  0.001670676577075 -0.000015084181011  0.000054036288992 -0.013965236295636
 -0.015360211963673  0.003251554858084 -0.001578343666619  0.003188841547349
 -0.000097306536166 -0.037903715157846 -0.045902230249091 -0.001833616054066
 -0.003247026425324 -0.006654971836490 -0.000223178550073 -0.035573990122530
 -0.043042263598882 -0.000983113013887  0.005708880053158 -0.004163915723281
 -0.000217429446081 -0.011969904704652 -0.012738727875574  0.003667573387874
 -0.000304381432580  0.003230100983907 -0.000083992864892
    8 Orbital Energy    -0.782637 Occupation  1.000000
  0.071837416358304  0.111858879233244 -0.003622338076186  0.032002299497722
 -0.000970307009106 -0.302053498246308 -0.008817232123335  0.029832020009966
 -0.001206284612550 -0.168642898520346 -0.011998193316698  0.021491380260852
 -0.004106491484983  0.002216717271907 -0.011331613646550  0.009114896374643
  0.000168326438074  0.000087554013113  0.000020577637312  0.047513188514006
  0.073652425136543  0.051451947352278 -0.027777202970237 -0.000761221577585
 -0.195105812813736  0.076359610616747 -0.038085922106219 -0.000853680441468
 -0.089393288390359  0.019077314955642 -0.006942431433191 -0.003039769569002
  0.005396277242137 -0.010517923601298  0.005121646359161  0.012886623595145
  0.000255240046051 -0.000077977328403 -0.051346796731978 -0.079595697450000
  0.030114343932855  0.048059979798674  0.000716738777318  0.210779265047414
  0.046203859864975  0.068274957837912  0.000783788997556  0.096725284121167
  0.011033874943351  0.014221131482837  0.003215651979825 -0.010502962934725
  0.016236112615430 -0.005733149680706  0.000359999184397  0.000187138123348
  0.000170341011600 -0.072324535538179 -0.112615427638490  0.008762808025107
 -0.033637659517654  0.000959234097734  0.304312551789505  0.002132552878107
 -0.035629655389484  0.001240791247428  0.167790878535466 -0.002679865777124
 -0.025687741958288  0.003976856175019  0.000182932469609  0.009173940052827
 -0.009356872522436 -0.005441164137214  0.000050435213274  0.000006464038266
  0.000580855835389  0.000940205471490  0.059320084892649  0.013133933735322
 -0.000074524203683 -0.002881055662564  0.090256916979773  0.020044723465107
 -0.000119598948214 -0.002565073213456  0.049557711952429  0.010843284818925
 -0.000052714839306  0.003582510914181 -0.003549510396441 -0.000033000517740
 -0.008772963014595  0.000170517315810  0.000047529749005 -0.052724889622325
 -0.068926045579360 -0.005958656857012 -0.012285649762384  0.002290402704470
 -0.000320025869297 -0.035313631151858 -0.044576806598943 -0.005404934220795
  0.000361929154050 -0.007768169554480 -0.000231397490365  0.036319991582409
  0.045858193255603  0.004655025199032 -0.003478901959044  0.007162686294502
  0.000232406216609  0.050338825550986  0.065676449344009  0.003857623582662
 -0.009781336667184 -0.007371850349827  0.000319918883482
    9 Orbital Energy    -0.632229 Occupation  1.000000
  0.058356907458597  0.091743184997042  0.045443000890729  0.018821190712936
 -0.001047012126785 -0.254456326267182  0.062722624145532  0.018156285708474
 -0.001171775433009 -0.168925610055674  0.027392091307498  0.021043369714584
 -0.007548417709568 -0.008128130449959  0.003409824347034  0.004718306102926
  0.002535646600523  0.000230491595066  0.000011883493561 -0.037380449922082
 -0.058765620084609  0.070804281886826 -0.072322727836226  0.000554287329405
  0.161109264255092  0.104413088713780 -0.100824747629555  0.000144322728468
  0.126081766304911  0.043262205979846 -0.043195076611253  0.005831824222504
  0.006311260882526 -0.002866081468569 -0.003445179413957  0.008817865914926
  0.000304577830219 -0.000367116732016 -0.026424229870476 -0.041609406259438
 -0.042645853673712 -0.094220479284416  0.000494891254315  0.115181527861742
 -0.064496321089236 -0.133170936754488  0.000235896889556  0.080830101959146
 -0.023396411327639 -0.061451459628044  0.003829747989150  0.010558490242486
 -0.008076754105002 -0.002481736137484  0.000881161337121 -0.000181055657762
 -0.000451710155789  0.053639062220368  0.084232793231166 -0.048872633754030
  0.014093676425893 -0.000836547305635 -0.233866779344596 -0.066458765054765
  0.013975524725754 -0.000985952502233 -0.142904012339988 -0.033743543304389
  0.009031700934732 -0.006186870950030 -0.001680841706490 -0.002167512571626
  0.003848354278116 -0.007331953181756 -0.000201539989570 -0.000002958422989
 -0.029825099373750 -0.048417576951575  0.003254255108376  0.029793187156922
  0.000347546221988  0.150354833809605  0.005624857839923  0.041462225960788
 -0.000082232905428  0.144261116262031  0.002224704176581  0.032859287622984
  0.003613382091399 -0.000512166281247 -0.001646671269710  0.002158837550956
 -0.000777873797534  0.000007233686007  0.000098164683964 -0.084996562308725
 -0.111826757783495 -0.020903059469022 -0.012539219777991  0.002335020788281
 -0.000580019787408  0.064915406682987  0.085999718742582  0.026281385220425
  0.008116786898409  0.006826975963176  0.000468698137647  0.046414430404311
  0.060482850228522  0.015773192475180 -0.008690085271585  0.000847605552327
  0.000366658476171 -0.073145156079096 -0.094180300739856 -0.012931175175830
  0.008405533997585  0.007470297651384 -0.000519951678457
   10 Orbital Energy    -0.615715 Occupation  1.000000
  0.025135995250776  0.040076860772192  0.019139955479319 -0.089436976521929
 -0.000547247431233 -0.111596401062611  0.017351606191523 -0.139384697924348
 -0.000535368252009 -0.127042308796536 -0.007335298760754 -0.033021683620991
 -0.005375801882580 -0.002639718524571 -0.002457308752805  0.005097027277375
 -0.013683725641014  0.000018658044109 -0.000461910949798 -0.043852898971175
 -0.068667220364848 -0.053406641840591 -0.025407381037030  0.000779118242575
  0.183364584973517 -0.072027814081167 -0.039998590405450  0.000344046613695
  0.173317451109972 -0.035241868759216  0.003772744998803  0.008834686287784
 -0.003163411355616  0.006942638585072 -0.003779227229456  0.002873608682910
 -0.000209078911155 -0.000107012722354  0.050868656889375  0.079703784879402
 -0.045955169605317  0.017926089824037 -0.000773254694993 -0.213812014832841
 -0.063016229773950  0.030442683157359 -0.000279774717731 -0.195019120002789
 -0.019968346563441 -0.004914742209798 -0.009646166989230 -0.003284148866316
 -0.001175571269646  0.004459720135962  0.006241429558571 -0.000156091987795
  0.000093479033968 -0.036040564193315 -0.057202711851723 -0.011799611267469
  0.087223007265550  0.000726959367818  0.159175053562425 -0.031628707607083
  0.132056571023652  0.000783606484392  0.156143377827151 -0.014171422864284
  0.023643077499593  0.006676589913301  0.012608011682896 -0.006787402559349
 -0.005820609123547 -0.007761361392704 -0.000176989748059  0.000448129391334
  0.002303300657246  0.003741991303648  0.132599532573672  0.028401334654544
 -0.000160858127742 -0.011677712821922  0.198667679915559  0.042837532850171
 -0.000181731874734 -0.010710927399149  0.128248757679615  0.026855160208162
 -0.000452893618293  0.005251324700983 -0.005094016501248 -0.000157308199735
 -0.012149509607105  0.000356148724509  0.000088448956237 -0.040985178041219
 -0.059771555021560 -0.016200835737532 -0.008368933404901 -0.004473749703075
 -0.000198937796423  0.076707362601256  0.103840207814449  0.037468681303844
  0.002593192430839  0.009730235825683  0.000470020541036 -0.084376984022748
 -0.113209585978414 -0.036975976653168  0.008603391587057 -0.007438916860283
 -0.000522504796314  0.056154896616665  0.079026477473639  0.017539976064928
 -0.011448417448553 -0.001384981772505  0.000319934817645
   11 Orbital Energy    -0.581384 Occupation  1.000000
  0.006732040384693  0.010064743205584  0.105029704279328 -0.017004758062820
 -0.001318053374239 -0.026047386033227  0.151065996277188 -0.019409255720480
 -0.001401842019358 -0.055579433905312  0.060549725782621 -0.012941951718518
 -0.002245393449495  0.012347676708014 -0.008807423646179 -0.003540253061835
 -0.002955523164481  0.000588690000738 -0.000040057083162  0.005518791058874
  0.008444400734380  0.045624850798614  0.107567602706809 -0.001142027768689
 -0.021590749617740  0.063571620037262  0.147932506212596 -0.000891090277359
 -0.030582437382660  0.035822244493979  0.081038233968796 -0.002745395175534
 -0.003039333919277  0.005043273646160 -0.002003939726884  0.005153269131250
  0.000312950207101  0.000539989943491  0.008158074644990  0.012581894664469
 -0.088324144147125  0.069862543296691 -0.001015852670507 -0.032797316461247
 -0.122662204032411  0.095663714812996 -0.000772385826216 -0.044558039532309
 -0.064595304135089  0.055732379818693 -0.002716331867413  0.003293839798086
 -0.001467012664638 -0.001826827133448 -0.007063943881381 -0.000528241837787
  0.000330898633757  0.008260311115212  0.012469773728444 -0.082753558988047
 -0.053709880243052 -0.001090439170809 -0.032918483674326 -0.121437467326231
 -0.073829202365506 -0.001171423150875 -0.062791720922625 -0.045661958291498
 -0.034254932675008 -0.001904771904391  0.006914092739680 -0.003406809843049
 -0.003507282896631  0.011870064723670 -0.000522256028673 -0.000288803328740
  0.017383021298829  0.028295624037619  0.017368766325099 -0.073424943120878
 -0.001766473750682 -0.087988631632456  0.025192611379804 -0.106932758491807
 -0.002648041220307 -0.088373112910160  0.020322117507454 -0.082830309101322
 -0.002283506225553 -0.006583116907901  0.010233559871580 -0.003650442963679
 -0.004635968298159  0.000025029114303 -0.000080240227813 -0.079437828305946
 -0.103730680118433 -0.029239481286072 -0.012908116584837  0.002095684251996
 -0.000808651672279 -0.090657188251212 -0.118125089161074 -0.045533247876805
 -0.004840966747515 -0.011729145885558 -0.000968661433929 -0.088820275912779
 -0.114088012922962 -0.039229133083211  0.009452643205552 -0.008512830034567
 -0.000949299717260 -0.074092963605916 -0.094672189312195 -0.022031534994360
  0.010251289314098  0.007586249286361 -0.000769752560304
   12 Orbital Energy    -0.482035 Occupation  1.000000
  0.015304506929393  0.023797110149021  0.037229304547427  0.098175943120337
 -0.000281237870590 -0.066366728835361  0.059024537821610  0.148451898327462
 -0.000125034312192 -0.056382880931328  0.024138725324863  0.081051274424674
 -0.003249705801246 -0.015189211876045  0.017643329695593 -0.002454117819548
  0.021878726532327  0.000272449891949  0.000758071355543 -0.011609578894082
 -0.018573180905317  0.004880935664928 -0.103393555854951  0.000414040416380
  0.049320107504475  0.004889863105759 -0.134791260527612 -0.000183386995254
  0.109986975709890  0.024195813173899 -0.059063247723866  0.006053290209477
 -0.012485561099561  0.014551462982512 -0.002065901882951  0.020762856375874
  0.000103183618401 -0.000408012090386  0.013382655704508  0.021383441222757
 -0.032764689774782  0.100826931564527 -0.000532849127232 -0.057499382652107
 -0.042790490123462  0.131542341270557 -0.000051477126606 -0.114094560328745
  0.001247358813316  0.074706800699544 -0.006235213096812 -0.008145280182944
  0.006083092426126  0.002062187756819  0.023789379791391 -0.000015754516750
  0.000388807752339 -0.017134368657388 -0.026731083948170  0.073252341849232
 -0.074889322395142  0.000006097441346  0.075192643216899  0.113147044396958
 -0.111150027822926 -0.000245108655016  0.055343724898089  0.055155841326930
 -0.059046741739328  0.003008913000825 -0.005881862596905  0.003588014791430
  0.002293847805475  0.027740808780891  0.000596983117312 -0.000622804275390
  0.000987417020506  0.001608189370221 -0.158046965024867 -0.041721877362074
 -0.000041476645099 -0.004974934911952 -0.234055276587117 -0.061595499612477
 -0.000046909705811 -0.005939732626505 -0.170544637749386 -0.045758176937456
 -0.000138684517501 -0.004755727644119  0.004984044572607 -0.000228316928488
  0.010644185756568 -0.000427746364190 -0.000110710706082 -0.046566293562047
 -0.064715802174391 -0.028469577848151 -0.001083536527694  0.007266229515052
 -0.000422578433892  0.100769547647583  0.153652003364558  0.090806281523128
  0.005404812489108  0.006361576417440  0.000977189694062 -0.098421242271413
 -0.147179576826006 -0.080788267382864  0.008281492544245 -0.002831298156577
 -0.000960254957726  0.043427953899639  0.059184164522996  0.021794710304070
  0.002199167344209 -0.006822433137647  0.000367834724442
   13 Orbital Energy    -0.468635 Occupation  1.000000
 -0.009173693888091 -0.014864889298314  0.147070010530420 -0.040085897338244
 -0.000903634181323  0.047200202227168  0.207521713815293 -0.040509785886790
  0.000268610621692  0.015769618831736  0.113587673395641 -0.001026849288840
 -0.004106225826708 -0.015472472313244  0.016226226900194 -0.000753754586950
  0.001830197002284  0.000748959531419 -0.000014790966722 -0.013846298393667
 -0.021995538131613 -0.024117925555354  0.093096956883915 -0.000130342952345
  0.063231880458667 -0.038233915522409  0.128981803125908  0.000744793517471
  0.080790322614631 -0.011604288026375  0.072063279663601 -0.001298632282848
 -0.011578548859661  0.011749523350965 -0.000170974491304 -0.015493495779725
 -0.000101458526160  0.000431347252431  0.013825530007114  0.021998397211861
  0.040045965486987 -0.087164936969617  0.000422132676539 -0.063904842202287
  0.052310348273662 -0.122777423826603 -0.000343241613814 -0.075211553614683
  0.041330812703674 -0.065799605059537  0.001743411718790  0.016009008500017
 -0.016370372603207  0.000361364103190  0.000697230959267  0.000149584014130
 -0.000338782223691  0.007952782221309  0.012980958106604  0.117633717093973
  0.092651536419908  0.000951576646393 -0.042176560871773  0.174544952134484
  0.116385313762818 -0.000105167379873 -0.005455157731089  0.101993405500653
  0.048978144250784  0.004054757727932  0.006189023890426 -0.007256853752647
  0.001067829862222  0.012850417236514  0.000619104957410  0.000275903720422
 -0.001016830794968 -0.001660826334293 -0.078111823344982 -0.013577518873288
  0.000453233666531  0.005268562215960 -0.117952587917974 -0.020970773009165
  0.000656484157601  0.004841586018478 -0.071573284992495 -0.010362921040363
  0.000619953165639 -0.004183335002664  0.003933016123427  0.000250318879237
  0.009862475902816 -0.000159172054835 -0.000067185755627 -0.116321631388920
 -0.170061299109237 -0.073189714678374 -0.010254373360796 -0.000096655282233
 -0.001235653632540 -0.050974320754528 -0.079732807326539 -0.049419260065562
 -0.006254073380498 -0.003446092124356 -0.000571330176879  0.059454284867962
  0.089675454782285  0.050955893037899 -0.007177780606052  0.001642199075195
  0.000692003030582  0.112726061340118  0.160957398178351  0.059539938203461
 -0.009417789957656 -0.005210734870590  0.001221899246585
   14 Orbital Energy    -0.456487 Occupation  1.000000
  0.000966190041835  0.001692055541429 -0.000685442599984  0.000724461277047
  0.104066535857422 -0.008802269363067 -0.003704779238530  0.000000544381676
  0.159309918967736  0.012164740413248  0.010028592756521  0.004497529359341
  0.122128665355190 -0.000145090020286 -0.000527328684942  0.000672418705227
 -0.001010651730928  0.019596345499314  0.005086813703892  0.000386312650912
  0.000705730453799  0.005471389191001  0.002275421847281  0.084399482756211
 -0.004095459169712  0.007920464026095  0.000329411972446  0.127707014574762
  0.001479741192266  0.001503797660105 -0.003567911032594  0.090529554576466
 -0.000071776683037 -0.000741602506672  0.000813379189709  0.000623379660325
  0.003006897264211  0.013412564339400  0.000476600188558  0.000845768609706
 -0.005919118425792  0.000111552218956  0.081993897383839 -0.004360531658084
 -0.007244990904457 -0.002484219487483  0.124493016404688  0.000147762393922
  0.000773363783302 -0.003139890897225  0.086091375084413  0.000161254990010
 -0.001001122283221  0.000839867293211  0.000067564767799 -0.009050171847680
  0.010314714011636  0.000854540281290  0.001509840609713  0.000743936684410
  0.000767463247374  0.100453127805092 -0.008123277504187  0.003909916948861
  0.001330763819069  0.154538374815808  0.011947238134441 -0.010283429621873
 -0.000442266447770  0.115041030785683 -0.001008742819570  0.000257466789616
  0.000751276029953  0.000834403914261 -0.020029604563257 -0.004051386438635
  0.000627894310334  0.000996513672950 -0.001133672424267  0.004792664114214
  0.191895431490525 -0.002626254036659 -0.001592108177584  0.006678303176817
  0.280234165833091 -0.015315177796424 -0.002487682018324  0.011093471814188
  0.243632266892217 -0.000220130518779 -0.000713311202148  0.000933441720927
  0.000131895160514  0.003615468346679 -0.016249022407577  0.000479609987626
 -0.002092040698970  0.007587577217626 -0.000692133819837 -0.000169811040099
  0.007665316182210 -0.003527874093419 -0.012023152948214 -0.001110823898447
 -0.000235553905819 -0.001291456773184  0.006485420395345 -0.003999131908106
 -0.012456348620064 -0.001487756890412  0.000821737490928 -0.001048480018370
  0.006195634179999  0.000646284368428 -0.001581313092163  0.007103521857398
  0.000670451898187  0.000108729620743  0.007237532398237
   15 Orbital Energy    -0.439684 Occupation  1.000000
 -0.002669729525738 -0.004353439441665 -0.066989696858398  0.063161206495997
 -0.002757812853176  0.013073172997250 -0.090349061271317  0.089285197433892
 -0.004880967423926  0.041813938917643 -0.064708648786568  0.046995218257983
 -0.000823810458354  0.013724919279939 -0.014017063931225  0.000292144651286
 -0.009610269843877 -0.000939775575227  0.000188946744848 -0.007424024343179
 -0.011820157914414  0.169564208894068  0.010714252364564 -0.003134464149956
  0.037781740805857  0.243559225498148  0.017519869760288 -0.003984311000548
  0.046452161278300  0.156791531415018  0.004808114278232 -0.005058858906871
  0.016193711153510 -0.016168366950367 -0.000025344203143  0.003829606245044
  0.000887664722938 -0.000477254366224 -0.003562447650369 -0.005667904095025
 -0.156544393375685 -0.068189421174367 -0.002734234926726  0.020756755576469
 -0.226210155112048 -0.096863830658757 -0.003482236081199  0.010743878459905
 -0.131297523536332 -0.060111463559987 -0.004989189387067  0.014062456471470
 -0.014180548611133  0.000118092139663  0.014401965963554 -0.000599602930754
 -0.000832052504802 -0.003639154778599 -0.005860323063293  0.048073960714713
  0.094450058703396 -0.002633333575154  0.016811799806183  0.065007060923317
  0.130043779559616 -0.004848050234523  0.048573913629612  0.051335400865738
  0.074934989489392 -0.000008518011992  0.002340612763177 -0.002718883106115
  0.000378270342938  0.021058157352534  0.000849426755487  0.000560840871323
  0.006818852135160  0.011112009069627 -0.014966968130210  0.034382035715842
 -0.005840286160862 -0.035321323651977 -0.022581134425401  0.052314228961259
 -0.008575629344809 -0.048965743109711 -0.016928581000707  0.042298051923044
 -0.008026374477419  0.005810616719170 -0.005721112443651 -0.000089504275519
  0.004080952098039 -0.000156016924824  0.000590269412831  0.071165785315810
  0.103168078525245  0.047425180227346  0.005821657093638  0.002173196446446
  0.000484633372335 -0.065529457731730 -0.102579891526052 -0.067949820991601
  0.006722511635199 -0.008347271833584 -0.000969054303248 -0.067703149399335
 -0.104677057455118 -0.062682534633436 -0.002175989578452 -0.010647959062076
 -0.000953034847247  0.085930358031587  0.122958293634884  0.049286621393497
 -0.007451903766604 -0.001735146258665  0.000653693305282
   16 Orbital Energy    -0.420840 Occupation  1.000000
  0.011459365578680  0.018758617751279 -0.010078648831223 -0.092242398083187
 -0.002640610304228 -0.055504607696359 -0.026105948584873 -0.145744532390146
 -0.004658254584708 -0.095145961749654 -0.002579441463781  0.002657697156461
 -0.003175804713171 -0.016847097522181  0.013605073169114  0.003242024353067
 -0.024511900048287 -0.000635057602329 -0.000388466495923 -0.013841380139877
 -0.021849118901640 -0.016869467172607  0.070968514594744 -0.002954674678449
  0.061873403054031 -0.014695456631354  0.093451288763809 -0.003596898092101
  0.130321305687392 -0.062163868388082  0.049626189909948 -0.004445384693842
  0.003197598019107 -0.003303572942925  0.000105974923818  0.003023860511800
 -0.000256578131374  0.000014879599389 -0.013950255088879 -0.022021977600894
 -0.018716618451521  0.077004550878166 -0.002891840262619  0.062700688065955
 -0.031245742307061  0.098389988091143 -0.003462935345617  0.125464007377542
  0.030408858065369  0.076290192161993 -0.004536533311259  0.003044724008771
 -0.003236783804781  0.000192059796010  0.001531515580906  0.000218717536012
  0.000163787975859  0.010545099002942  0.017286332997476  0.046864086179761
 -0.083559807537187 -0.002612995934414 -0.051003480872669  0.083052208318355
 -0.125804667128239 -0.004604834536008 -0.089666943134760 -0.004058571126661
 -0.001106372433357 -0.003059195638635 -0.028230617694664  0.024943744831884
  0.003286872862779  0.001145627612396  0.000810914757930 -0.000113939290292
 -0.034039797699141 -0.055427730720017 -0.057354984520513  0.241083897016658
  0.000196114321061  0.170376265005655 -0.082159235610045  0.346235643709391
 -0.000299667191322  0.188405837013523 -0.075747097548941  0.312327894699773
  0.003119720266635  0.002622001977063 -0.012622504815689  0.010000502838626
  0.004183265263635 -0.000189082005089  0.000841995708462 -0.013439884535497
 -0.023963810042886  0.003507954704302 -0.000603639611783 -0.008659962282896
 -0.000387614117029 -0.041341731850263 -0.085114934966659 -0.062906001534690
 -0.004488356632380 -0.004533114396084 -0.000711753627866 -0.045733673293791
 -0.090895675714443 -0.062753986349511  0.006604560889365 -0.002155211103611
 -0.000757074608435 -0.016543785384352 -0.027344184348516  0.002442325810372
  0.004695830111949 -0.007400836326127 -0.000412492827207
   17 Orbital Energy    -0.335821 Occupation  1.000000
  0.000416977576542  0.000676332549164 -0.000017360637000 -0.000739068606157
  0.035212408465199 -0.002119725014733 -0.000852118036730  0.002105483145551
  0.056009266968784 -0.016180700795574 -0.008322728585923  0.001914067330377
  0.005282283479325 -0.000523561170793 -0.000007729366327  0.000531290537120
  0.000312861646150 -0.000865363192354 -0.028803445328564  0.000922205819447
  0.001662262605346  0.000213403659626  0.001558372557351  0.139594922350798
 -0.010580596872131 -0.002686461963526  0.000189529788953  0.209543358344772
  0.018329840629567  0.001021712305304  0.013008279195648  0.215628914986584
 -0.000796781818550  0.000313797828445  0.000482983990104 -0.000034211955052
  0.009279721625582  0.007297571557778  0.000873587504181  0.001574089537755
 -0.000546158074974  0.001392603799850  0.131939338109533 -0.009978671181571
  0.002789878568453  0.001679355386393  0.199086367113797  0.016583575529215
 -0.005218487606137  0.011138142690610  0.197514123521882 -0.000663751364557
  0.000143595572396  0.000520155792161 -0.000437385556172 -0.012600785282054
  0.001379614828590  0.000354973408657  0.000565719354484  0.000471100704863
 -0.000642489939553  0.026815915973807 -0.001465161635699 -0.000091845395605
  0.002126527558820  0.043553630103012 -0.016602684493725  0.006790748955182
  0.005451094278793 -0.004622997863476 -0.000161811986654 -0.000322702501071
  0.000484514487725 -0.000505660244058  0.013246033225131 -0.024477687627208
 -0.001185576883324 -0.002008830329610 -0.001044560003498  0.003563902886421
 -0.214982991083921  0.007812572238293 -0.001476555554000  0.004955382629624
 -0.307126195971900  0.005704604098442 -0.001190517513888  0.004307921152724
 -0.311908153742290  0.000393088102188  0.000136640985735 -0.000529729087923
  0.000077130926744 -0.002307355016458  0.009148534204243 -0.000239210551169
 -0.002648940365456 -0.001057943615610 -0.000149374808623 -0.000044710887803
  0.003776379725479 -0.001788183949543 -0.009665654269876  0.010871986560269
 -0.000447379041266 -0.001239486540790  0.012221173278116 -0.001746165121995
 -0.008967571326215  0.009752592698435  0.000900947928539 -0.000857827945491
  0.011439481308376 -0.000170672504033 -0.002042373410115 -0.001547238289954
  0.000082439732025 -0.000009635445304  0.002946570099506
   18 Orbital Energy    -0.291643 Occupation  1.000000
 -0.000937266698044 -0.001719921221415 -0.001793431136336 -0.000426080914661
 -0.164368939230583  0.011790051929518  0.000373150121250 -0.001472574079865
 -0.247168985716406 -0.024360229946833 -0.010535547884646  0.000605975913728
 -0.240423385224312 -0.000482174187487  0.000813195203576 -0.000331021016089
  0.000319327688068 -0.004935316573096  0.010829952881019 -0.000668806842197
 -0.001222452723840 -0.001294054138971 -0.000431281185191 -0.108194124626065
  0.008161094841520 -0.002806023539922  0.002003918643169 -0.158445093308757
 -0.014188503061735 -0.013288276052370 -0.000615220041187 -0.185759305887309
  0.000449105019380 -0.000183173415011 -0.000265931604369 -0.000730861580859
  0.021833700342807 -0.012576989924732  0.000743417996445  0.001357789940652
 -0.001159374713483 -0.000056572400045  0.119215909713770 -0.009019119374107
 -0.001078192764697 -0.002864769238370  0.175340769191297  0.015936709426403
 -0.011973658764318 -0.004547783524261  0.203797780846435  0.000184454816813
 -0.000427836036344  0.000243381219530 -0.000731897979132  0.012124178762661
  0.021045262618299  0.000964719736278  0.001766222660523 -0.001459641877855
 -0.000334923361744  0.166267175854587 -0.011931650780965  0.000147907592334
  0.001745173817069  0.251228799957190  0.023196019485447 -0.008465172992549
 -0.004525621766060  0.234651425789759 -0.000010761705185 -0.000380832230008
  0.000391593935193  0.000723084838285 -0.000272771724889 -0.013719950339914
 -0.000016284503814 -0.000027688332940 -0.001480331999137 -0.000310753797694
 -0.002941848838429  0.000109056807783 -0.001360606060170 -0.000274554810294
 -0.004483501023798  0.000105683250401 -0.008962269359412 -0.002057297494939
 -0.003109817486511 -0.000053249954295  0.000081001172520 -0.000027751218225
  0.000184493561038  0.010675632975877  0.002532543113844  0.001470225301058
  0.011579129975126 -0.010663630905872  0.001695673330603 -0.000033151602510
 -0.014532406705421  0.000902366091253  0.008664889517708 -0.008751111124265
  0.000739700875292  0.001015014571057 -0.009634345921098 -0.001013116137854
 -0.009394142360137  0.009216821530549  0.001213039793433 -0.000651237670385
  0.010323664581273 -0.001493946762692 -0.011307074882212  0.009923441763102
  0.001528288292065  0.000769893940073  0.014252749779770
   19 Orbital Energy    -0.059207 Occupation  0.000000
 -0.000679994660557 -0.001288072715453 -0.002911761253422 -0.001013384764754
 -0.173715852795564  0.012140594688414 -0.002789441487456 -0.001740119567762
 -0.252540332985620 -0.065107083913321 -0.027245137289500  0.009970170518064
 -0.466707027978967 -0.000412512922004  0.000345897717421  0.000066615204583
  0.000190272005074  0.013300299681725  0.000174288193835  0.000944657335798
  0.001656529120210  0.000829814961412  0.003130061586589  0.103409121568151
 -0.010202314018314 -0.003647850640991  0.003740986311347  0.142073567330265
  0.034201439869372  0.002576454309120  0.033342310369532  0.332734400309401
 -0.000352927590861  0.000926181986559 -0.000573254395697  0.000440069676258
  0.025842253903520 -0.022575626432555  0.000704389465840  0.001254599919705
 -0.001543476030863  0.002076324258050  0.089716353205174 -0.008305298778554
  0.002184540762837  0.004754949302475  0.123623724287092  0.025127503564302
 -0.007733189464489  0.020849590503435  0.278658996482930  0.000115945855468
  0.000275782853501 -0.000391728708969 -0.000862327813672 -0.014671975033322
 -0.031312738069449 -0.000587676003502 -0.001127224585815  0.002574682610852
  0.000269939995644 -0.167913265186244  0.011207925255226  0.002916709364960
 -0.000806350190899 -0.246405541251311 -0.056539700016015  0.014413394704225
  0.017177462023635 -0.432962039138797 -0.000173631543469  0.000124087057270
  0.000049544486200 -0.000408011897372 -0.011292356998846 -0.003703496874895
 -0.000464469345635 -0.000603745645440  0.000702747838676 -0.002554289139041
  0.147288174606930 -0.001862988976847  0.000966456240724 -0.003427917764196
  0.195719303004895  0.036044526722030  0.003118288915757 -0.014838533908879
  0.309206787909009 -0.000182666403512  0.000081433560611  0.000101232842902
 -0.000050221613293 -0.000394257297469  0.002747326545561  0.002176454633022
  0.020327612180046 -0.028813947978489  0.002059510829895 -0.000693589511954
 -0.021651165433619 -0.001454020323745 -0.015590394346638  0.046388497769604
 -0.000349280346822 -0.002040768809084  0.014678622993496 -0.001328864264809
 -0.014269375101931  0.033158927278231  0.001030317022876 -0.001499620028848
  0.012662453403136  0.002119917379595  0.019225568660769 -0.023328430930212
 -0.001480181731529 -0.001428427432956 -0.020134118426724
   20 Orbital Energy    -0.028737 Occupation  0.000000
 -0.001688259386565 -0.004280196834346  0.047448703094271  0.014763716659640
  0.000255585179297  0.028822518692704  0.061364978114117  0.009598680378109
 -0.003283224138906 -0.353281210689517 -0.066587223768243  0.074146117299621
  0.004186095711836  0.010944473232506 -0.011485861913702  0.000541388681196
 -0.016520483116545 -0.000600578989998  0.000638573395065  0.031635230994507
  0.049576553509394  0.039402719939241  0.097427277350029 -0.003362057529153
 -0.114395881221026  0.026855232195791  0.077378735546685 -0.016495952873318
 -0.854227959782347  0.329340208603264  0.773542726473483  0.015866211940667
 -0.010689096092588  0.014499200822648 -0.003810104730060  0.017416331848744
 -0.000682082448432  0.000454881084706  0.020045209361953  0.031061792251756
 -0.057671720626410  0.042719239241512 -0.004946768702023 -0.064205848360706
 -0.046806318410802  0.036268254537347 -0.014827060337815 -0.777594008129361
 -0.280658474269262  0.185148339897353 -0.002777975724419  0.007340501395696
 -0.006036566045538 -0.001303935350158 -0.022180807045999  0.000586927821097
  0.000900814409711 -0.001216292418901 -0.003101778573424 -0.034526396405480
  0.006200568324359  0.003010020953326  0.019494758503737 -0.042729564826035
 -0.010463803674315  0.002140882431093 -0.050245348522396 -0.001530502385821
  0.070806324222973  0.011502303684784 -0.006218511234406  0.005458382543336
  0.000760128691070  0.017627321947978  0.000247495233785  0.000975385206444
  0.012010217958935  0.020094624041862 -0.012437672643315  0.058387280155436
 -0.002330264985453 -0.072822031901390 -0.016455445989214  0.081501210117194
 -0.003541192648738 -0.083680960019065 -0.033855835251055  0.100047189892166
 -0.004275875833325  0.000418292384714  0.000789528918667 -0.001207821303381
  0.000670216799481  0.000100068843995  0.000171979016082  0.006803380755485
 -0.042905033736235  0.209174065348729 -0.010431200258082  0.000976698734135
  0.000420957342537  0.024512730622360  0.038865338609785  1.641521675010817
 -0.008580595281297 -0.026919757788499  0.000518891618094  0.023298041627162
  0.011827548680516  0.968912106199156  0.013139356281215 -0.016900158972598
  0.000119682252890  0.007736201088963 -0.024244716203733  0.093436513559374
  0.004938824611348  0.005090964059338  0.000572726328340
   21 Orbital Energy     0.006374 Occupation  0.000000
 -0.006876258790881 -0.010431822072911 -0.031018517768194  0.029153454874394
  0.067095788096998  0.016453953613366 -0.024203827243272  0.016733399096813
  0.098520183786572  0.706507003561199  0.038352054451375  0.084798378608446
  0.248523142956563 -0.005933831706639  0.003333525593530  0.002600306113109
 -0.006021456506904 -0.005773497894337  0.014431074587074 -0.019711813509323
 -0.031655776669874 -0.007987568002741 -0.055623762574349 -0.092385613649041
  0.093022967682837 -0.004143110312286 -0.042443968984135 -0.117065210812827
  0.058856381552571 -0.251809223049008 -0.835307402618066 -0.398153408163245
 -0.004877881811116 -0.001379598182389  0.006257479993505  0.006656200735030
  0.006739163289450  0.009595355260114  0.031153683154977  0.050234300193579
 -0.049919257376115  0.064178912279665  0.095989100089641 -0.144634145201094
 -0.026790658142046  0.058149333775827  0.119457750413562 -0.321769021957445
 -0.767360849868818  0.737494653787719  0.414813743441956  0.000576818013051
  0.005646868827713 -0.006223686840764 -0.007121262750810  0.009022959156948
 -0.006965700707375 -0.008174759887947 -0.014146547971441 -0.038998299524971
 -0.015041056607260 -0.073956854749158  0.052860952472436 -0.052556990584814
 -0.003866958045867 -0.108830734345313 -0.464875490197727  0.076840515458171
  0.108327397278357 -0.266088008756767 -0.001012699011075 -0.000246464446323
  0.001259163457398  0.007545350251155  0.001077860239073 -0.015183434452417
  0.008030288210916  0.013185858241463 -0.005567319490267  0.026661048749487
  0.002161797180428 -0.041425310227841 -0.012017772536751  0.037421061796093
  0.002356061016442 -0.113866415764183  0.043866550761992  0.070991215528733
  0.005858630689249  0.003102486201186 -0.002403228509391 -0.000699257691796
 -0.001781272146903 -0.007571526923286 -0.001585674055935 -0.005622616663182
  0.004453239974864 -0.334666204067431  0.007866630572772  0.006203407461438
  0.008380583239894  0.003142312502873 -0.026194122990010 -1.120296336282297
  0.010417806248651  0.008946039569311 -0.014100905311084  0.012897224562999
  0.064116299741564  1.563179479160297  0.018037602256009 -0.012466115770732
  0.014540718065791 -0.006909486016637 -0.049431136374195  0.091265556262811
  0.005348951681932  0.001556514309506 -0.009141821955395
   22 Orbital Energy     0.009759 Occupation  0.000000
  0.008943505885597  0.014111824572387  0.028259475671166 -0.024410093065943
  0.099852248696778 -0.038201690207173  0.022947357308925 -0.022835610725622
  0.139086964767426 -0.447530657229989  0.065952303529762 -0.092807301015612
  0.382914575878772  0.006489374643756 -0.003309451886244 -0.003179922757513
  0.003823461595150 -0.009021400947049  0.022687504202026  0.011307680279564
  0.017779943317903  0.004721712013852  0.035804030445292 -0.144714050968201
 -0.038960527375540  0.003008316303209  0.027006745889838 -0.197702027169277
 -0.199791125781840  0.131408139515933  0.481770783038222 -0.574626326722383
  0.003613584938500 -0.000495163649695 -0.003118421288804 -0.004970792338824
  0.012136349741256  0.015591286352060 -0.018965157214758 -0.030410778943183
  0.029336732006862 -0.039240870943244  0.151792097703003  0.076254423234450
  0.012322237670955 -0.034800339976279  0.210841023545312  0.344490759881884
  0.445227750766511 -0.432414077263898  0.587117323532199  0.000937884041346
 -0.003521210228522  0.002583326187176  0.004062289799129  0.015804938874757
 -0.010948028750949  0.006920094421004  0.011595588722780  0.031419715394304
  0.007449296567596 -0.109911607748552 -0.032164428359579  0.039848524682334
  0.004404281757699 -0.155576997754226  0.161024561178375  0.000861033074331
 -0.058033714549101 -0.403207600834585  0.002128103800070 -0.001139732721504
 -0.000988371078566 -0.006190149034397  0.001618470399967 -0.024932165610698
 -0.007376468396122 -0.012089313239325  0.006994993823040 -0.022721195030607
  0.003687130183097  0.037389068164420  0.011931300154557 -0.032545361760513
  0.005470505268655  0.108991074566169 -0.008198469217224 -0.055596691365159
  0.006007455104426 -0.002768991103947  0.002067949376175  0.000701041727771
  0.000551599729197 -0.011308304275016 -0.002530269555028  0.005996757963094
 -0.010813437902579  0.373671713374036 -0.009527945099307 -0.004391250749071
  0.013675852130650 -0.000549871743125  0.039246887305297  0.677174327222194
 -0.006022902177940 -0.003066996861845 -0.021800061696378 -0.011495341772597
 -0.072113061208500 -0.947011056849780 -0.008901952709291  0.006437175600417
  0.021881859780243  0.008943032621802  0.056990451865244 -0.074885080465851
 -0.004571044922458 -0.002960807596557 -0.013996179280832
   23 Orbital Energy     0.019092 Occupation  0.000000
 -0.054421246051308 -0.087903940680653 -0.021573102383369  0.085209561412712
  0.008192612752282  0.245083094092259  0.002721539848968  0.114080649125408
  0.017721846675614  0.843231297743079 -0.503533369712291  0.444608715086723
  0.016409081600218 -0.017434067789274  0.001963406739140  0.015470661050134
 -0.016513810772040 -0.001171721767907  0.002452944965321  0.015381484623272
  0.026407095634985 -0.001248123210551  0.004621802599437 -0.011173588637631
 -0.096206298174380 -0.026686019825198 -0.007652440772070 -0.016801061806740
  0.225161866104662  0.254865103096332  0.426762592450972 -0.035345180073145
 -0.008995581233021  0.008938762744557  0.000056818488464  0.000122562123082
  0.001227477168697  0.001706163518391 -0.005068421673782 -0.007075625742592
  0.029465277899301 -0.021188920590580  0.012285032519633  0.008931074105675
  0.049710429667788 -0.014217840744954  0.019641235952227  0.020408540917337
  0.310532462024329 -0.257056395258832  0.040087387990169 -0.006594127927914
  0.000843682065397  0.005750445862518 -0.009669608740113  0.001337283161616
 -0.000844709610560 -0.034878716234784 -0.055839878201454 -0.023032310125533
  0.071507175859703 -0.008251696221172  0.147154133203595 -0.039655864794641
  0.075886598735466 -0.008529730005416  0.870887514843544 -0.123381533882132
  0.309585973945932 -0.035112877013287 -0.025704059064839  0.015294831026456
  0.010409228038383 -0.004603994657942  0.000261384371485 -0.001627093063956
  0.034159854426158  0.055846721675034  0.002446756494103  0.100110857924506
 -0.000407708416211 -0.169074510824780  0.001362729018909  0.147384799067599
 -0.003211567250214 -0.535366255613387 -0.009890466059393  0.221941027263277
  0.007390502553946  0.011380774388971 -0.008008184496402 -0.003372589892569
  0.007424034572138 -0.000897959725043 -0.000017261941179 -0.051618608911947
 -0.156711899055805 -1.242885747542474  0.020829389298509  0.012673493701638
 -0.000187211114222  0.020838619791238  0.109538045530468  0.532302690996628
  0.003735872803492 -0.008342477041692 -0.001450292806186  0.010211396835225
  0.013523024995305 -0.492595409268405 -0.007659796558329 -0.002914244078604
  0.001837592960385 -0.045372636973608 -0.096595796275036 -0.654850401182222
 -0.019577534428228  0.004460249343473 -0.002158156842025
   24 Orbital Energy     0.049793 Occupation  0.000000
  0.030462483785572  0.049478693444008  0.062979549177566 -0.009727640002982
 -0.006532689374837 -0.147999075405088  0.043793561402792 -0.028042398363031
 -0.019473092826665 -0.570776582505119  0.764186749943953  0.033408492785596
  0.005878815350230 -0.006743087238210  0.013996929269944 -0.007253842031734
 -0.004599566684036  0.000569759282637 -0.000986450947500 -0.009262732453347
 -0.015497104078732 -0.043074988851911 -0.005354725477294  0.004694953097884
  0.056138101929215 -0.055462651932393  0.000409059121893  0.007728005603349
 -0.453778538427980 -0.671277166473114 -0.486277015592434  0.008593726556750
 -0.004849270084703  0.000111235342526  0.004738034742177  0.005080109369921
 -0.000023845643854 -0.001384901193910  0.010945201310563  0.019160163896148
 -0.013873612723334 -0.019626785603614 -0.002772040077231 -0.084802877856802
 -0.012475074167123 -0.015281400908731 -0.003190201408200  0.746457145542389
 -0.659480783996741  0.105490099999257 -0.006795143326387 -0.005506983902718
  0.008081360132680 -0.002574376229962 -0.010720952967989 -0.001065708526986
  0.000305194133825 -0.053249768929689 -0.086726989754817 -0.017240311595137
  0.090201531757573  0.002562689539882  0.258407711001765 -0.067878234501118
  0.127595061368820  0.011183125740090  0.815113855400755  0.372525185193006
  0.599184467474404 -0.007596425389458 -0.013367121764934 -0.005336121481108
  0.018703243246042  0.011124587423639 -0.000179602207553  0.001314751947092
  0.017637800502204  0.028765146585482 -0.125103902625876  0.015241254114740
  0.000493050023543 -0.084934886359593 -0.170648135997301  0.023825265337249
 -0.000454214097356 -0.328593534233991 -0.282232904908080  0.061142816588443
  0.003303867377438  0.007082902785397 -0.005597003046511 -0.001485899738886
 -0.003946424099377  0.000137259395483  0.000262209971421 -0.003752250280917
  0.004531809514982  1.260196653747503 -0.017580634769473  0.000993192875697
 -0.000578706594884 -0.004145243288077 -0.075859105349449 -0.649848116197443
 -0.002319797494212  0.005423445354899  0.000749295872453  0.029797186857806
  0.159277428705423  0.379546702705712 -0.001223681191586 -0.006464205183561
 -0.000100224006960 -0.030679467748312 -0.120602301020808 -1.247591072791533
 -0.023318163369444  0.003737197834634 -0.000717434253692
   25 Orbital Energy     0.073267 Occupation  0.000000
 -0.015433724604376 -0.025865444600550  0.131332425829654  0.121720957331898
 -0.009326457251334  0.087915505963331  0.157689094333083  0.202277407386974
 -0.024024341215814 -0.100831916559788  0.701087507562603  0.583775210540224
  0.007804698784259  0.011079344421466 -0.026984670086428  0.015905325664961
 -0.023782270128992  0.001025445955675  0.000145051277645 -0.011041889494858
 -0.017007006627416  0.015790672969372 -0.016893541949311  0.004740672586133
  0.017636777542988  0.020840103007229  0.014963160809816  0.011027860997325
  0.946918254340144  0.150025109798699 -0.174844388233172  0.000180979272888
 -0.038017086768204  0.035307677853983  0.002709408914221  0.008409326127270
  0.001838502388887 -0.001654233133485  0.004437076232678  0.007579622132197
  0.079232249295280  0.022128513170219  0.001331013236920 -0.031330647961780
  0.079519904210981  0.035901624103528  0.004919955725894  0.149463848129773
  0.754479210809466  0.274810453882591 -0.008457242650484  0.011265469267883
 -0.010597835427679 -0.000667633840205 -0.007552991514189 -0.000523310528795
 -0.001170426610103  0.020638524625548  0.033107868073695 -0.045825162102607
  0.001751514010976 -0.004889801371597 -0.092454209244906 -0.044195919115069
  0.015086552262145 -0.016045630379435 -0.815122737069107 -0.409144221054187
  0.164288117593708  0.013188015342235 -0.006515356048008  0.008050768929294
 -0.001535412881286 -0.006303168206391 -0.000208178153282 -0.000054489076085
  0.032477429934147  0.052775278952706  0.092382830383774  0.091088904042986
  0.001217176294820 -0.150459769466245  0.124395526627626  0.124427431459363
 -0.000010172938236 -0.710388975062560  0.230237225487847  0.303364728529271
  0.002858308117028  0.001479113469407  0.000462884880607 -0.001941998350014
  0.008216645453003  0.000307915182487  0.000728419959465 -0.008358041089203
 -0.052985808150889  0.986750891797210 -0.018677372481206  0.027849194320755
 -0.001487694395910  0.048056361852767  0.175333910884064 -0.500175585848305
  0.000705633278394 -0.001044562641930  0.001595087708906  0.023766367229974
  0.079690337463968 -0.559111434998120  0.002748855645739  0.012376177920013
  0.000454167115390 -0.014481526250099 -0.067777885110857  0.742818112287842
  0.008512076578653  0.008304000291017 -0.000909011684353
   26 Orbital Energy     0.083032 Occupation  0.000000
  0.015664500365904  0.025346935779426 -0.057930174842039 -0.029317076636913
  0.001368291674665 -0.074792481552251 -0.077415859640879 -0.050119504669498
  0.001953670774311 -0.626159743215154 -0.393078688710981  0.116603348790156
  0.004444429629155 -0.015255933540208  0.021572893834403 -0.006316960294195
  0.010701798893407 -0.000508256209900  0.000331276841099  0.018716066113141
  0.030774875106566 -0.092028804251241 -0.005312421779883 -0.001922687598079
 -0.091203589416226 -0.096809184581872 -0.011604624772663 -0.002278882207668
 -0.183917600981820 -0.820007080429097  0.235198883646926 -0.007347560711983
  0.027274841762393 -0.021770812099428 -0.005504029662965  0.012041287785257
  0.000079429898994  0.000454369564908 -0.022944194801954 -0.036881750450903
 -0.049609279302549 -0.035247069404863  0.005322287339617  0.084041829735940
 -0.075534570680398 -0.018113066046289  0.010996842734319  0.838306044642237
 -0.230887614923647 -0.486802874658021  0.003892562841915 -0.027071549907021
  0.021366413595868  0.005705136311152 -0.040784790205495 -0.000399717682074
 -0.002190720861777 -0.007879375425920 -0.013187807325609 -0.182512913172714
  0.026969052104104 -0.008840952429598  0.044382614785177 -0.242575957204674
  0.078658175781512 -0.024164901056094  0.000093211552085 -0.997760521409848
 -0.072897358018278  0.010644411364486 -0.006877809594053 -0.005079880252216
  0.011957689846269  0.038847936866465 -0.000901334647818 -0.000801266274071
  0.016505859581206  0.026865408603585 -0.145040556592454 -0.000714760026223
  0.000833241549529 -0.077393157133578 -0.195515083885180 -0.000688363176934
  0.000345215858452 -0.360509923929046 -0.410831059905018  0.028067652334893
  0.001602779919393  0.005702128307539 -0.004674255426436 -0.001027872881104
 -0.008052921871126 -0.000920957043606  0.000155100379405 -0.019168379747225
 -0.082681170585178 -0.296423547764000  0.007322498929427 -0.010867750503059
 -0.000297722521219  0.006481331688364  0.043903794964379 -0.080850552499945
 -0.010652972325896  0.009297628649016 -0.000458930692255  0.031774298889790
  0.088164334724413 -0.479756459773746 -0.001842702325993 -0.005956427883330
  0.001559911841528  0.011971566455594  0.031087396711022  1.294747436853201
  0.011428593743060  0.034628643486669 -0.000902498691634
   27 Orbital Energy     0.203897 Occupation  0.000000
 -0.017372227362013 -0.026541152536234  0.036623566442386 -0.052348526257117
 -0.006561691830581 -0.005849900028122 -0.017830769183299 -0.082574834089749
 -0.022502753500434  2.007739207203275  0.851235145367506 -0.749495221928393
  0.018311750001872 -0.018764288953753  0.002804931178464  0.015959357775289
  0.024788134769218 -0.001165315787182  0.000596168900889  0.020084308810007
  0.033828064259489 -0.029316223992830 -0.067123580348414 -0.005795417763275
 -0.136095710329615 -0.164893762523715 -0.128167388127729 -0.024961638920320
 -1.435758092231945  0.685065559083761 -1.322551762071499  0.020941119652698
 -0.011150416203031 -0.006229805171620  0.017380221374650 -0.044971389969771
 -0.000023447121587 -0.003106180050490  0.018064155723123  0.030414193678150
  0.053131956026908 -0.042936175145006 -0.005408573354394 -0.123258116680876
  0.196081903902204 -0.031597883140696 -0.023463984150769 -1.319749588049796
 -0.021660820480200 -1.397144443301653  0.018899624075935 -0.042580758131992
  0.024875324887515  0.017705433244478  0.024565087438764  0.001582327095408
 -0.002696767738396 -0.015098913838954 -0.022961899365954 -0.015499376028893
 -0.067480361005634 -0.006158037608833 -0.008267928648579  0.037240886986316
 -0.077801359721090 -0.021303604790089  1.833004447945954 -0.439947393403949
 -0.969139511816462  0.018549432997362  0.002326599433798 -0.017692186035826
  0.015365586602028 -0.023903978462033  0.000729812689070  0.000986943175797
  0.009078672601994  0.013471949571992 -0.002730524694412  0.015748016005027
 -0.001278699393231 -0.005826839906874  0.002775521732171 -0.003606515123138
 -0.002917713019646 -0.517089848921327 -0.071326749029757  0.303456326033173
 -0.003226895401475 -0.005957242512326 -0.002657501594113  0.008614744106440
 -0.000835371723762 -0.000061719267255  0.000394226261136 -0.043741772863373
 -0.327581913108351  0.637059191267659 -0.018091234881658 -0.002337844941934
 -0.001278219152465 -0.061070290698052 -0.551880665952677 -0.203367185457579
  0.025038230433887 -0.010841171244636 -0.001513030933527 -0.060923805554817
 -0.528078667316281 -0.216838291021640 -0.017782422438840 -0.020215499933901
 -0.001429007958320 -0.037944193429960 -0.282131298316592  0.647680623522457
  0.017463727333226  0.006826433426011 -0.001190987133552
   28 Orbital Energy     0.236036 Occupation  0.000000
 -0.010515405388185 -0.018784911588317  0.057910060194819 -0.087599653478264
  0.008672659988699  0.122094007183613  0.184646289264646 -0.189936249551332
  0.033119605467867  1.077185757508406  0.390472312406288 -0.784728899981192
 -0.035933424939068  0.047926992087706 -0.025247783738208 -0.022679208349498
 -0.001611607638470  0.002609046658909 -0.002055032072408  0.007777566778965
  0.009557234491250  0.014253660681682  0.020439919073451  0.009380247541637
  0.102828759823236 -0.033733150316403  0.212944560813357  0.037439093047806
 -1.326364948492604  1.162747752651969 -0.712396904263414 -0.036786526591443
 -0.012627316476201  0.036887821788247 -0.024260505312046 -0.005103947903215
  0.002104077255777  0.003119543464098  0.015957819441552  0.023387693798657
  0.009389334221740  0.007709077274782  0.008657435823185  0.055956479846773
 -0.032817900004880  0.163944507550279  0.032701854177267 -2.031768823211979
  0.065559775868626 -0.999702994673787 -0.027900820083432  0.002324822013506
  0.019692397589832 -0.022017219603338 -0.021002289953252 -0.003018048772061
  0.001077783732104 -0.017123216051982 -0.029228328880541 -0.031806083516144
 -0.066670604880963  0.005343519100820  0.122792317725878 -0.094482216278364
 -0.177822726741450  0.021336881072538  1.307339248477478 -0.350787273941299
 -0.833717361146712 -0.021035361164867  0.025725630732974 -0.008402378959881
 -0.017323251773093  0.033435276942175 -0.001178708213174 -0.002615385278278
 -0.004901070048767 -0.007799172933497 -0.039975965938003  0.044589889577096
  0.001281006959354  0.020276601805156 -0.056453280953399  0.074209792965966
  0.001325763692601  0.051006872245174 -0.124008260399306  0.065546433725794
  0.009367279902738 -0.010335434591125  0.010739126248232 -0.000403691657107
 -0.007372967938650 -0.000102809398208 -0.000273523387878  0.074255530110756
  0.535287628066437 -0.047804785678987 -0.001994133070759  0.006672132965568
  0.002159824866215  0.062372846653248  0.673258235282172 -0.417663709900235
  0.037497140271691  0.008679039917768  0.001390615956205  0.061355318828609
  0.580914475985284 -0.620497275989590 -0.032885745458868 -0.003928366678050
  0.001593194621879  0.041851100945108  0.367957963595781  0.138142506755137
 -0.002291111343545  0.008423171310765  0.001374976356144
&
&hess
   1
   1  7.034656E-01
   2 -2.387591E-01  5.276994E-01
   3 -9.551249E-04  6.949394E-04  1.208883E-01
   4 -1.972848E-01  1.680525E-01  3.399306E-04  5.387011E-01
   5  1.888834E-01 -3.831480E-01 -5.571210E-04 -2.905063E-02  8.368101E-01
   6  3.670072E-04 -5.316945E-04 -5.635773E-02 -5.645857E-04  7.168524E-04
   7 -5.184988E-02  5.309630E-02  1.332802E-04 -2.041828E-01 -3.913202E-02
   8  4.652200E-03  1.548544E-02 -5.039459E-07 -6.540993E-03 -1.118147E-01
   9  8.881177E-05 -6.590492E-05  1.225318E-02  1.884910E-04  1.604551E-06
  10 -8.474755E-02 -3.582389E-02  9.373368E-05 -1.569679E-02 -2.009210E-02
  11 -4.894506E-03 -2.400701E-03 -9.565894E-06 -6.849229E-02 -2.067324E-02
  12  1.274609E-04  3.395400E-05  1.216042E-02 -2.030406E-05 -6.423226E-06
  13 -6.604257E-02  7.972882E-03  7.523465E-06 -9.807834E-03 -2.711318E-02
  14  3.945352E-02 -7.767823E-02 -6.649339E-05  7.223588E-03 -6.296201E-02
  15  4.981774E-05 -2.326336E-05 -6.241847E-02  2.858382E-05 -3.197173E-05
  16 -3.075384E-01  2.961595E-02  3.690728E-04 -7.637782E-03 -3.778795E-03
  17  2.582431E-02 -6.012887E-02 -6.129812E-05  2.419576E-02  6.432699E-03
  18  3.601079E-04 -6.439063E-05 -2.821713E-02  4.202800E-05  4.052269E-06
  19  9.909173E-03  1.306205E-02 -1.191465E-06 -9.572335E-02 -8.851266E-02
  20 -1.419602E-02 -1.192975E-02  8.144832E-06 -8.651195E-02 -2.703823E-01
  21 -2.692245E-05 -2.938508E-05 -7.567476E-04 -1.980757E-06 -1.054400E-04
  22 -5.289117E-03 -2.509074E-03  7.779288E-06 -9.430618E-03  1.887726E-02
  23 -3.759712E-03 -2.724322E-03 -2.797643E-07 -8.012376E-03  1.074650E-02
  24  6.985843E-06 -1.724748E-06  2.880416E-03  3.489231E-06 -1.313173E-05
  25 -8.436581E-04  5.392844E-03  5.621785E-06  1.000570E-03 -1.335317E-04
  26  2.897622E-03 -5.062260E-03 -8.169032E-06 -9.238695E-04 -5.116524E-03
  27  3.477465E-06 -1.227854E-05 -2.982527E-04  3.969573E-06 -9.144346E-06
   6
   6  1.213312E-01
   7  1.476599E-04  5.741971E-01
   8 -4.153609E-05 -1.008108E-01  8.014384E-01
   9 -5.926835E-02 -6.666804E-04  7.549571E-04  1.213197E-01
  10  1.813878E-05 -9.196583E-02 -4.491624E-02  1.531595E-06  4.791120E-01
  11  5.743499E-05 -2.410134E-02 -4.885558E-01 -3.676956E-04  2.147580E-01
  12  1.225556E-02  2.146957E-05 -3.436364E-04 -5.635106E-02 -2.537329E-04
  13 -5.410297E-06 -2.817100E-02  4.432032E-02  8.799380E-05 -4.944532E-02
  14 -7.460014E-05  9.973748E-03 -4.460095E-02 -6.120969E-05 -2.551432E-02
  15  6.370193E-03  5.383595E-05 -1.052477E-04  6.371293E-03  1.347464E-05
  16  1.178972E-05 -6.229363E-04  2.357910E-03  9.361538E-06  1.622350E-03
  17 -2.872272E-05  3.142221E-03 -3.493625E-03 -1.258235E-05  4.050495E-04
  18  5.415635E-03  1.045641E-05 -1.239007E-05  5.340084E-03 -2.541308E-06
  19 -3.616644E-06 -1.154406E-03 -2.475464E-02 -2.293471E-05 -7.266084E-03
  20 -1.106439E-04  2.120960E-03  2.465017E-03  7.347769E-07  1.522838E-03
  21 -3.383734E-02  2.182878E-06  3.479447E-05 -1.090075E-03  1.428613E-05
  22  2.806340E-05 -1.996056E-01  1.235485E-01  3.207914E-04  5.163995E-03
  23  2.102937E-05  1.215413E-01 -1.665370E-01 -2.733514E-04  2.265835E-02
  24 -1.091642E-03  3.181880E-04 -2.751730E-04 -3.383337E-02  1.348453E-05
  25  5.199626E-06  3.237423E-03  2.194555E-03  4.864028E-06 -2.368577E-01
  26 -8.394533E-06 -2.577107E-02 -4.446201E-03  2.325181E-05 -1.131920E-01
  27  5.340207E-03 -2.062496E-05 -1.132418E-05  5.416890E-03  1.580991E-04
  11
  11  7.520326E-01
  12  3.136593E-04  1.208870E-01
  13  5.965609E-03 -1.428046E-05  1.687209E-01
  14 -9.424198E-02  3.405440E-06 -2.457017E-02  2.681758E-01
  15 -3.773821E-05 -6.241821E-02 -9.687292E-05  1.828212E-04  1.087229E-01
  16 -2.083707E-03 -4.521322E-06 -6.051680E-03  2.913920E-03  2.321793E-06
  17 -7.527999E-03 -7.585119E-06 -2.355349E-02  5.407485E-03  4.042578E-05
  18 -3.294231E-06 -2.983997E-04 -2.074667E-05  7.782973E-06 -6.357688E-03
  19  2.542182E-04  1.313915E-05  7.350776E-04  4.943747E-03  1.423576E-05
  20 -7.462747E-04 -5.495638E-06  6.572836E-04 -2.122440E-03 -1.049448E-05
  21 -3.884930E-06  2.880013E-03  1.024569E-05 -1.571956E-05  8.091491E-03
  22 -4.616318E-03 -1.176914E-05  2.405166E-03 -2.698407E-03  4.317428E-06
  23 -7.187566E-03 -3.476428E-05  1.574725E-03 -3.792149E-03 -1.292503E-05
  24 -4.104803E-07 -7.548380E-04  8.965246E-06 -8.205282E-06  8.091486E-03
  25 -1.169813E-01  1.559149E-04 -1.199639E-02 -1.152372E-02 -4.030382E-06
  26 -1.307346E-01  4.709029E-05  1.494889E-02  1.135352E-02 -2.300175E-06
  27  5.090110E-05 -2.822749E-02  2.204000E-05  3.183144E-05 -6.358603E-03
  16
  16  3.206579E-01
  17 -2.966397E-02  5.711772E-02
  18 -3.897404E-04  6.708781E-05  2.417342E-02
  19  7.872827E-05 -6.571016E-04 -4.665384E-06  9.247213E-02
  20  5.150863E-04  2.634553E-04  2.434752E-06  9.637574E-02  2.824100E-01
  21 -3.206293E-06  4.002325E-06 -3.031221E-03  7.427964E-06  1.143544E-04
  22 -3.320722E-04  1.290871E-03  2.510033E-06  6.322537E-04 -4.515722E-04
  23 -1.937449E-04  7.831742E-04  4.637114E-07  8.061055E-04 -8.639618E-05
  24  1.052025E-06 -1.616993E-06  6.112866E-04 -1.322948E-06  1.414272E-06
  25 -1.812795E-04 -9.785661E-04  2.566404E-06  3.215480E-04 -3.467799E-05
  26  3.196060E-04  1.151321E-03 -1.670113E-06 -1.518445E-03  1.292256E-04
  27  3.541430E-06  3.021257E-07  2.369546E-03 -1.014480E-06 -3.992915E-07
  21
  21  2.809207E-02
  22 -2.379277E-06  2.063985E-01
  23 -2.415868E-07 -1.339947E-01  1.685178E-01
  24 -9.519009E-04 -3.463295E-04  2.965208E-04  2.808769E-02
  25  3.877309E-07  5.816757E-05 -6.165188E-04 -4.490157E-06  2.452771E-01
  26  1.500825E-06  5.552562E-04  2.842750E-04  2.346595E-06  1.226751E-01
  27  6.111915E-04 -3.330229E-06  3.782635E-06 -3.031305E-03 -1.662069E-04
  26
  26  1.324429E-01
  27 -5.374201E-05  2.418385E-02
&
