MAEFILE: furfural_raman_sdf.01.mae
&gen 
isolv=2 
basis=6-31g** 
rsinglet=0 
dftname=b3lyp 
ifreq=1 
iraman=1 
iacc=2 
&
&zmat
 O1             -0.6263000000             1.1312000000             0.0001000000
 O2              2.6036000000            -0.3523000000             0.0001000000
 C3              0.2861000000             0.1243000000             0.0001000000
 C4             -0.3439000000            -1.0985000000             0.0000000000
 C5             -1.7326000000            -0.8253000000             0.0000000000
 C6             -1.8522000000             0.5449000000            -0.0001000000
 C7              1.6652000000             0.4756000000            -0.0001000000
 H8              0.1331000000            -2.0684000000            -0.0001000000
 H9             -2.5446000000            -1.5378000000             0.0000000000
 H10            -2.6939000000             1.2219000000            -0.0001000000
 H11             1.8989000000             1.5538000000            -0.0003000000
&
&guess  basgss=6-31g** numd=6
    1 Orbital Energy   -19.238973 Occupation  1.000000
 -0.992661551164469 -0.025552959469566  0.000202927805054  0.000965010306397
 -0.000024958489359 -0.014490785986470 -0.000296477727432  0.000635760770061
  0.000010882977722  0.008349291019487  0.008372089368982  0.008318543337866
  0.000057904366477 -0.000000062254903 -0.000000737274289 -0.000021691428694
 -0.000096509707950  0.000037137369477 -0.000020882572078 -0.000000016554526
  0.000243091621380 -0.000096288816637  0.000101748187063 -0.000000191546511
 -0.000044503376703 -0.000068169211590 -0.000105569821326 -0.000005390059511
 -0.000000002784077 -0.000000066941075  0.000015700693401 -0.000257610613401
  0.000249518169862 -0.000342927585731  0.000000373858170  0.001152306953607
 -0.001469885787141  0.002414618292971 -0.000003997125617  0.000020855980524
 -0.000089043695078  0.000036736170347 -0.000018635912458  0.000000106300897
 -0.000000155794373 -0.000002821778035 -0.000158904497367 -0.000036337110700
  0.000056798060161 -0.000000214591443  0.001265283046777  0.000820875203819
  0.000042479364898  0.000001423558862  0.000082448339163  0.000166118237980
 -0.000001145322872  0.000006187556443  0.000000342205138  0.000000057821294
  0.000013368115398 -0.000048367226167  0.000063396375875  0.000036089858181
 -0.000000020212757  0.000006338295180 -0.000653302618028 -0.000397479616355
  0.000000664159506  0.000065086470559  0.000148375527499  0.000032859063906
  0.000047142717526 -0.000000151608659  0.000000187259987 -0.000002349823383
 -0.000301302061597 -0.000345217268911 -0.000226610548344  0.000000085545639
  0.001911034144326  0.001256972580247  0.000606274941011 -0.000002690932712
 -0.000093919722141 -0.000107562097365  0.000012290543142 -0.000098076628528
 -0.000000258085285 -0.000000040108083 -0.000011388137119 -0.000132041004788
  0.000022981389970  0.000026421938527  0.000000033048040 -0.000013060511920
 -0.000263969770310 -0.000795472584654  0.000001307212552  0.000067528682202
  0.000018752615273 -0.000032610780472 -0.000006174718129 -0.000000240190954
 -0.000000176089005 -0.000134206939410 -0.000254092341322  0.000007467618749
 -0.000045275906428 -0.000000166162879 -0.000124580620421 -0.000291456403130
 -0.000031243295183 -0.000018583707668 -0.000000069229414 -0.000062695315342
  0.000093007183600  0.000035712150993 -0.000034358953313  0.000000316746779
  0.000000228333780  0.000534476534374  0.000033693555331 -0.000040410103661
 -0.000000065024212
    2 Orbital Energy   -19.150104 Occupation  1.000000
  0.000001737091200  0.000030378181231 -0.000038417889078  0.000001077399040
  0.000000009125859 -0.000484748563790  0.000002447260950  0.000102523858597
 -0.000000268479658  0.000010288283205 -0.000019998232614 -0.000021956445241
  0.000002136805082 -0.000000052944512  0.000000070562323 -0.992769477394550
 -0.025648814612676  0.000770486817551 -0.000614964407926 -0.000024326716520
 -0.013641718328430  0.001187478667173 -0.000978756022702  0.000009280340479
  0.007839176991538  0.007904864680709  0.008074044669587  0.000227711959513
 -0.000000521821007  0.000000273050731  0.000021286527330  0.000071671108714
 -0.000036015896168 -0.000080899181958 -0.000000037494936 -0.001270979239791
  0.000342242253863  0.002150332245080  0.000001564352603  0.000063688836314
 -0.000029522770536  0.000039140123910 -0.000116537677052  0.000000255675396
  0.000000141240501 -0.000011825609331 -0.000068089419714  0.000013228726817
  0.000051461868567  0.000000083597952  0.001829358306964  0.000605744483728
  0.001086333605834 -0.000000442719590 -0.000020528502330  0.000059468738202
 -0.000029394073707  0.000041704700932  0.000000015481813 -0.000000032931207
 -0.000000584537003  0.000002939999699 -0.000009413162258  0.000016731941598
 -0.000000006228894 -0.000265583971934 -0.000048204518743 -0.000519823843108
  0.000000140502662  0.000007335540771 -0.000012040506578 -0.000009075553617
 -0.000007879908140  0.000000012449980 -0.000000014940337  0.000000791613799
 -0.000023532967308  0.000027234241309  0.000001072412973  0.000000033449051
  0.000482965227094  0.000063811535165 -0.000231230978490 -0.000000064785592
  0.000031900839287  0.000025404374696 -0.000001136418206 -0.000000520606157
 -0.000000003206510  0.000000019542187 -0.000005374624869 -0.000531974759031
 -0.000067820914508  0.000108127974800  0.000000296517570  0.002571390423952
  0.002222781990755 -0.002776547865268 -0.000003083434109  0.000398738924577
  0.000302002812085  0.000024941023063 -0.000356868650608  0.000000594893145
 -0.000000302357390 -0.000053122365697  0.000217588072056 -0.000046997764712
 -0.000017026628495  0.000000048956914 -0.000031861416267 -0.000117982200639
 -0.000007924414666  0.000012711633939 -0.000000008693317 -0.000012558128116
  0.000032497799658 -0.000001419062803  0.000012375465133  0.000000006870539
  0.000101216950741  0.000662178474873 -0.000045403066973 -0.000041617788872
  0.000000429887751
    3 Orbital Energy   -10.281457 Occupation  1.000000
  0.000021326084889  0.000083698133035 -0.000030438832311 -0.000025588749655
 -0.000000163193117 -0.001118329204079 -0.000224081404552  0.000158147883723
 -0.000000122683442  0.000111595270734  0.000103755972876 -0.000017978373358
 -0.000020425415627 -0.000000048445031  0.000000155058399 -0.000072855483282
  0.000456806449239  0.000081989099512 -0.000016978969546 -0.000000488074892
 -0.003026265285410  0.001253718577014 -0.001523084970825  0.000000967888692
 -0.000035126009212 -0.000050377477201  0.000473889269001  0.000414955825636
  0.000000822109197 -0.000000861971311  0.008238824646057  0.000201378964995
 -0.000459448266041 -0.000201719627381 -0.000000299404229  0.003754246793617
  0.002589617393715  0.003256167389507  0.000001841614942 -0.000623217692041
 -0.000384215659801 -0.000225237153834 -0.000166577991205 -0.000000483181695
 -0.000000080933624  0.000009913579793 -0.000149823288362 -0.000040708876943
  0.000081756206345 -0.000000290715424  0.001875012175796  0.001089230031695
  0.000928685341739  0.000000042784053 -0.000003633986813  0.000161484711174
 -0.000064919791596  0.000054575650751 -0.000000004460379 -0.000000155241134
 -0.000003857777589 -0.000037495955583  0.000012355454703  0.000020104780458
  0.000000050268116  0.000270258366383  0.000323918047207 -0.000449689950029
 -0.000000113573419  0.000025014328245 -0.000013426719538 -0.000017059545359
  0.000001541214451 -0.000000023035521 -0.000000013217174  0.000046001527577
 -0.000021737606618  0.000048535063696  0.000002040740979  0.000000048227769
  0.000483908006815  0.000037087097336 -0.000269941809150 -0.000000013889068
  0.000035117458364  0.000020000764275  0.000004693959339 -0.000020977525664
 -0.000000041802107 -0.000000010353837  0.992821046449485  0.048647518718981
  0.000334728748065 -0.000747142306216  0.000025406094780 -0.010524288296357
  0.003933511178685 -0.001924714993262 -0.000008727298332 -0.008648270534245
 -0.008908262697940 -0.009641224047474 -0.000424536610836  0.000002119982332
 -0.000000950516949 -0.000098435097462 -0.000036202026077 -0.000046681534172
 -0.000058067356476 -0.000000025798850 -0.000031331691137 -0.000025729686755
 -0.000016249066278  0.000016244824830  0.000000015442147 -0.000019523300495
  0.000037980478647 -0.000003589095188  0.000016413086292  0.000000002702094
 -0.000200861547973  0.002296794361969 -0.000151549961663  0.000162127111555
  0.000000157985822
    4 Orbital Energy   -10.263269 Occupation  1.000000
 -0.000049255316075 -0.000736208957154  0.000047440338240  0.000043475018981
  0.000000117681445  0.003272379299122 -0.001272596087598 -0.001742660950514
 -0.000000405946664  0.000302703928357 -0.000007053068697 -0.000671787153330
  0.000351983350863 -0.000001164393192 -0.000000726930030 -0.000029983330759
 -0.000144556900308 -0.000010416946069  0.000011907373791  0.000000059220633
  0.001159193106413 -0.000418363444211  0.000151086469750 -0.000000265745882
 -0.000047659785444 -0.000092749956745 -0.000051654454784 -0.000067731261030
  0.000000048787735 -0.000000016489639  0.001403926467762  0.000376593287927
 -0.000119562443059 -0.000086932608010  0.000000567590436 -0.002881256840234
  0.006585436660495  0.001626251576223 -0.000001952302997 -0.000172262177923
 -0.000109036951073  0.000109593230134  0.000077437162285  0.000000382892665
  0.000000179260344 -0.000540729139155 -0.000129215960481  0.000117429366170
  0.000051875190464  0.000000346533320  0.004652481964991 -0.000915143515706
  0.003192835560705  0.000001040936994 -0.000130813212041  0.000056067370349
 -0.000030496340966  0.000076229986362  0.000000096818189  0.000000041211230
 -0.005992112609313  0.000092223667031 -0.000133084263559  0.000395168744091
  0.000000629311856 -0.006818457476018 -0.000165791865784 -0.002604397421682
 -0.000002831906850  0.000326178554624  0.000507739899026  0.000167690717974
  0.000113511202069 -0.000000053165234  0.000001155916906 -0.992828111893155
 -0.048939947599859 -0.001521089976466 -0.000390764753279 -0.000034346218189
  0.011767577095469  0.000923202208665 -0.003085148787457  0.000013539340888
  0.008637882821343  0.008892254316084  0.009568402552227  0.000011087273169
 -0.000000349844699 -0.000001551589793  0.000042262365742  0.000106162869407
  0.000092501888152 -0.000006971664640 -0.000000018735181 -0.004431222254684
  0.001291543754543  0.001386491101819 -0.000000027420483 -0.000082502990777
 -0.000074491029794  0.000032420713203  0.000051056001263 -0.000000054876041
  0.000000008714132  0.000130376294148  0.000887882150812 -0.000006237846048
 -0.000003413073252 -0.000000094087752  0.000055096889175 -0.000036960043212
 -0.000099344750583 -0.000034248345565  0.000000314156290  0.000672699118782
 -0.000909368240723  0.000279125700678 -0.000011468321033  0.000000245523292
 -0.000021745603167 -0.000304220666153  0.000008291014717 -0.000018991564470
 -0.000000015501929
    5 Orbital Energy   -10.254511 Occupation  1.000000
  0.000124154592095  0.001087090971843  0.000033005073168 -0.000067006652896
 -0.000000462743198 -0.005415600822501 -0.001375696975259  0.002556055091705
  0.000001231756972  0.000130798729964 -0.000085431057656  0.000890956036484
  0.000510797153233 -0.000001007349500  0.000001184863151  0.000055701125173
  0.000220671050946 -0.000008552060280  0.000032130845839 -0.000000186317103
 -0.002214478778276  0.000474638537929 -0.000120734425891 -0.000000667185920
  0.000230141662310  0.000250221890793  0.000019987627485 -0.000030643260137
  0.000000008328501 -0.000000450635434  0.992735168705486  0.049596518779407
 -0.000948695182612  0.000885812236455  0.000035284154788 -0.014528529050365
 -0.001834412257188  0.005728512166317 -0.000016766470340 -0.008636795359097
 -0.008852538086903 -0.009624410700181 -0.000242112628686 -0.000000501712606
  0.000001222618702  0.009589486279053 -0.000118730727297 -0.000207582802530
 -0.000294367501221 -0.000000891386935  0.008504895870974  0.002515472244155
  0.003153065630617  0.000004839337542 -0.000229125140595 -0.000590937772199
 -0.000275972161430  0.000062885594953 -0.000000501614967 -0.000001089141387
  0.000301258276958  0.000205763640360  0.000075657580304 -0.000039412398661
 -0.000000153319513 -0.004416450949105 -0.001323927397900 -0.003279424186258
 -0.000000850119117  0.000145670453284 -0.000045953255892  0.000094257777517
  0.000016160157129  0.000000009135697  0.000000208716514  0.001309942398374
 -0.000322314865391  0.000088468717692  0.000069744396787 -0.000000410285317
  0.004484006901072  0.002467521949294 -0.003371286961852  0.000002067619197
  0.000211298055915  0.000045838807930 -0.000131864805156 -0.000077582445624
  0.000000275577365 -0.000000320513933 -0.008576064184226 -0.000766148370424
  0.000411991452156  0.000155597321819 -0.000001476891673  0.004710205854025
 -0.001006778136732 -0.003397644240308  0.000005558028578 -0.000516685995402
 -0.000109385818445 -0.000115323696116  0.000043488617436  0.000001137295772
  0.000000084031053 -0.000128870289618 -0.000227638830237 -0.000131448293803
  0.000031313489376 -0.000000453347632 -0.000139636258567 -0.000838896354084
 -0.000034362510913  0.000030297876930  0.000000103735537  0.000141799688511
  0.001359907325845 -0.000014917870718  0.000068442757185 -0.000000186448036
  0.000138557424979  0.001043466499796 -0.000028649237812 -0.000066461221010
 -0.000000382278906
    6 Orbital Energy   -10.222394 Occupation  1.000000
 -0.000047376166833 -0.000138079027418  0.000018611965010  0.000054542390578
  0.000000049683853  0.001214580707287  0.000104043064483 -0.000494724146409
  0.000000832004933 -0.000161024018450 -0.000167974824752 -0.000110649071435
 -0.000001755438369  0.000000317997887  0.000000060133397  0.000014051859388
  0.000053573697650 -0.000010592311082  0.000012599452959  0.000000115500611
 -0.000336219325959  0.000003380885191 -0.000085652956997 -0.000000381704586
  0.000053278807131  0.000046868036659  0.000042806019779 -0.000002612712556
  0.000000007904428  0.000000042854800  0.010046846885065  0.000994159646920
 -0.000209052916438 -0.000334525985501  0.000001784827861 -0.007685886050427
  0.003761754659873  0.003087074157220 -0.000005841954882  0.000244455557939
  0.000254056076605  0.000071976037481  0.000115553752588 -0.000000852303044
 -0.000001560869340 -0.992463242409897 -0.049798376883393  0.000094980266790
 -0.000237409694318 -0.000043906206268  0.019237638900789 -0.002024378373054
  0.005126365022153  0.000021307185365  0.009255894837585  0.008940958166307
  0.009541678967413  0.000173177037261 -0.000000580923814  0.000001304142585
 -0.024154355691061 -0.000764396576949  0.000261741937040  0.000012003362149
 -0.000000015320640 -0.007312263795082 -0.003492480685751 -0.001143925267557
 -0.000004259773475  0.000746082104189  0.000489491109427  0.000404024355089
  0.000012027870250  0.000001439432617 -0.000000057122278  0.000673147199890
  0.000030459727956 -0.000091629013682 -0.000091934743205  0.000000200284032
  0.001753890498054  0.000744550657939 -0.000767445520881  0.000000502851785
 -0.000052530232462 -0.000062399288661 -0.000008883612349  0.000045306578198
 -0.000000267441642 -0.000000110828168 -0.000048484804203  0.000090903477431
  0.000029510692387 -0.000022575007608  0.000000441694893 -0.001117712235037
  0.000742714260714 -0.000108177091513  0.000000758788856 -0.000099508429177
 -0.000011378308070  0.000041111240666 -0.000000806712383 -0.000000394251451
  0.000000052177709  0.000693897208263 -0.000533802811716 -0.000149288459752
  0.000261997376000  0.000000475049807 -0.000034959687318 -0.000661965186244
 -0.000021645145103 -0.000093760743776  0.000000688668888  0.000050451828566
  0.000206800697299  0.000019299586604  0.000010076899375 -0.000000067446298
  0.000025599931607 -0.000115249967586  0.000018667755933  0.000014120352981
 -0.000000049399739
    7 Orbital Energy   -10.212793 Occupation  1.000000
  0.000080195353054  0.000306093850932 -0.000004346915891 -0.000059877247546
 -0.000000102757524 -0.002247124581407  0.000246357496497  0.000535172868075
 -0.000000577687365  0.000211336560554  0.000260714502771  0.000203175129254
  0.000028183199506  0.000000258073751 -0.000000239450718  0.000007092618815
  0.000042880907028  0.000018774033987  0.000015361157889 -0.000000008917019
 -0.000454067015809  0.000053345004632 -0.000095313147706  0.000000191296426
  0.000024713282507  0.000024584080116 -0.000008814066257  0.000007549697727
 -0.000000026134037  0.000000035784490  0.000024132067724  0.000048962257233
 -0.000062947599017  0.000066797569002 -0.000000296974067 -0.002268815342761
  0.000708915918823  0.001445947099220  0.000000064707632  0.000123670492960
  0.000076631732195  0.000015776157176  0.000012328657930 -0.000000300298702
  0.000000125285994 -0.024567814580914 -0.001718107009136  0.000275532321274
 -0.000111220850951 -0.000002240678650  0.008794833910720 -0.002618229947123
  0.002694110002822  0.000005553424480 -0.000247869927589 -0.000100695477846
  0.000046857408074  0.000131825929477  0.000001411068007 -0.000000408414609
  0.992494227248926  0.049808307639536  0.000247934217964  0.000207367800212
  0.000046591736621 -0.018898821910795 -0.004042861885914 -0.003782543820749
 -0.000021950343470 -0.009074116347726 -0.009071032146853 -0.009540511385607
  0.000251751463463 -0.000001116104435 -0.000001008022461 -0.006397265515366
 -0.000795436990885 -0.000041064816009  0.000333722292270 -0.000001602942349
  0.007845342947409  0.002161693497495 -0.003434139580174  0.000005926928385
 -0.000174171231733 -0.000372931995970 -0.000101735030253  0.000094429626348
 -0.000000139875061  0.000001895399879 -0.000007160240555 -0.000020397460296
  0.000013347687410  0.000035345152359  0.000000123323881  0.000010930078238
  0.000266643012171 -0.000690057701605 -0.000000395285845 -0.000018475007993
  0.000010309167539 -0.000016222195908  0.000010871876854 -0.000000012515128
  0.000000039662576  0.000042807939561  0.000542230195014  0.000001610214254
  0.000101912921088 -0.000000584655225 -0.000709971299013  0.000486715903421
 -0.000230393179804 -0.000193352886103 -0.000000532137397  0.000062686776724
  0.000747532837169  0.000080084428895 -0.000009516860066 -0.000000706372149
  0.000053297060720  0.000220066488991 -0.000002590328660  0.000003217371705
  0.000000031751023
    8 Orbital Energy    -1.135493 Occupation  1.000000
  0.194267708380781 -0.422557520136993  0.021204454944994  0.121013858913347
 -0.001999299692983 -0.447469532037000  0.002346254574784  0.071778774353902
 -0.002694175558537 -0.002725276044317 -0.004383150973090  0.013537936426437
  0.000428338175149  0.000033619054273  0.000134914702629  0.007014581853049
 -0.012860192175710  0.005702549769651 -0.003260608733561 -0.000088495708492
 -0.030680938541983  0.004218065186537 -0.004021331359009 -0.000072434810154
  0.000657354447801  0.001158475846310  0.000527290415280  0.000429449533901
  0.000006598084883 -0.000005534561194  0.075990461330681 -0.138884331068264
  0.084581845576202 -0.067798072417156 -0.000665467901310 -0.036227733123774
 -0.029067277298649  0.044530505762951 -0.000959034149031 -0.007590930759885
 -0.003101455392949  0.012405501139693  0.014762910751693  0.000092374777089
 -0.000076726456319  0.024742511667236 -0.047348709611610  0.004953719708993
 -0.035549479346776 -0.000266484330430  0.004864263596264  0.018160260029559
 -0.001620352889403 -0.000214613838190  0.001001488225299 -0.004919970937298
  0.002922447033332  0.000083295740308  0.000020961955292 -0.000043546112005
  0.024527540950350 -0.043249309911376 -0.018277590512942 -0.030197581981616
 -0.000261779816351 -0.032044399218548 -0.013974903614215 -0.019254503634223
 -0.000225955207953 -0.000164149100780 -0.004460499662989  0.003502227674124
 -0.002149883605001 -0.000037384466389 -0.000032840401388  0.071859595989043
 -0.133938670094735 -0.106698641220466 -0.025717666103336 -0.000691674589141
 -0.017268954817858  0.020408514925978 -0.008344927512180 -0.000937057336907
 -0.016768091930497  0.006445837161640  0.011952356004173 -0.010443829016500
 -0.000131250430263 -0.000043500186237  0.013997889660004 -0.027547436035943
  0.015816658778008  0.003762410177438 -0.000176787763580  0.000957534150363
  0.010159148570282 -0.028320641593003 -0.000078621907085 -0.004343450711045
  0.001907515791441  0.001562744019274  0.001322456606060  0.000010239762620
 -0.000010807388476 -0.005193388946390 -0.004842314085302 -0.000107955173793
 -0.000579505012405 -0.000002941218816 -0.004787226712502 -0.006466898290410
 -0.000310865953838 -0.000129516829131 -0.000001827370292 -0.016366306652616
  0.007557620005596 -0.003650655875510  0.000944277789749 -0.000016686229465
 -0.003378541155536  0.008453264622712  0.000352863739725  0.000864862889222
 -0.000017424042967
    9 Orbital Energy    -1.031589 Occupation  1.000000
 -0.014076079767350  0.032229210972162 -0.010751107224652 -0.006985979883066
  0.000117939190597  0.023659771767443 -0.002235515301723 -0.001090683881060
  0.000243879317813  0.000184561962099  0.000340153431287 -0.000830213720962
  0.000662312638315 -0.000017486096738 -0.000003635818870  0.195657052664028
 -0.423793844346646  0.114968874680202 -0.096128514804307 -0.002255095832264
 -0.421529264692930  0.044292494441248 -0.032500463760638 -0.003354680757867
 -0.001388640279865  0.003033822630409  0.007181046623715  0.012004694703351
  0.000172896563632 -0.000123345294814  0.017646535901078 -0.033316820420007
 -0.041696382762673  0.005519447473709 -0.000271727452602 -0.026314231559156
 -0.008941573573366  0.023044505741287  0.000019779245767 -0.007087949394565
  0.002099216312335  0.001822520981459 -0.002282361151487 -0.000038614786396
  0.000020796595362  0.004082005184088 -0.008675430997123 -0.007073092660708
 -0.002580759562614 -0.000040190623937  0.015991357848221  0.001386013258729
  0.007232910243129 -0.000241045067423 -0.000322600557328  0.000293678288685
  0.000339850131677 -0.000850578023109 -0.000021190986096 -0.000007070698898
 -0.001494829889078  0.003847020748029  0.000016815579828  0.003363549723374
  0.000008366262137 -0.005055316572489 -0.003624015023701 -0.004300010392987
  0.000091372555253 -0.000462469054014  0.000452377171567  0.000007344092814
  0.000106773275253  0.000007112633169  0.000001835408403 -0.007165895291563
  0.014403388816679  0.010560408117771  0.003533195880810  0.000073276239967
  0.009602564379302 -0.000032093078330 -0.001308415336512  0.000096995336463
  0.001639649786546 -0.000228496648293 -0.001062728000607  0.001327111727556
  0.000009258976409  0.000007929853169  0.114241301732187 -0.223979206460374
 -0.119353853104242  0.120562888863480 -0.001248171883652 -0.072416823865958
  0.016617859658658 -0.029781271674469 -0.001928974088481 -0.003481798737694
  0.001521299025895  0.018410760728467  0.023700576126785 -0.000141598585571
  0.000142207121567 -0.002539186946120 -0.002138608184906 -0.000118786443659
 -0.000591647758830 -0.000002087693041  0.000144515095958 -0.002039936376948
  0.000025668898056  0.000065496717707 -0.000002560684128  0.002097407147991
 -0.000387792719002  0.000332488508892 -0.000096747963224  0.000003985227479
 -0.029763181223420  0.011576525196567 -0.000541246183666  0.006685015735392
 -0.000032957484206
   10 Orbital Energy    -0.827261 Occupation  1.000000
  0.078042838746511 -0.184917646948315  0.000703962359297 -0.037806522970756
 -0.000724188458433 -0.204445545526613 -0.002871606305647 -0.021752683941669
 -0.001953923620786 -0.003858377507886  0.009219615318227 -0.002274294197310
  0.002287226038679 -0.000008906405075 -0.000127728866267  0.013800465856518
 -0.029454920665309 -0.002829680831311 -0.007202537929617 -0.000136911197198
 -0.040962437531126 -0.000189704796890 -0.003309001786400 -0.000228455104547
  0.001589047072865  0.000653305331918  0.000510171290688  0.000332634856999
 -0.000024476157521 -0.000015169665548 -0.058400209891573  0.116240644680373
 -0.028470125537142 -0.132499375365332  0.001053460081604  0.065835871190388
 -0.009387558735575 -0.006700772559389  0.001197525112487  0.002169511661478
 -0.001060612543720 -0.005123993775922  0.016101777618992 -0.000062271849645
 -0.000150789401751 -0.144855747056425  0.280069020286769 -0.056402489581362
  0.069896169103600  0.002190361301869  0.199825792111660 -0.003923436321700
  0.009575604187844  0.003735049289850  0.003257629895409 -0.000868188249209
 -0.015563074962033 -0.003680234062826 -0.000043451979455  0.000057034680618
 -0.136644256512959  0.262966143797086  0.085002591437982  0.035231844176774
  0.002075371996527  0.183648283181810  0.010388721999538  0.003816904705592
  0.003586732644425  0.005988546809136 -0.003648501504831 -0.014688222358229
  0.001029390189962  0.000070395051759  0.000033094955983 -0.044618007487715
  0.088672467476436 -0.018597388455642 -0.132635701117723  0.000917290285871
  0.051351564314143 -0.001065976432724 -0.012474630879580  0.000815502819679
 -0.008142428235580  0.009683395219261 -0.003890686790667 -0.013578836041702
  0.000004002703379 -0.000188877755615 -0.005169847433937  0.011040815327059
 -0.029916935514416 -0.009419756861890  0.000203444291341  0.012483291820494
 -0.000436139323997 -0.009866680753270 -0.000026956115214 -0.000228030722995
  0.000096804961473 -0.000278822259529  0.004762531426907 -0.000041641480774
 -0.000039835183920  0.064885482138329  0.012845638157602 -0.003382949388003
  0.005868796478018  0.000148971626053  0.059122837113395  0.011645374712324
  0.005043579325792  0.003769544865041  0.000134042598636  0.008420971483242
 -0.001374850558091 -0.000957394801804 -0.001236075843678  0.000015170612528
 -0.001529993677528 -0.000434276197272  0.000283228369668  0.000347500648105
 -0.000006939063312
   11 Orbital Energy    -0.784442 Occupation  1.000000
 -0.004737962584128  0.012707075697087 -0.239816036198566  0.031198544681932
  0.000008443845509  0.007232118325265 -0.119147599577792  0.016273871709676
 -0.000001825933680  0.003980974595216 -0.004252474043153  0.000466350988013
  0.019839816520512 -0.000386120010659  0.000045974586404 -0.047838581593854
  0.107325759426319  0.013079925679024  0.010056781369551  0.000387289557859
  0.116796961770023  0.010778923283816 -0.000888463111813  0.001508884580717
 -0.004484044701094 -0.000580791590524 -0.000289356337977  0.000870047275762
  0.000034959235072  0.000038322621047  0.139096781349260 -0.282651210193138
 -0.046634326097953 -0.041098548615372 -0.001998876463840 -0.196888086112888
 -0.011119990503553  0.027484170442833 -0.003775153237685  0.005678914248107
 -0.002020625830508  0.014867170230259 -0.001527243536411 -0.000099161817502
 -0.000092576060663  0.040448449431500 -0.081559079837067 -0.081138093035430
 -0.043949242300116 -0.000674953772901 -0.046953496639405  0.006690811145630
  0.007212097248692 -0.000997373604886  0.005943966065200 -0.005062407868346
  0.003673819680426 -0.008118853023861 -0.000135913964933 -0.000028072774298
 -0.066207785091329  0.130144337871078 -0.026128030611553  0.070836534763255
  0.001028332758939  0.090772567760471  0.008243546205834 -0.005600188035643
  0.001722083847124 -0.007567218214711  0.007089655917730 -0.006546972654970
  0.000473505895264 -0.000066543632437  0.000064353902585 -0.119854965791533
  0.244329387355874  0.042155204667506 -0.002987360581997  0.001791235479312
  0.167709362775710 -0.007442972743595 -0.019619086830321  0.003740380014660
 -0.002743815725594  0.001090790644213 -0.014116428614606  0.005649049817368
  0.000024562604805  0.000054239569456  0.065392870753905 -0.135781558969007
  0.153989447953378 -0.023200262293928 -0.001234880770880 -0.095974175096751
  0.026121179539542 -0.017339633643322 -0.001976209467176 -0.005873515122567
  0.006063133667061  0.005325553090922 -0.010652052271966  0.000196757925373
 -0.000020299061815 -0.026708537481499 -0.006153038037017 -0.000236019989100
 -0.003147319833694 -0.000077921707907  0.035792237907062  0.009056078896326
  0.001918753613239  0.003364296941004  0.000097573655019  0.068380369715556
  0.014943427265775  0.006131748471915 -0.004403978204470  0.000150145644086
 -0.038302038845578 -0.000482738886893  0.002930350723145  0.003188297540381
 -0.000095124248728
   12 Orbital Energy    -0.657890 Occupation  1.000000
 -0.028401539044471  0.069968513779393  0.012935806100993 -0.041096329758354
 -0.000905578084053  0.083061041466756  0.008525227603229 -0.017683165687102
  0.000647890739894 -0.010757969453342  0.005673810299162  0.000456635333222
 -0.002717470975263 -0.000025079251616 -0.000060554365867 -0.059872139263120
  0.136827109589716  0.049411968769075 -0.037696245502436  0.000410246661223
  0.164196099626950  0.034324728276904 -0.028691585784838  0.002795360967308
 -0.006590210339343 -0.003462979472226  0.001470139639848  0.005647378201815
  0.000067558746147 -0.000050908866486  0.023398428375634 -0.049549539527830
 -0.221290728923937 -0.106368105052789 -0.001024410847242 -0.030284607121719
 -0.030508312439081 -0.016354224870547 -0.001334809989046 -0.005518634295431
  0.009545618602911  0.000842009356467 -0.007518641235174 -0.000243394718359
 -0.000193193683346 -0.089325079604937  0.182098864836652  0.017336670436566
  0.009200101653482  0.000997373636427  0.158620544991984  0.002847753852944
 -0.009101057007128  0.004790109189834 -0.008966999552453  0.002300066212429
 -0.007814292267654 -0.001016852378235  0.000012271527543 -0.000031935160086
  0.051478002086094 -0.105150310658745  0.124557375975887 -0.087489221468450
 -0.001170548431228 -0.090879017166526  0.030621118550285 -0.007031432321823
 -0.002757889854587  0.012670671907154 -0.007640282289781  0.003963834309267
  0.000805209518717  0.000233366832257 -0.000122149580852  0.091567059866526
 -0.193400179318864  0.094099344082910  0.056850569857515 -0.002238240839554
 -0.165719465897017  0.033931504496462  0.005667018837792 -0.003988309205708
  0.013782798231922 -0.003757122778993  0.006708033817502  0.002968987049944
  0.000181726554948  0.000018276046935  0.119299287199635 -0.252155389826310
  0.144692951924179 -0.075511880323679 -0.002463543994842 -0.215372689510085
  0.047782519402242 -0.036953390226708 -0.005491673318837  0.003293468747605
  0.007774880509918  0.009756245098170 -0.009758626397462  0.000169146510118
 -0.000107222392761  0.074684763896666  0.031082847364805 -0.002405544192697
  0.005575880803662  0.000171715243575 -0.056683900346020 -0.020528132772190
 -0.002076511259713 -0.004881194565047 -0.000171646078270 -0.088427775680966
 -0.022927696970599 -0.005069868983324  0.005841664229844 -0.000272440654672
 -0.104648121603916 -0.025919939948938  0.003602799947812  0.008342788798574
 -0.000285423256029
   13 Orbital Energy    -0.619536 Occupation  1.000000
  0.017461821373899 -0.041897777782764 -0.315628527749039  0.072416136359769
  0.000862865877060 -0.056970463831472 -0.151688060854666  0.031698422368492
 -0.000618590709523  0.009024154761838 -0.005107444584697  0.000132509565453
  0.011295557845577 -0.000523734117972  0.000121434437218  0.029109343490039
 -0.064037254400239 -0.050312401572775 -0.001143125195971 -0.000302455651310
 -0.100673124366352 -0.026674825310885 -0.001494286642496 -0.000964526092420
  0.006464737036484  0.000525434858401 -0.000203608706416 -0.001409761996631
 -0.000149196973794 -0.000034418377092 -0.022672785983807  0.045408664938839
  0.125308404943965 -0.219876332989896  0.001277525049363  0.053554852677352
  0.013923132696136 -0.036201385510523 -0.000032139712391  0.000601489301128
 -0.007684784329657  0.002205483575107  0.016884412971877  0.000200824645656
 -0.000286037084814 -0.060036203357468  0.122563775841058  0.169050044257138
  0.001020702266574  0.001077628859193  0.100869681423451  0.058238467399683
 -0.019007488673055  0.005248231022064 -0.008638859944927  0.001590389104590
 -0.004784525855321  0.005641315007858  0.000296523136224  0.000026526095856
  0.099174752795133 -0.202403983404958  0.046419242232563  0.032481598877383
 -0.001251264840135 -0.161276651641467  0.033434710465244  0.026715977836121
 -0.007648463476573  0.004686682794412  0.005216393815851  0.008114024229681
 -0.003553924506275  0.000084043935787  0.000054571392717 -0.063409324197581
  0.137774783427336  0.032734820559639  0.206620255552772  0.001177664644345
  0.101632019493829 -0.016185612136861  0.051206507194788  0.005122547799514
  0.004042054866977 -0.008707782198948 -0.007731060767631  0.009369692107867
  0.000101241160899  0.000361892090052 -0.032416963097281  0.069032580734415
 -0.063146342095416 -0.045228822610035  0.000921273926835  0.062236914965405
 -0.010786180210718 -0.021485773002794  0.001628645828006 -0.003193102413570
 -0.000167950475250 -0.002586964236171  0.008585934582530 -0.000142751131466
 -0.000174390515783  0.085337004625948  0.034043951218183 -0.000725926909595
  0.006694502979031  0.000212787021632 -0.111645442187159 -0.045825851054966
 -0.006418687701788 -0.005492148357063 -0.000260057290683  0.095566740523266
  0.031210283253879  0.007175789189538 -0.002955851116340  0.000246592292772
  0.002596848956054 -0.000067544666627  0.000060906097365 -0.000751393026093
 -0.000029301365728
   14 Orbital Energy    -0.577149 Occupation  1.000000
  0.058177112130400 -0.140482700056685  0.036360690477885 -0.221321667911480
 -0.002957485215439 -0.184134944831399  0.006862999863181 -0.131635654014434
 -0.004883324664976 -0.008476449698427  0.020853599365863 -0.005896513594671
  0.002291310711964  0.000035351931366 -0.000272014822902 -0.017750946099060
  0.044036284791434  0.012573204405126 -0.039206092093328 -0.000047360908557
  0.037988490956590  0.014630087241531 -0.024998213874339  0.001487538305774
  0.000138897493926 -0.002084972291535  0.001768884120895  0.002646541275985
 -0.000032625981950 -0.000045379827022 -0.065324552048689  0.142207432577430
 -0.119591318444463 -0.059386043972822 -0.000655386681281  0.089768272645327
 -0.015365235439314  0.002205139799320  0.005303952772464  0.004575302778069
 -0.009816773035938 -0.005989791219180 -0.002012973188965 -0.000193842111402
 -0.000145376914023  0.059461020894565 -0.124014925328328  0.060240207929475
  0.258461750915079 -0.002216354070765 -0.106326156366815  0.019842354304955
  0.095569803649839 -0.006009857168100 -0.005057701532504  0.010551988077227
  0.003587472739680  0.003606965225960  0.000046187608447  0.000490713579310
  0.042755338968538 -0.088421954424513  0.008943295068025  0.233559450419200
 -0.001908486347063 -0.087332767727045  0.010713397022110  0.074898237745522
 -0.003483581389505 -0.004787988071317  0.007773906922528  0.002554475718373
  0.005110094417645  0.000094013570496  0.000481579819395 -0.046642184883649
  0.099615056985224  0.013854760737362 -0.124880615737222 -0.000282226865489
  0.061809537954672 -0.009015373081159 -0.028631980795531  0.002594845193799
  0.001222911215426 -0.005449649844323 -0.003566354838892 -0.013675824213013
  0.000034367185064 -0.000259390988338  0.037339755541739 -0.079123523795776
 -0.012294406232272 -0.067709813734690 -0.000950500926663 -0.071648204439154
  0.013699181861514 -0.040886413345180 -0.004315553314554  0.004802460002990
  0.000736995234030  0.002862771616188 -0.000337896492787  0.000050525481185
 -0.000077239423752 -0.157139147386253 -0.089428939477325  0.006714900548668
 -0.007239708008523 -0.000536675805024 -0.117657026379223 -0.066248426766524
 -0.007368434653884 -0.002425496727228 -0.000451933862990  0.005798150767670
 -0.004247221833789 -0.000659953410137 -0.001160460616574 -0.000073693635058
 -0.061898659955960 -0.026160348697522  0.001497894809967  0.004048472365059
 -0.000154148511195
   15 Orbital Energy    -0.529247 Occupation  1.000000
 -0.012436864917147  0.024155856390734  0.161181682567632  0.090795126978594
  0.005857182641920  0.060564791591382  0.078975322936829  0.045779598613946
  0.002331479946706  0.005486231288434 -0.008963155322077  0.000775421769277
 -0.011758506372275  0.000225767376189 -0.000009839467251 -0.047734011842115
  0.101467199618334  0.029485967526673 -0.190469628882493  0.001157618264102
  0.177729627674701  0.014588520945230 -0.107719812543966  0.003522205076992
  0.000273694777824 -0.015451048037749 -0.000801027830209  0.008586234504757
 -0.000114533288619 -0.000426719318388 -0.048396266332627  0.105710885033593
  0.067357045040342  0.018373664890606  0.002927938431426  0.113830891178115
  0.056964308691178  0.019056181338627  0.004783277562491 -0.015896030635597
  0.004072692762916 -0.003322871180735 -0.009705236257583  0.000033905032849
  0.000150817573770  0.010399298150368 -0.024530666617571  0.133487655390064
 -0.051727090834151  0.001562271609727 -0.005842122289938  0.046885020807271
 -0.001638823156998 -0.000106045420717 -0.001152283409877  0.003141594268091
  0.000804920752486  0.007443069419968  0.000252774565936 -0.000084154642036
 -0.005802493912243  0.008068959826938 -0.184824440565068 -0.036808715858648
  0.002144414964809  0.027950851493075 -0.049025633152330 -0.011956395382951
  0.001823849590075 -0.003107370347464  0.002614584122946 -0.000255613871716
 -0.003468297417056 -0.000371744442649 -0.000034840385601 -0.028352937726149
  0.056827040676553 -0.220281121364522  0.037355699096047  0.003587083506309
  0.079934699682574 -0.072011859272690  0.019875245682980  0.004223381865304
 -0.011087098512833  0.002080122072831  0.000427082501267 -0.003431275709479
 -0.000225586489446  0.000146306219321  0.078014851099217 -0.169871767062690
 -0.162621908565732 -0.192208176014212 -0.001185356416215 -0.202003690705962
 -0.016054785317190 -0.074820055003169 -0.005860276250341  0.011308828572388
 -0.000257336727970  0.006232411736423 -0.000003882033958 -0.000451073465533
 -0.000438358703744  0.045205712674924  0.043902814145626  0.000428394453126
  0.002659158087971  0.000244501820399  0.090759869906981  0.065262290457077
  0.002467047642321  0.004371310252890  0.000400568341035  0.122757912365883
  0.060290891519532  0.004790157608032 -0.005742883774680  0.000492918359053
 -0.174685074420410 -0.080420380114992 -0.000107454303373  0.010214079834398
 -0.000563261434808
   16 Orbital Energy    -0.481648 Occupation  1.000000
  0.013253144151289 -0.032926084180309  0.239808934928263 -0.030758290352740
  0.035435846068239 -0.052908026262715  0.116511552912570 -0.015745594360895
  0.021294281057241  0.000561100490831  0.002338521745753 -0.000346747011658
 -0.009079075005640  0.000250167904870 -0.002243332775005 -0.020037734423523
  0.043025739976918  0.174589820304423  0.056267994746598  0.007810855597818
  0.075391279099366  0.101080639107718  0.030040702043941  0.004623751450793
 -0.014740110959495  0.006996853483750  0.000877120253236  0.002287734561744
  0.000106317223176  0.000483627391239  0.011964480851384 -0.023787828775383
 -0.174085144281205  0.078085755009936  0.019118159750602 -0.045400409502340
  0.014499334901763  0.076561211318824  0.006314996255797 -0.011946043079649
  0.016406658402757 -0.001257115964729 -0.005214633422973 -0.001312906573593
  0.000988596624739 -0.041544764462165  0.081654551869518  0.063918277493063
 -0.086096387847803  0.011028686542490  0.193302949953693 -0.010573983545945
  0.022380291023230  0.009607542886818 -0.010217708434077  0.006191282443854
 -0.003426633123251 -0.007357508386190 -0.000056389214814  0.000698715723675
  0.045060126961640 -0.090823261899603  0.032257121421848  0.103106150653938
  0.008568108112737 -0.173363739433325 -0.022648291933766  0.019505566596310
 -0.001090577321513  0.000387967538877  0.003245923201861  0.003864647176262
 -0.011878604728216  0.000522354290195  0.000793941202727 -0.050846226002932
  0.101885712321167 -0.247668187209743  0.017258759664479  0.017079411234829
  0.160174675047432 -0.061218864787381 -0.011177361295285  0.014128665071054
 -0.007059308511617 -0.002562674382808 -0.001156390892196 -0.020704771504651
  0.001061986308229  0.000069342713512  0.014182080588918 -0.034365064654279
  0.134147980011738  0.242466074848303  0.009018113280851 -0.055126990126081
  0.074214604256875  0.070281240164436  0.006581227910497  0.001651045509603
  0.002828192920751  0.001817824989141 -0.001861990116524 -0.000095880879514
  0.000175601279589  0.113071773238601  0.100101155925906 -0.002228324862431
  0.004319247740903  0.000559423415433 -0.109079094869327 -0.086903197561787
 -0.004214931603065 -0.002108880485317 -0.000158954158609  0.170334564916487
  0.109730991275864  0.004836326123143 -0.006504421721153  0.000846558941145
  0.122542333544346  0.083287626967285 -0.001050883662291 -0.004777394431175
  0.000605504474097
   17 Orbital Energy    -0.475944 Occupation  1.000000
 -0.000525367296385 -0.001576924427282  0.020422672809659 -0.006559233154392
 -0.451744745203869  0.021911084595463  0.011977878160782 -0.011614536661919
 -0.279429515481201  0.000289077174495  0.000357012020497 -0.002604218060091
 -0.000965917178459  0.004163242018640  0.027762968847674 -0.001850180877655
  0.002122866864718  0.010584409453540  0.004143467339426 -0.075068396264728
  0.018184733740795  0.002612172105836  0.004663548610635 -0.044382515472868
 -0.001309595754725 -0.000083303087872 -0.000883236357090 -0.000025676182401
  0.004812528319702 -0.003553571050288  0.000300508984900  0.004420653036636
 -0.011880558721618  0.009292664731651 -0.241627845055022 -0.013176876753321
  0.013753512125072 -0.011254981766396 -0.123854405859506 -0.000228578886960
  0.001801774064494 -0.000354601390436 -0.000203956120208  0.012944054367758
 -0.009637418722536 -0.003908732023965  0.010755910930798  0.008933418760309
 -0.012692890291736 -0.128653267476720  0.003567769607298 -0.005516927971077
 -0.000488535350765 -0.061908951386398 -0.000594635463832  0.001393286610430
 -0.000512287718677 -0.000950321086548  0.001818367437841 -0.010531844146175
  0.002948863850093 -0.004449834502817 -0.002042486424252  0.007768632117324
 -0.116656050846369 -0.009347650448239  0.002379087042121  0.008593596318576
 -0.057977852793623  0.000485785427322  0.001063605292140 -0.000117904718598
 -0.000801726194053 -0.006382139902092 -0.007712425174038 -0.005347906872930
  0.015851186377992 -0.022158991618529  0.002075561312500 -0.198139147089925
 -0.001763469787720 -0.014835425836096  0.002790939315865 -0.096049475866862
 -0.000053072853155  0.000348561839186 -0.000297570662020 -0.001847015108041
 -0.019863531599208 -0.001153941238418  0.000572099582724  0.000711439412398
  0.007551154863113  0.015340923981942 -0.110261717332136 -0.014356671550010
 -0.000152023689773  0.018210782453791 -0.046628534769802  0.000432154740960
  0.000299784148632 -0.000024516473065 -0.000173123844106  0.005400646945667
  0.003930405255200  0.014937888087205  0.015147623384057 -0.000169145844159
  0.000502976458235 -0.002487119075214 -0.005247827612896 -0.000773390514552
 -0.000299480191261 -0.000136399373873 -0.002212526526639  0.017123958016517
  0.008213577367636  0.000555202619010 -0.000530684058618 -0.003475462248700
  0.007887429336669  0.001286750026181  0.000086378962578 -0.000342465839801
 -0.002117896663245
   18 Orbital Energy    -0.440403 Occupation  1.000000
 -0.011224940341900  0.023484241371453  0.111314594418765 -0.031361658375899
  0.006226539669387  0.074171254206471  0.054191740410143 -0.025377556663448
  0.003584281827628 -0.007410157429440  0.002829951909300 -0.000417831422888
 -0.007506321452626  0.000041419107759 -0.000374623013526  0.066090879166158
 -0.126578707950243 -0.295493888085036  0.321790368536437 -0.012497046378729
 -0.295640769383793 -0.169187487439028  0.188007663959812 -0.010892304079095
  0.016403927736880  0.016976596031976  0.002852215024098 -0.015125406347492
 -0.000158573649313  0.000371249142328 -0.005702398613754  0.012800827023892
 -0.187919862080493 -0.091422225311875  0.000329398397768  0.045776532532280
 -0.013809397203112 -0.067782082998455  0.000032719635014 -0.005434157184122
  0.006133510485929 -0.001695965387665 -0.011417408618163 -0.000709888113190
 -0.000084585025110 -0.001686056847264  0.006709016460826  0.115288945500545
  0.079642560673360  0.001011245183618 -0.007913433904020  0.001859106489848
  0.001398351644254 -0.000525453472158 -0.006195760765154  0.005206330742106
  0.000330548839719  0.006478650081923  0.000159554552946  0.000215959562441
  0.008710313071576 -0.022680284205336 -0.142820922940400 -0.078256848511895
  0.002008013587431 -0.036652487145203 -0.047731811025768  0.005761642971835
  0.002508967193546  0.003666398778698 -0.000741068902995  0.000244085321651
  0.004388435228320 -0.000249703424029 -0.000028946195255  0.007798832382959
 -0.023829145638837 -0.128715223488886  0.057445626604137  0.003520902832501
 -0.027845425899868 -0.040343864655426  0.015534968931081  0.002767106649693
  0.001872602076726 -0.001958673418277  0.000923608144801 -0.002914375234345
  0.000017045922820  0.000143702316564 -0.011103008954911  0.037741458774069
  0.297655350515011 -0.170721262225368 -0.006266106021080 -0.057772227066207
  0.065235146614808 -0.005701449878367 -0.003948595111424 -0.003544757361045
 -0.002466221289726 -0.004537136361127 -0.011330653146436  0.000183864474972
  0.000090330220593 -0.011641997836293 -0.024970424693038  0.002965754551052
  0.000884552415760 -0.000025002292934  0.092662898759315  0.095884629650309
  0.002174732495489  0.002199794011143  0.000400736672845  0.069618740852007
  0.054124443933562  0.001779486512672 -0.002351902592248  0.000334939678534
 -0.045337159909223 -0.042928923530587  0.004870381076813  0.000191640475209
 -0.000279869131402
   19 Orbital Energy    -0.431621 Occupation  1.000000
 -0.002456568468249  0.005322439365080  0.069556216413514 -0.115668591369540
  0.006648298676832  0.034879886946368  0.041654235310768 -0.074596254575036
  0.004149573540786 -0.003450526709183  0.002724706784490 -0.001714188973974
  0.006977618056950  0.000071479859287 -0.000686027715481  0.023372482193951
 -0.049254742947613 -0.188528951398041  0.030825089883838 -0.004350775124561
 -0.086874500315343 -0.116177654126236  0.018978908774587 -0.003802730074627
  0.011440336980557 -0.001622236559635 -0.000979304336396 -0.004473880902270
 -0.000341717860665 -0.000102850431031  0.040528261997445 -0.089989493263390
  0.079328989191127  0.173077567651077  0.001939045001629 -0.132963495621761
  0.010175596062040  0.004558841206446 -0.000956361425131  0.007555264550486
  0.002233451798992  0.000069080065150 -0.017138289685770 -0.000112574446921
  0.000460883744956  0.006832051748190 -0.021876048680431  0.066995796687901
 -0.307136955403911  0.001943308582030 -0.036454590720565  0.013921443638732
 -0.078788889770896  0.005689823709067 -0.000987562916532  0.005833179722892
 -0.000570907212611 -0.018626769485871  0.000067366991744 -0.000454971320133
  0.007360610194127 -0.010066004334185 -0.007965378956363  0.249680214389718
  0.001687852284307 -0.036667109712606 -0.008994703250645  0.058106337268518
 -0.002279314275676 -0.014843181081773  0.012447326882972  0.001028673262873
 -0.009977538365863  0.000006121421465  0.000679701331450 -0.029036192978421
  0.070339354991420  0.089308281198441 -0.254979608485623  0.003702631423314
  0.071909657707907  0.017710583028002 -0.087873763275914  0.001576802334404
 -0.006448021409605 -0.002026719799609 -0.000754647444978  0.000050578591605
  0.000478314151731 -0.000569875114788 -0.012586733921997  0.031255002722210
 -0.002620313409725 -0.157649814186995 -0.001487787400405  0.030017009411363
 -0.044426972300610 -0.028684567057963 -0.001319092079781 -0.002359807589631
 -0.002899486584094 -0.002814040792224 -0.007772039132711 -0.000292822407425
 -0.000216647644456  0.201794880570010  0.202848977656020 -0.003787791731014
  0.004615284890401  0.000775511991178 -0.117535963770310 -0.114620691012428
 -0.004913104282963  0.000472296470305 -0.000394540433791 -0.100303032370881
 -0.082037381503602 -0.003556261018676  0.000226240769396 -0.000353504021480
 -0.075220763314220 -0.063322043313980  0.001131762748672  0.002073794322373
 -0.000321576234359
   20 Orbital Energy    -0.421640 Occupation  1.000000
  0.018728048975928 -0.037976302687089 -0.146561053284129 -0.261729112943860
 -0.002219263807391 -0.056039233475320 -0.089839166129568 -0.165144133949166
 -0.002379488765545 -0.007079525898139  0.014876779938596 -0.002585508693107
  0.007932078494658 -0.000194460379203 -0.000573262200470 -0.013355095624173
  0.028644292698627  0.157982868844121 -0.016639875784228  0.010473302577210
  0.039548648306317  0.099525262311713 -0.018163605044179  0.007428635738508
 -0.009357462154270  0.002823297122784  0.001413468736856  0.004693354569189
 -0.000067060625036  0.000362009176730 -0.019985012500447  0.046432505274523
 -0.070816084257308 -0.064215886101936  0.004152134396753  0.046583604290090
  0.029911210111979 -0.004780521434546  0.001711686904248 -0.001336983289724
 -0.001756682845164 -0.001375584071240 -0.007155727907058  0.000108877450953
 -0.000198056964686  0.021279423218472 -0.051299061821578  0.302078343263230
 -0.063324567121381  0.001885156375759 -0.037083483352152  0.087399704435124
  0.013730571706890  0.001411073114868 -0.008666597392222  0.011989777297703
  0.000534845397520  0.005209532820573  0.000765237990522  0.000000882143625
  0.012298493598583 -0.031751565993411 -0.334414883159032 -0.043228259972676
  0.000693697098493 -0.058699710635708 -0.092903941660874 -0.012016410206820
  0.003560282783524 -0.006186530225910  0.009198200490397 -0.000091382092628
  0.012738489232542 -0.000675035451765 -0.000051737341198  0.002773347526751
 -0.001260547404306  0.147118306657774 -0.031462477202407 -0.000787298299092
 -0.023017587993571  0.022182758859109 -0.038484784807464 -0.003274209022093
  0.010487030482697 -0.009035318533046 -0.002256828361806  0.018324857042586
  0.000210998522825 -0.000124304757447  0.005389290522788 -0.014680648645625
  0.020815826342240  0.159860792091223  0.007640607342846 -0.014674939821625
  0.062754897733318  0.031134788565744  0.005602157794753  0.001842161304350
  0.003008199644069  0.001963527807576  0.006202548122590  0.000292569808874
 -0.000092245410622  0.101441422629562  0.115680110798819  0.001954428768927
  0.004747593809033  0.000463101714945  0.175412388847473  0.175653442407550
  0.002400812998903  0.005933790804826  0.000694581052154 -0.091965108242414
 -0.072017140339078 -0.001257167946367  0.002234303487606 -0.000346077846064
  0.084820080367308  0.058187526136412 -0.000357045141509 -0.002945425752258
  0.000426522455540
   21 Orbital Energy    -0.392079 Occupation  1.000000
 -0.054254146024646  0.112326512814739  0.043521946801424  0.444940689029481
  0.001825056708344  0.230092807434956  0.022084691062078  0.270125084222479
  0.003821896011325 -0.003641169163454 -0.020178798383307  0.002552242402732
  0.000340519998886  0.000023679175659  0.000981095826287 -0.000920689007494
  0.002842517390992  0.065648608412864  0.032413112121479 -0.007422579693766
 -0.010871498481861  0.044580681771650  0.018216206819664 -0.004858168982892
 -0.004194331922055  0.004318759000334  0.000210418435901  0.000635829959352
  0.000570496097414 -0.000209295521169  0.011908487200199 -0.030927049454250
  0.022802800838724 -0.227719386655942 -0.004360126805617 -0.076897560919510
  0.050750616458055  0.036246036720054 -0.001910530575559 -0.018521116649673
  0.012531625449593  0.003745279859929  0.010799011081874 -0.000066609719579
 -0.000337299287303 -0.013231850148611  0.021269747484470  0.185164155613011
  0.135725742396747 -0.002924767800800  0.148574017144892  0.098261831320992
  0.102581371728941 -0.002427036596256 -0.001823455452855  0.003643865275202
 -0.001409978837855  0.001304441486800  0.000451842253008  0.000125947326911
 -0.019502945709011  0.040903946372938 -0.106000169655157  0.230488676366441
 -0.002121477526365  0.084120799403798 -0.071646483898189  0.099380379241513
 -0.000968099503381 -0.006047520937917  0.005007020338561 -0.001059414522024
  0.002244662197534 -0.000381514392795  0.000482825298931  0.015291713273558
 -0.035351469017975 -0.006794244467488 -0.259487036223767 -0.001949468374801
 -0.065619601567436  0.013534363304862 -0.035888467241535 -0.002755718501435
 -0.022340533873861  0.015092446462104  0.003272457272756  0.010931981278401
 -0.000079938584802 -0.000398447395007  0.011263422308553 -0.029276863743110
  0.067587639752108  0.065833357895090 -0.006640384522277 -0.063514013606144
  0.044017435307164 -0.016601526527501 -0.002648570204604 -0.001536541087827
  0.004322484894967  0.000382859651648  0.005816118739221  0.000050319512654
  0.000460588542718 -0.013972642922561 -0.016888100893411  0.004093376559254
  0.001023488474706 -0.000113350661205 -0.027196987516198 -0.042485822413287
 -0.003716798939057  0.002759224846953 -0.000171128443864 -0.128818778626242
 -0.100360617458045 -0.004705463855185 -0.000284915265413 -0.000515941613232
  0.043291337106346  0.073266321779285 -0.000794949339602 -0.001204163191676
  0.000053328149936
   22 Orbital Energy    -0.387279 Occupation  1.000000
 -0.001953366119850  0.006252031760567  0.007142830090216  0.011094030112867
 -0.170776753406623  0.001675552592018 -0.000668052105789  0.008414377401871
 -0.117174752704266  0.000790857287271  0.000236002472716  0.000219869489542
 -0.000007367851995  0.006664440624723  0.007991993265705  0.004116632062206
 -0.007916954200405 -0.012537990219692  0.007298176488447  0.460606481098968
 -0.031969184402427  0.000071743984749 -0.000285873470753  0.306681596406670
 -0.000132524428663 -0.000159961095413  0.002065622672509 -0.000067344717786
 -0.021719184136267  0.017205840785834  0.001623049367436 -0.004100579638763
 -0.003947115022884 -0.003133666699094  0.080344703871158 -0.013270246379926
 -0.013413133276118  0.012992461101079  0.033386714533582 -0.000723791616165
  0.000406872261613  0.000318434572721 -0.000544399965875  0.015930480244970
 -0.003363529008268 -0.000538910653458 -0.000070796178718 -0.000828428130597
  0.002370121229208  0.011460781529828  0.011854388254682  0.004558254296165
  0.003890367133105  0.016693140796586  0.000183530941073 -0.000100403156859
 -0.000136093131970  0.000059684522109  0.004387377244983  0.001028371603390
 -0.000609558698933  0.002952537740223  0.001331802251920  0.005372819928437
 -0.051010862281070  0.001825451319280 -0.000458157933725  0.000893478847213
 -0.035510903289471  0.000156651291424  0.000223597832717 -0.000015355739706
 -0.000204587580057 -0.000511134109783 -0.004323686042044  0.000173039742243
  0.002916278524669 -0.005878913991287 -0.004703818383321 -0.111226555586697
 -0.008651316300786 -0.007255847182971 -0.000329016689931 -0.062804377313609
 -0.000282175307351  0.000835807295542  0.000183633123256 -0.000429253282630
 -0.007525761783466 -0.000670414938190  0.000168362403916 -0.008129025160769
  0.008300459321801 -0.009743819246933  0.337845540553744  0.031442546942006
  0.005607884836209 -0.022173366512000  0.192767647114606 -0.000888537902285
 -0.000878851216749 -0.000012184869866 -0.000873907326057  0.012412617002460
 -0.018524704087194 -0.001344670660630 -0.002110964821262  0.000006374727422
 -0.000070157550018  0.000259892207520 -0.002243018632623 -0.003541069808922
 -0.000128400207828 -0.000014649399852 -0.000976999609772  0.001659117932578
 -0.000422729022628 -0.000015831534217 -0.000004424881982 -0.002248626705224
 -0.005920055239943  0.001231963155163 -0.000048233463106  0.000213572772616
  0.005548902787821
   23 Orbital Energy    -0.306492 Occupation  1.000000
 -0.000670105333240  0.005114659305369  0.000347165578226  0.004217516475712
 -0.361587096003292 -0.003858871887416  0.000488604152603  0.003451344726896
 -0.265659645508949  0.001751988430581  0.001292818156386  0.000485152663662
 -0.000103403230653  0.001435721741524  0.009867564561640 -0.000249658022547
  0.000854358961817  0.001154913956790  0.000855289646987 -0.060901307799089
  0.001306842910889  0.000076149932879  0.000696552545215 -0.040419256969963
  0.000194060708871  0.000209121951944 -0.000091217891842 -0.000029853955604
  0.001575796647412 -0.002029265045181  0.000273330872836 -0.001704611540272
  0.000891761801478  0.001579322076110  0.071336233275118 -0.001749359779958
  0.008176571661482  0.003666397562645  0.031201909877219 -0.000503142203209
 -0.000108368852220  0.000207020233919  0.000045882832149  0.000630786763996
 -0.023360741177714  0.000666975832626 -0.010112984510433  0.001597994650487
  0.001942201062475  0.343651044007001  0.016424248947758 -0.000551897461212
  0.006620205338135  0.239808037778723 -0.001473616233398 -0.001597854554946
  0.000403553134169  0.000169966213796 -0.010990260427634  0.007915773686437
  0.000639102992340 -0.009972245222100 -0.000497678807830  0.002758243810215
  0.336971736625630  0.012627724610582  0.000807180873881  0.004816095615768
  0.235176730519185 -0.001659837104026 -0.001495534149314  0.000406460817246
 -0.000190562453989  0.013490905523261  0.003355468176736  0.000438685166090
 -0.002204144989249  0.001110698385003  0.001126176203313  0.074875953492397
 -0.003176086983781 -0.000587691614895  0.002679805018502  0.031221655842682
 -0.000534727618541 -0.000145395509063  0.000229289763064  0.000280068319728
 -0.009053741712079 -0.021182486103421  0.000228244457575  0.000188268682097
  0.000472000229252  0.000255661174044 -0.015176871138331 -0.007765950557391
  0.002743915359157  0.002172399420720 -0.015428534874100  0.000090287959747
  0.000004186104849  0.000073178389640  0.000070910143365 -0.004310966560688
 -0.000420129056134 -0.004371588039029 -0.001121879318494 -0.000043163908758
  0.000090257526498  0.008486584491637 -0.004624490433535 -0.002038345630616
  0.000085208910238  0.000065877456756  0.008211582569141 -0.001423983929002
 -0.001867329116152  0.000006837531911 -0.000054797025205  0.001635922785705
  0.000057615890939 -0.000959832582418 -0.000011162645840  0.000020539153210
 -0.000570780610103
   24 Orbital Energy    -0.268171 Occupation  1.000000
  0.007730379060255 -0.009740615508494 -0.041169179428405  0.013809094453887
 -0.000183728850473 -0.072696940858074 -0.032953835690937  0.013090646686011
 -0.000540866856468  0.007945751124687 -0.000552091246061  0.003472378444864
  0.000348524915579  0.000098875949362  0.000012547498489 -0.002079457599455
  0.015658201046067  0.373916311995636  0.452181231046160 -0.000162031076590
 -0.025468136189220  0.283186434316361  0.333272141952634  0.000854212990398
 -0.010666972218191  0.016053876398984  0.004217082949999 -0.004282171427470
  0.000952604009724  0.001283014981391 -0.040487272303379  0.087170491792951
  0.180654864767521  0.057492267158817  0.004132936941935  0.304303301069918
  0.135204556773813  0.038630158382092  0.005018872953957  0.001140516693370
 -0.007120693177564 -0.000066281867215  0.002092921065271  0.000370181497682
  0.000099299105096  0.006268342940846 -0.012429285134723 -0.022779527446086
 -0.055925045672427  0.000808312313985  0.019426960591000 -0.098034949058468
 -0.051222069963042 -0.000354805481852  0.004467677426916 -0.001903189937998
  0.001213409447239 -0.000065608815631  0.000090267387920 -0.000048362393037
 -0.004347137372372  0.017069543275109  0.022576927965447  0.007704827980711
 -0.002802521858708 -0.051874103402939 -0.032145293289551  0.011873311724740
 -0.001943526538804 -0.004254447281848  0.001205843958375  0.001174788714421
 -0.002203075107101  0.000098038192118 -0.000144776057845 -0.006874019947649
  0.017313507978301  0.033434550263077 -0.005670635303409 -0.003425091935935
  0.032058135606421  0.033755010917017 -0.002775806489306 -0.002556489277019
 -0.002518326912736  0.000547258724261 -0.000249133768890  0.002342760281797
  0.000038614806269  0.000118217382109  0.008572343560428  0.000987260598910
 -0.084428700369250 -0.127767854121179  0.000475150062615 -0.126854969736684
  0.088355732073121 -0.009583486120347 -0.003758025711993  0.039256555500425
 -0.041203564776896  0.002158845226311  0.001905585928618 -0.000273636310068
 -0.000218490094756  0.012957333271065 -0.028244824414902 -0.000614150239798
 -0.000783779475380  0.000046201014900 -0.014879877133335 -0.027507364667334
  0.001006006933721 -0.000588855751699 -0.000152277409116 -0.015447520776987
 -0.013759600677148  0.000148946426105  0.000162094879075 -0.000153017393723
 -0.174763177230639 -0.212133818531329  0.000614342265323  0.003061805482487
 -0.000632715036363
   25 Orbital Energy    -0.251397 Occupation  1.000000
 -0.000109701588835  0.000051091803055  0.001526587472765 -0.000274180366493
  0.012146035961887  0.001497140137737  0.009812144774304 -0.001798057531185
  0.008732597787557 -0.000224067886334  0.000051997311900 -0.000035418158528
 -0.000473037871365 -0.019552233658358  0.003063396145344  0.000757866578296
 -0.004162158744976  0.002036723542679  0.004992954737745  0.255923301848988
  0.002405652556585  0.001356071777838  0.003780990661078  0.203292157381884
 -0.001244113577512 -0.001119337688266  0.000046248171947 -0.000018131144253
 -0.005831405816667  0.006118869470738 -0.000268320082521  0.009060936807876
  0.002240527758807 -0.002042625922909 -0.363636988137145 -0.017311325770113
  0.009058757366289 -0.006936818469055 -0.252663411201121  0.001014804969083
  0.000891553240416 -0.000209927106736  0.000326357893003 -0.001581334634881
  0.004250923696451 -0.000299322783779  0.005357650521917  0.003188352553195
  0.000980781934558 -0.184233551566777 -0.008293928317500  0.000678055715235
 -0.000689064367134 -0.138354554772026  0.000706616930418  0.000698307672107
 -0.000163320486737 -0.000002953117461 -0.015257665925145 -0.010785577201047
  0.000396484356748 -0.006372722276900  0.002402478453050 -0.001876070353809
  0.220086633333757  0.007039260893567  0.001321397767375 -0.000722645738117
  0.171832943654657 -0.000896269216485 -0.000930448138747  0.000250885556577
  0.000035895094483 -0.007542767891190  0.015085380111811  0.000433545255044
 -0.009770951782429  0.002842752826772  0.001057509912242  0.346068319789630
  0.019981419535873  0.009524444615021  0.000389919316190  0.239396007029587
 -0.000833526233784 -0.001146746702641  0.000260205120598  0.000307345521303
  0.002320201383382 -0.008458248031197 -0.000569200757030  0.002908547123498
 -0.003311998542766 -0.001572582927415 -0.049452283922984 -0.001342370841323
  0.001164202123081  0.002175321796965 -0.027321031276961  0.000674875821173
 -0.000040469917074 -0.000083595111968 -0.000079991685097  0.025048215431536
 -0.004985116501777  0.002185122156878  0.000492380097751  0.000022919105641
 -0.000008580471385 -0.005058515944824 -0.002604610526932 -0.000955276345637
  0.000027638721230  0.000012385856403  0.005905872182748 -0.004170014527646
 -0.000413983347344 -0.000101969953863 -0.000073962499418  0.008529093522607
 -0.001109473699626 -0.003014168791872 -0.000049258485365  0.000053428496003
 -0.001345020943923
   26 Orbital Energy    -0.073896 Occupation  0.000000
 -0.000518827824908 -0.003319241385141 -0.001075634617580 -0.002094295498115
  0.224640252242585  0.022421031097491 -0.000970736211535 -0.007581249962859
  0.210682734928682 -0.001479939120200 -0.001303722077247 -0.001129481089435
 -0.000083676710810  0.000580943413380 -0.004405059398628 -0.000006799545656
 -0.005460903510922 -0.002876775692659  0.001696070522351  0.321778476078016
  0.019530563712706 -0.007275880430147  0.004069086641162  0.319971756959235
 -0.001936333124807 -0.002195870847104 -0.000949941517740 -0.000191062797914
  0.000863996884257 -0.001529094707930  0.000044704090067  0.003557372410419
  0.003895494227665  0.001571701712747 -0.149201923985796 -0.015011913117979
  0.021344588512474  0.000866187904138 -0.167559142474770  0.000766913058961
  0.000275185811199 -0.000165311275782  0.000404636532510 -0.028810160975736
 -0.010926306971286 -0.000327454918265 -0.007267561091694  0.000222322818783
  0.002511936269910  0.281274281090018  0.030785445319953 -0.007062928908285
  0.013519167469045  0.332181850745276 -0.001200266648939 -0.001004175708810
  0.000159210609533 -0.000063912374591 -0.004209883108205 -0.004977249221780
 -0.000031855015843  0.000521040283315 -0.002967040597076  0.002744165021067
 -0.032579346380466 -0.006055991764112 -0.003809427647693  0.003494359732641
 -0.041274720324689  0.000033815757151  0.000134114370220 -0.000128129396265
  0.000064050624875  0.014835325949992 -0.015780923378845 -0.000081430795944
  0.006154368965101 -0.002766404707956 -0.000508739303510 -0.254500626736687
 -0.017280779183574 -0.004379634514143  0.002017016910936 -0.234221771941949
  0.000743512807479  0.000860270123939 -0.000357629587240 -0.000115564031079
  0.009802961578871  0.006866375273874 -0.000438250457711  0.009905375705993
 -0.003036992934039  0.002732168318274 -0.372975274192497 -0.034862423745157
  0.001964289670333  0.009914887728415 -0.325639815185932  0.001035425775717
  0.001290353519195 -0.000506361546096  0.000159110742153  0.024542533596455
 -0.010565592860889 -0.003961424593441  0.003317223677737  0.000013635988005
  0.000005372084785  0.009899644779712  0.000452810377570  0.000826202296559
  0.000029517600174  0.000007533986026 -0.001002711361488  0.003510564173188
  0.000738616785286  0.000038550391918 -0.000054985612669 -0.008437387093011
  0.004509756597465  0.000087457590803 -0.000041662693470 -0.000137956808769
 -0.011505203561164
   27 Orbital Energy     0.025201 Occupation  0.000000
  0.001755867352405  0.001402299431049  0.001814052163889  0.004035739699375
 -0.232723116584954 -0.038423316699583  0.010954013984983  0.010660014170628
 -0.258284987433192  0.001557603990096  0.001549519263833  0.001640707825446
 -0.000531155386664 -0.013900411035180 -0.001166990457617 -0.000395294578720
 -0.001041518073615 -0.002849604573288  0.001089893622631  0.112190596922760
  0.011141107478053 -0.004989110297812  0.002483941933006  0.138892073892932
 -0.000747281843287 -0.000686760052247 -0.000390366338269 -0.000110568282935
  0.001268822002329 -0.004088206306791 -0.000611379553854 -0.002266867128831
  0.000325850849716  0.004393676846910  0.154931263059382  0.009996411743626
  0.006088247818547  0.003875774391403  0.160513699709558 -0.000572820664502
 -0.000548629630817  0.000284307936183  0.000235740854199 -0.006360147727222
 -0.022778874605927 -0.000210582684404 -0.003816516110609 -0.004340413475322
 -0.000519576668347  0.140549817213175  0.031860992885523 -0.012410753315775
  0.010753174229938  0.224592571010520 -0.000318363857335 -0.000602670913732
  0.000173699432264  0.000013538273506  0.025378291020857  0.009608714211868
  0.001092539254575  0.009719087918270 -0.002118899544421 -0.005024335355765
 -0.395963003706666 -0.067809606565115 -0.022692770544865 -0.021460326813158
 -0.591887096635702  0.001231914625199  0.001323497451084 -0.000205572537922
  0.000192880036531  0.003033192273601  0.020530582643894 -0.001367844372167
 -0.009132817498844  0.006105206273886 -0.002457375817823  0.402137741359041
  0.069294101278956  0.029217910400446 -0.011782078379203  0.539528535987081
 -0.001048395631380 -0.001125689601601  0.000305070739536  0.000566162456859
 -0.005796414002984  0.015445653164461  0.000599658987696  0.003083827355267
  0.001426688536630  0.002900379655299 -0.197866819625414 -0.024060989712005
  0.000446561165830  0.004282544419623 -0.230653072667075  0.000533275154782
  0.000573337960960 -0.000351085305710 -0.000247821410896 -0.000673880388299
 -0.010095684704664 -0.001861664161519  0.004158877319302  0.000010623383812
 -0.000023659117962  0.005631618134625  0.007327111058667 -0.005123809798713
  0.000113506261306 -0.000023385821586 -0.017671498293822 -0.007192213441056
  0.003565430183089 -0.000108311140155  0.000096600248382  0.016240706081774
  0.002754537066110  0.001161643768209 -0.000103599624461 -0.000106718839304
 -0.007907147688956
   28 Orbital Energy     0.089064 Occupation  0.000000
  0.003924370100896 -0.006783100116041 -0.004329826411914  0.011806525858022
 -0.133852562111551 -0.046232015332376 -0.006849978160609  0.019978741368687
 -0.161885289095729  0.001761481316110  0.000445161229259  0.001011601888076
  0.000013761256440  0.021611991122484 -0.011593451205674 -0.002145606356835
 -0.000626929310268 -0.007806680478988  0.003097910380788  0.195107324122889
  0.045512026389682 -0.018166413344640  0.010466323828488  0.240501097082638
 -0.001788595323795 -0.001564722282237 -0.001608940612583 -0.000760213525218
  0.004485150599435 -0.008352713654001 -0.003858484285924 -0.002822252492391
 -0.005547676773270  0.007339028642330  0.466134830008656  0.089616110342274
 -0.020801338388677 -0.002831332774333  0.638330044017771 -0.000952222343384
 -0.000941880925302  0.000740483164645  0.001565283071930 -0.010197562894873
  0.008341750123620  0.002866160707607  0.005145598649572 -0.001216985880050
  0.001125335603587 -0.322450418970342 -0.096912188518905 -0.004729765818943
 -0.012220916332031 -0.579004225856205  0.000045149882196  0.001923139258188
 -0.000057596959708 -0.001043476672936  0.001259197766673  0.027211497347149
  0.001145972714053 -0.008113922236035  0.006738172506463  0.005769636664935
  0.182052699160953  0.014821628095974  0.027333490083273  0.024822399989352
  0.348205303356840 -0.000456283697442 -0.000601012603386  0.000185300359186
  0.000824784182299 -0.015102583894415  0.005584100325289 -0.000772728212343
  0.002087899922595  0.006794053766456  0.006001119998879 -0.084014101260820
 -0.010678781475898  0.004850415390581  0.015220110143178 -0.119917976303566
 -0.000750674610883  0.000400856079038 -0.000011523731599 -0.000554590170210
 -0.005344953039338 -0.018633193870376  0.001552541783700  0.005294979699145
  0.003649397013162  0.008283570615048 -0.347408405890979 -0.050840176958777
 -0.016033742529490  0.028729447819754 -0.496101387504266  0.000655171350245
  0.000419636779301 -0.000593446985073 -0.000822577148728 -0.015176686115223
 -0.015011004240203  0.010547784485949  0.038383019882540 -0.000095031143203
 -0.000190759691995 -0.018066009256269 -0.000059386717393  0.045151911353946
 -0.000141942048914 -0.000196292103797  0.009165796066819  0.000026954860194
 -0.002851189666595  0.000287600499205  0.000344407897171 -0.004217483820499
  0.003537328840018 -0.010049576052601 -0.000131609030240 -0.000316393376322
 -0.014780903546400
   29 Orbital Energy     0.094615 Occupation  0.000000
  0.038962216131106 -0.112286417013073  0.008713143116615  0.162759153682263
  0.004690786272684 -0.284943240761092  0.043850230009190  0.179464790452680
  0.008627501640690  0.000512142994552  0.002687424736308 -0.003433868702687
 -0.004203019281619 -0.000715065080733  0.000803214963680 -0.007029622505907
 -0.000986743459571 -0.017268675856298  0.030437366259250 -0.007460855869509
  0.145115922048389 -0.054254821820435  0.027447153437793 -0.009734966675442
 -0.006979641964637 -0.005217661112801 -0.006155010995505 -0.001656699893433
 -0.000281472635976  0.000427331395230 -0.016686740348628  0.025778384120435
 -0.104946618462706  0.074728502067640 -0.020311237061283  0.069563549451371
  0.088970941332727  0.049007187779429 -0.026329067641120  0.007579246610807
 -0.012930668662543  0.001524169989806  0.027230535451850  0.000376266337630
  0.000059169193648  0.059986738171612 -0.099628895823381 -0.080914692859842
  0.223780832624659  0.009049011301450 -0.920410493169825 -0.438114890742170
  0.643576720931388  0.025535697843173 -0.010211161151129  0.023607853659227
 -0.000000807281414 -0.022318721128040 -0.000364717266751 -0.000721845217167
  0.045159153333082 -0.068074901526235  0.133548267975430  0.156274460377544
 -0.007681470415563 -0.866848341208154  0.345039948395524  0.313257676864489
 -0.009138579066349  0.005672230743693  0.002536872109098  0.000015298618165
  0.028674966944015  0.000818616545111 -0.000122907414998  0.000459793687844
 -0.012651242830394  0.128962172002772  0.013422238309564 -0.001073459195921
 -0.045157412967563  0.193252605316169  0.065053501784431  0.002943983661042
 -0.004819372371469  0.009398629192119 -0.000047565041821 -0.021420776878551
  0.000470112084779  0.000853881255690 -0.010428146228802  0.026112871051496
 -0.025439070281185  0.028929543069323  0.015151071752304 -0.023698231558863
 -0.050512723638624  0.176227704990318  0.019251753989317  0.000041400109230
 -0.011561639964771  0.001270296804503 -0.014180487382768  0.000586050657953
  0.000719617051825  0.095525215100057  1.500863935440557  0.002895802175237
 -0.006839316437770  0.001475171832569  0.081830611503762  1.147502424113219
 -0.004057878437383 -0.005168945878107  0.000438728007613  0.021521748004849
  0.234455480755320  0.000352620917905  0.007728002318377  0.000206299487606
 -0.043138270513355 -0.218001472590225 -0.003706992250195 -0.001806669639430
  0.000446292980923
   30 Orbital Energy     0.133583 Occupation  0.000000
  0.016920142948430 -0.050856875909746  0.011614159012875  0.042064136764387
  0.001200791146271 -0.108548720747479 -0.024693415835851  0.072065181262499
  0.001877895109819  0.013546851116574 -0.010662643240354 -0.002719904218864
  0.010778213827872 -0.000198242379342  0.000240983307874 -0.026138620426037
  0.039674361589651 -0.061203865232431 -0.018848439290474  0.000378780572456
  0.418361176931940 -0.144635364107636  0.104321789590971 -0.002538733455105
 -0.002945625985255 -0.005400465226858 -0.006718463474673 -0.011849221952886
 -0.000410818655993  0.000333155503806  0.015531918665994 -0.052696921637431
  0.004542927281521  0.098367101513685 -0.005374967689361  0.318821269543273
 -0.671570677444044 -0.247985512146969  0.000005302960911 -0.002333596573706
  0.020300489456022 -0.002052407539663  0.021126915249947  0.000160242034257
  0.000065273242066 -0.087447404567309  0.212366602401019  0.057422707471203
 -0.143178234367900  0.007660301846006  0.373860153185683  0.374510434835240
 -1.358311538803600 -0.006150459610464 -0.024230115144926 -0.006724796375662
  0.007662257700853 -0.010056387389647  0.000138235251649 -0.000758579137448
  0.086011583709122 -0.194670489130449  0.068954324320545  0.144132578064952
 -0.005418765553122 -0.505950988742082  0.811900132939532  1.030165886938087
  0.007756616603246  0.014682643477017  0.011742208297933 -0.004420053807350
 -0.001016657615693  0.000555859665875  0.000249248047989 -0.031641037838493
  0.099030087706686  0.053667001291330 -0.014146927089766 -0.000023251045743
 -0.292876084723176 -0.330162625058649  0.279720503691551 -0.003586582659990
 -0.008862933316619 -0.014453360750601  0.005924470884930 -0.001087987960110
  0.000036691858672  0.000332932554149 -0.012112691480703  0.025905916392761
 -0.034619246065744  0.069738889262668  0.008902741813928  0.364086407141562
 -0.486088084745915  0.384742192089540 -0.001179008870767 -0.001646572912911
 -0.006631747070837 -0.002099954868143 -0.011037426201662  0.000214335005936
  0.000327837156278 -0.026633860103143 -1.723007017848652 -0.003605512192643
  0.002972128171146 -0.000239896613782  0.061903287655038  1.690796510602780
 -0.004922029083427 -0.002099956231777  0.000470732571625 -0.041416863314976
 -0.324890919847415  0.001918584095241 -0.001416463387899 -0.000144989675322
 -0.037840649503811 -0.375593285916119 -0.001384754794481 -0.001165186746747
  0.000175161310022
   31 Orbital Energy     0.146868 Occupation  0.000000
  0.071143124991079 -0.120027761772489 -0.090005811078234  0.141764238575809
  0.001289054174442 -0.855630369170039  0.021750681296677  0.228091750496532
  0.005788130023389  0.037539340894565  0.009599550208785  0.023587951273126
 -0.020939219952189 -0.000636410594741  0.000742384144380 -0.033595754080448
  0.059508458935230 -0.117316230016210 -0.001118611664357 -0.001168254240965
  0.488931788636803 -0.227781888221417  0.079588595521629 -0.004691368912444
 -0.010220858099981 -0.002116151313893 -0.006627207636138 -0.011222564229744
 -0.000695272456998  0.000486575285409 -0.050990096558567  0.101557679144471
 -0.187071267115227  0.192981530250298 -0.013704371164275  0.297832219654382
 -0.506912386127015  0.089927637125809 -0.006654124202974 -0.023291583222081
 -0.001254285916142  0.010051856873569  0.039439631428443  0.000313692624706
  0.000487513454121 -0.010822292867804  0.020603409520089  0.026185609179891
  0.044456010552234  0.004651462594188  0.077000640379962 -0.178806133233801
  0.050779140495329  0.007525027754916 -0.022602907608728  0.008599853911415
  0.005676676263397 -0.001840432421477 -0.000494126958065 -0.000774861964749
 -0.021351099371894  0.008458217618838 -0.199310383209001 -0.072236677479137
  0.000248057251990  0.631339287380595 -0.603485845075485 -0.148757124794662
 -0.003722462136277 -0.001341211552691 -0.008152927412236  0.001961653210841
 -0.001068275956014 -0.000070278436691 -0.000442649096862 -0.048437914775832
  0.081597765508870 -0.054700298731892  0.192656804629325 -0.002119118535329
  0.732630765996963  0.018122021599782  0.637843270601402 -0.002016115458463
 -0.019154701523236  0.008416310257323  0.006341108396797  0.019961316892988
 -0.000034718480011  0.000598343546751 -0.012474047782174  0.013094325319058
  0.035468355931329  0.194240229674499  0.013748245241083  0.354977082872444
 -0.385476306110549  0.595821385571710  0.002234062687577  0.008019588817711
 -0.018155412454049 -0.003228149199205 -0.028524319269845  0.000586625206158
  0.000774590623023  0.045237607644506  0.157265170862275 -0.003475491055347
 -0.001377227310300  0.000481475408015  0.001235571866531 -0.932174595417792
  0.001434305460452  0.002437561537859 -0.000363543386754 -0.098831627595461
 -0.994813986379846  0.008559323810851  0.000340459990688 -0.000845322660325
 -0.071544075800854 -0.783257903204472 -0.004929110075939 -0.004622141213461
  0.000110756906560
   32 Orbital Energy     0.159955 Occupation  0.000000
 -0.065079148693246  0.090296945278838 -0.216679119835913 -0.026806289403273
  0.000740441967763  0.904695976403829 -0.335826274895193 -0.179074955483320
 -0.005470696356677 -0.033496223410153 -0.006930609339419 -0.030050066758010
 -0.008688837890982 -0.000365787561142 -0.000411450707674  0.006136200797091
 -0.023547954279909  0.027292334060009 -0.077632221978871  0.001212355538982
  0.019761210473593 -0.011785258820222 -0.108858726084157  0.003275654689107
 -0.002134013457457 -0.002379437230353  0.002058409585464 -0.007446765545265
 -0.000092720941913 -0.000080882735646  0.022871704323400 -0.010238904046204
 -0.099263078856777 -0.014985715074518  0.008427330625471 -0.302578034931848
  0.017650709466787 -0.327027503006674  0.004270149141816  0.018849138250351
 -0.013321292887168 -0.001002305595297  0.021809866310385 -0.000374073610270
  0.000015228388714 -0.031841423075989  0.068754307125771 -0.096056237185997
  0.042072209642479  0.000507299227966  0.488690946415923 -0.607272890554722
  0.138987594729723 -0.004821950692581 -0.008715848230571  0.013456199402766
 -0.002286652490625 -0.009512382797971 -0.000008454302112  0.000574643092739
  0.003760435900111  0.025665138653538 -0.090508106787253  0.059463279381354
  0.000096576034800 -0.416416512518864 -0.605328931351621  0.281693674113118
 -0.001857970129824  0.018641112292769 -0.010637953306603 -0.002001866352294
 -0.008613354397248 -0.000419510301822  0.000659891612083  0.101081370175049
 -0.184092800710229 -0.125298832953674 -0.141042188983257  0.004588873343918
 -1.359589442110397 -0.236241249115136 -0.379819949847795  0.004098016061481
  0.022343800267256  0.003112547806502 -0.012115855396534  0.016465567474300
 -0.000228677903112 -0.000465988676840 -0.090301916944892  0.191980382303924
 -0.039135539674029  0.178695026415997  0.001256116474167  1.078909931951970
 -0.025340161866337  0.589196477807276 -0.009814088961299 -0.011712098086897
 -0.014829750973548  0.008033845155013 -0.000303280613167 -0.000415264618324
  0.000110123104475  0.027538737139179  0.199464008679792 -0.000906612437072
 -0.002316366052228 -0.000007157347788 -0.035841900045786 -0.223527909340633
 -0.005886453110433  0.008418017842380 -0.000218821594513  0.042500549299642
  0.779553306570175 -0.009961217083640 -0.007469995527786  0.000712996945396
 -0.066848328993820 -1.232792622147158  0.000792300220533 -0.007637093276877
 -0.000753016108221
   33 Orbital Energy     0.177329 Occupation  0.000000
  0.051885747297679 -0.059346256734918  0.071071653623008  0.016060065588620
 -0.000774241863950 -0.840574075345960  0.177946175613832  0.180622347358766
  0.000986510959704  0.022371792620361  0.017507839861100  0.021313237963152
 -0.000295236395519  0.000342766417950  0.000673814878985 -0.018240482593249
  0.036312295037087 -0.048913586055932  0.037194029131294 -0.000045888111545
  0.224032625031332 -0.094818816261138  0.087904018323998 -0.001714074339908
 -0.004423133818419  0.000026745857732 -0.004127002511733 -0.002528938688810
 -0.000319495448615  0.000255427307337  0.021599613147751 -0.029019447484321
  0.014651406939300  0.138336375716569 -0.007313792726916 -0.606628218723885
 -0.143571863270717  0.475499223051724  0.001634653527496 -0.006721711883626
  0.014680753971673  0.004068125499678  0.001418908587851  0.000274125827882
  0.000208986828573 -0.009981819029274 -0.010711500328898  0.201187543360905
 -0.055555347752394  0.002674564071601  0.592477617100946  0.767270867409409
 -0.004187106996882  0.000708047152197  0.006172928381704 -0.005167961203502
 -0.000629086865308 -0.020518513225219  0.000108896741754 -0.000299919912299
 -0.068937147581363  0.113107981235209 -0.039267621291897  0.030335572465468
  0.003811710882661  1.225761432271731 -0.271783297024155  0.011560341398934
 -0.006442914682239 -0.010253536164717 -0.003692888904013  0.001859448745682
  0.031790471362279  0.000167883590028 -0.000523264619439  0.052464022657910
 -0.098633923520092  0.366982691925401  0.009286287307444 -0.010042709662213
 -0.898281135574155  1.160782137304470  0.151421145365956  0.008773733514285
 -0.000849899966263  0.020647603378428  0.002306662985507 -0.019786209848222
  0.000813390863906  0.000105758492755  0.010342014274896 -0.034369708661364
  0.002904465684834  0.067175530019546  0.004950165805074 -0.008433273242225
 -0.254691226484566  0.060048530755504 -0.000137837384975  0.005442998089872
 -0.003585780983355 -0.005790586315691 -0.015358268714626  0.000267792186355
  0.000294280481358  0.045100808722163 -0.593486782318647  0.009409066448454
  0.003488621133582  0.000044659338287  0.061904578579754 -0.608059462997829
 -0.000807429917786 -0.001829497412270  0.000126834165086  0.083776657962815
  1.460001710618758  0.000848077500417  0.017355152626970  0.000439075225559
 -0.022762054396824 -0.089658889153569 -0.005857685309714 -0.000769205128555
  0.000110460524799
   34 Orbital Energy     0.207026 Occupation  0.000000
  0.019916741885208 -0.046708347867320 -0.286765899267602  0.040121471490095
 -0.000174292553454 -0.252865738195770 -0.388753614523105  0.187640624403788
  0.001742659653555 -0.003801659914489  0.000572388077850  0.001088640857017
 -0.006129550987625 -0.000614079443913  0.000490475075704 -0.037872946635045
  0.103553058472395 -0.097215545028479  0.076949185070913  0.001793904438515
  0.423498864855909 -0.135044596169563  0.271698872461591 -0.004673659685789
  0.009654099276712  0.001072060845480  0.000185181968117 -0.008177392383876
 -0.000254830701135  0.000403410622591 -0.066486472993161  0.129629463120176
 -0.073347727227987  0.100845757600814 -0.007440603445266  0.832838209908811
 -0.320755117074789  0.155685008813755 -0.003650594874200  0.008128741800291
 -0.018686739315066  0.009617549253820  0.017530692365903  0.000021827108743
  0.000213023815638 -0.023553563409750  0.013608552762749 -0.152580395562239
 -0.050080477750969  0.003371365554600  0.788439598642266 -0.960341802691633
 -0.183977080011385  0.001954238731167 -0.020656322396021  0.018276022353236
  0.000263089116842 -0.001484174688562 -0.000653676212680 -0.000655698207571
  0.027705025450498 -0.019684291414180 -0.161167370424497  0.075345646037149
 -0.001841909781679 -0.857200238717870 -0.981834538731431  0.298533929439413
 -0.001058512425196  0.009618028566920 -0.011561740291980  0.002034732127804
 -0.012494217127630 -0.000273200436854  0.000127374936267  0.056851922060989
 -0.125287767000768 -0.030110968643915 -0.055685195793384 -0.001639356700096
 -0.762215740984725  0.098984537926598 -0.211594496927882  0.003458167058832
  0.012412850129216  0.004044716911750 -0.008467909430634  0.026352691376445
 -0.000248883772601 -0.000032804619715  0.080283887372140 -0.108083050265945
 -0.124356977858504 -0.200895428291121  0.005059640266348 -1.297657445051397
 -0.443051535675270 -0.343987545084508  0.005104599273404  0.010343481313158
  0.005333648946465 -0.004813646139663 -0.015155069151352  0.000276212821105
 -0.000195313256966  0.047553742899020  0.020804687722814 -0.009977086936336
 -0.007679520280630  0.000325670093926 -0.032664398460300 -0.273520913256017
 -0.004948525139392  0.008961206924523 -0.000207146570897 -0.031034787885627
  0.533140152480185 -0.004178206200682 -0.004395839169906  0.000109942071756
  0.055683420557614  1.259859726442552 -0.003045014511998  0.008818353546727
  0.000987640326603
   35 Orbital Energy     0.268828 Occupation  0.000000
  0.037493484940284 -0.013064578472255  0.002477077406045  0.125374604824973
 -0.001346668117913 -0.813128768286253  0.119613859288145  0.480631118427829
  0.001930059135281  0.001681048078319  0.014219851636328  0.043900075153301
 -0.007003197994654  0.000066161072141  0.000722202921791  0.006773256072732
 -0.008718226246188 -0.023167978341310 -0.108608632562459 -0.000657186685314
 -0.045870677499032 -0.040703297338877 -0.122961655935180 -0.000646083622464
  0.003067511407848  0.009376888473473  0.004472236573618 -0.007560111438521
 -0.000037981841430 -0.000103343504962 -0.099942182418105  0.066141103072021
 -0.060558151080736 -0.164796377426185 -0.008762320986915  2.727258898387960
 -0.668712180070987 -1.099141361157351  0.000262432213751 -0.013558389266223
 -0.007939256776886  0.010204720568289 -0.007752089582406  0.000081275540499
 -0.000150160785810  0.069124233355881 -0.109094066365837  0.064466930989246
 -0.161847885143467 -0.003819562113503 -1.754552631201525 -0.729668476871238
 -1.538105680616729  0.005644180190907 -0.019527186266875  0.005514511217514
  0.006992485043865  0.033598719905656 -0.000506920261410 -0.001171262788368
  0.041895752137438 -0.066924450016810 -0.084284854082927 -0.026940277295165
 -0.004051872522507 -1.236666566385402 -0.011653107736840 -1.097610443113295
  0.002664219857692 -0.043467439745129  0.026574873922833  0.005345412429157
 -0.012705767534665  0.000109554176067 -0.001173109170994 -0.039988229178812
 -0.021898942630161  0.099886530049098 -0.277274769531988 -0.009807633458595
  1.340467778638241  0.902138166595395 -1.006101921939071  0.005279716695135
 -0.001612548477954 -0.002313423314259  0.001298992062209  0.007595935995644
  0.000103832060061 -0.000113713817374  0.002193066266956 -0.020550522327176
  0.183695997987609  0.067694070054626  0.001023796905980  0.270540745588794
  0.283857962411681  0.454025136724232  0.001297460066403 -0.007855960056383
 -0.005195364250263  0.006061518097425  0.019324474640494  0.000855643916614
  0.000308941016964 -0.049892188393690 -0.472983986442072 -0.022450370411191
 -0.005925332136463 -0.000128387420252 -0.067009884342918 -0.311018256587773
  0.018796944184959 -0.015230949637558 -0.000181672989688 -0.028791299631190
  0.899995994200214 -0.004155328587203  0.001027900965741 -0.000177374988083
  0.000102162931358 -0.493363756768873  0.010829390166441 -0.003102990336402
  0.000033460049950
&
&hess
   1
   1  4.923187E-01
   2 -9.967174E-03  4.783993E-01
   3  1.207852E-05  5.173867E-06  9.782221E-02
   4 -2.296405E-03 -5.213725E-03 -1.193489E-06  4.238802E-01
   5 -8.733243E-03  3.771016E-03  1.789166E-06 -2.959357E-01  3.535802E-01
   6 -9.697094E-07 -3.421574E-07  7.204792E-03  6.698825E-05 -6.467053E-05
   7 -1.383507E-01  6.465238E-02  4.097562E-06 -6.981705E-02  3.776746E-02
   8  1.224722E-01 -2.128114E-01  8.203162E-06  2.213345E-02  2.680081E-02
   9  6.012993E-05 -8.906536E-07 -6.295378E-02 -5.184534E-06 -8.844460E-07
  10 -3.060423E-02 -2.143899E-03 -1.346111E-05  1.254651E-02 -8.518079E-03
  11  2.647735E-02 -8.327514E-02 -6.880121E-06  7.609502E-03 -8.371993E-03
  12  4.620605E-06 -4.764129E-06  1.124569E-02 -1.326067E-06  1.591244E-07
  13 -2.244356E-02 -1.598881E-02  8.295111E-06 -4.144181E-03  5.336103E-03
  14 -6.771460E-02 -6.184775E-02 -7.322523E-06  7.105374E-03 -3.955670E-03
  15 -3.041131E-06 -5.789011E-06  1.363663E-02  6.199582E-07  3.769038E-07
  16 -2.274161E-01 -5.076973E-02 -1.049083E-05 -6.504982E-03  2.025050E-03
  17 -8.469901E-02 -1.371075E-01 -4.891624E-06 -2.003649E-03  4.896116E-03
  18  2.384690E-06 -5.830666E-06 -6.567698E-02  4.908345E-07 -3.882774E-07
  19 -4.830496E-02  4.119175E-03 -1.524748E-06 -3.605828E-01  2.296887E-01
  20  4.281639E-02  5.990986E-03 -3.047434E-06  2.499598E-01 -3.431159E-01
  21  2.941726E-06  5.364973E-07 -1.051488E-02  1.390106E-06  5.847882E-05
  22  1.922509E-04 -6.231969E-03  4.595633E-07 -8.724709E-04  8.890698E-04
  23 -2.373907E-04 -3.114948E-03 -7.552271E-07 -1.436624E-04  1.592601E-03
  24  7.674403E-08  1.889588E-06  7.782063E-03  4.153306E-07 -3.450649E-07
  25  2.564619E-03  3.753828E-03 -8.620341E-07  3.373211E-05  2.019838E-04
  26 -1.863690E-03 -4.975354E-03  9.378954E-07 -2.817083E-05 -7.376800E-05
  27 -2.111537E-06  8.013542E-07  8.608044E-03  7.877118E-07 -3.325340E-07
  28 -2.745957E-02  1.740617E-02  3.638623E-07 -1.975428E-04 -3.483738E-04
  29 -1.928599E-02  1.445019E-02 -6.619118E-07 -5.719438E-04  7.768179E-05
  30 -3.951839E-06  1.188729E-06 -5.009141E-03  1.160655E-06 -7.138418E-07
  31  2.735773E-03  6.713310E-04 -5.153376E-07  8.647564E-03  3.945097E-02
  32  4.709322E-04  1.466210E-03  5.060994E-07  1.908746E-02 -3.267203E-02
  33  7.627236E-07 -1.334165E-06 -1.296765E-03 -8.446825E-06  1.480706E-05
   6
   6  3.955803E-02
   7 -2.172130E-06  7.811441E-01
   8 -3.651664E-06  9.617928E-02  6.724942E-01
   9  1.268545E-02 -2.365725E-05  3.392140E-06  1.201717E-01
  10  3.419309E-07 -1.317505E-01 -1.100264E-01 -8.916646E-06  6.160022E-01
  11  1.568270E-06 -1.089625E-01 -3.314979E-01 -1.670102E-05 -7.992888E-02
  12 -1.675336E-03 -9.705168E-06 -2.366122E-05 -6.527023E-02 -5.502237E-06
  13  4.543369E-08 -5.944429E-02 -6.191007E-02 -6.708773E-07 -3.000704E-01
  14 -1.614583E-07  8.547362E-03  1.844993E-02 -1.649601E-06  1.215303E-02
  15  5.722465E-04 -2.601560E-06  1.171688E-06  1.118224E-02  9.456836E-06
  16  2.184086E-06 -1.265797E-01  2.273726E-02 -2.249894E-06 -2.228086E-03
  17  7.536948E-07 -6.107824E-03 -1.250037E-02  3.866701E-06  8.661703E-02
  18 -5.480634E-04 -6.785995E-06  3.257386E-06  1.410734E-02  8.524227E-06
  19 -5.313281E-05 -2.602143E-01 -4.791805E-02  3.652002E-05 -3.165794E-02
  20  6.335913E-05 -1.048305E-01 -1.353602E-01  1.662920E-05 -2.616012E-02
  21 -7.253039E-02  6.571035E-05  1.740382E-05 -5.612078E-02 -3.323543E-06
  22 -8.531593E-08  1.246953E-02 -1.128445E-02 -1.489882E-06 -1.164492E-01
  23 -3.312854E-07  1.416971E-02 -1.051351E-02 -1.208584E-06  1.190157E-01
  24 -2.181623E-04  1.464110E-07 -2.130074E-06 -1.484924E-04  1.594342E-05
  25 -6.530444E-08 -5.357127E-03  2.266526E-03  4.774900E-07 -1.030789E-02
  26 -3.646892E-08  4.474884E-03 -2.081946E-03 -4.488008E-07  7.981567E-03
  27  8.001911E-05  2.250910E-06  1.366609E-07  5.210994E-03  1.968687E-07
  28  2.359665E-07 -4.220465E-04 -5.122631E-03 -8.970658E-07  2.868249E-04
  29 -1.474919E-08 -3.898640E-03 -2.633492E-03 -1.784803E-07  3.744325E-04
  30 -1.157201E-03  1.681736E-06 -7.689938E-07  4.348047E-03  1.036835E-06
  31 -1.034180E-05 -1.688125E-03 -3.081228E-02  3.947506E-06 -5.601063E-03
  32  1.073248E-05 -1.694675E-03 -8.822941E-03  1.807645E-06  1.716117E-04
  33  1.877719E-02 -1.445096E-06  7.822192E-06  1.660914E-02  3.921836E-06
  11
  11  8.508250E-01
  12  4.569109E-05  1.296093E-01
  13  5.121385E-02  1.207780E-06  7.078724E-01
  14 -1.230909E-01 -2.704847E-06  1.492509E-01  7.484491E-01
  15  4.728141E-07 -5.921733E-02  7.695624E-06 -1.871582E-05  1.201531E-01
  16  2.412725E-02 -3.594779E-06 -1.111149E-01  3.789543E-02  4.779115E-08
  17 -1.677187E-02  3.194574E-06  1.167339E-02 -3.867869E-01  2.138534E-05
  18 -2.466418E-06  9.652664E-03 -6.635338E-06  2.231430E-05 -6.317083E-02
  19 -2.029082E-02  6.930277E-06  1.249014E-02 -1.563624E-02 -4.199465E-07
  20  7.254598E-03  5.224918E-06 -6.078788E-03 -5.484320E-03 -1.625565E-06
  21 -4.025467E-06  1.607237E-03 -6.444603E-07 -9.792298E-07  4.137921E-03
  22  1.198611E-01  1.125373E-05 -2.201227E-03  2.511603E-02  1.055232E-06
  23 -3.038840E-01 -2.060982E-05 -2.116215E-03  4.833892E-03 -6.812632E-07
  24 -2.556556E-05 -3.443798E-02 -3.055706E-06  3.260521E-06  1.848710E-03
  25 -1.973037E-02 -2.296235E-06 -2.287433E-01 -1.518497E-01  2.412497E-06
  26  1.182969E-02 -1.869965E-07 -1.500063E-01 -1.914433E-01  5.400058E-06
  27  1.534400E-06 -2.365698E-04 -5.369619E-06 -3.347213E-06 -3.166171E-02
  28 -1.725229E-03 -2.622263E-07  8.014041E-03 -2.545117E-03 -7.202606E-08
  29 -5.369355E-03  3.819558E-07  1.920303E-02 -3.821964E-04 -3.871724E-07
  30  4.465464E-07  5.204012E-03  4.133257E-07  1.246254E-06  3.353618E-03
  31  1.351095E-03  2.174978E-06 -2.939376E-04 -1.870598E-03 -3.670521E-07
  32  1.033870E-03  1.331088E-06 -2.102532E-04  5.094726E-04 -1.980978E-07
  33  5.974446E-07  3.656220E-03 -1.403628E-06  1.962070E-06 -8.256748E-04
  16
  16  6.875171E-01
  17 -1.737353E-01  7.564332E-01
  18  2.060150E-05 -8.349616E-06  1.300715E-01
  19  1.777683E-02  1.632905E-02  3.281521E-06  7.582890E-01
  20  5.898067E-03 -9.590543E-03 -4.030108E-07 -9.966577E-02  7.477521E-01
  21 -5.317191E-06 -1.466477E-06  2.608305E-03 -2.234613E-07 -1.180013E-04
  22 -7.089431E-03  7.543187E-04  2.972125E-07  1.106621E-03  3.763158E-04
  23 -2.300197E-03 -6.302749E-04 -1.024032E-06  1.185592E-03 -1.013742E-03
  24 -8.091008E-07 -1.408049E-06  4.427169E-03 -1.666533E-06  5.722506E-07
  25  8.033967E-03  4.606961E-03  3.434737E-07  3.574643E-04 -1.444322E-03
  26 -2.252494E-02 -6.684804E-03 -3.930190E-06 -4.267170E-04  7.839705E-04
  27  4.802815E-06  1.887055E-06 -2.400068E-03 -1.507959E-06 -2.714547E-07
  28 -2.329872E-01  1.470226E-01 -7.423874E-07 -9.136897E-04  1.329893E-03
  29  1.601170E-01 -1.898022E-01 -4.055399E-06  1.190996E-06  1.187535E-03
  30 -5.592251E-07 -7.166940E-06 -2.931903E-02 -1.695072E-06  8.562616E-08
  31 -4.523214E-04  7.581671E-05 -6.908641E-08 -8.478461E-02 -6.509625E-02
  32 -1.818022E-03 -5.970508E-04 -3.541620E-07 -7.144918E-02 -2.687800E-01
  33 -9.334729E-07 -1.561452E-06  1.395261E-04  1.572925E-05  3.540872E-05
  21
  21  1.885967E-01
  22  3.551601E-07  1.113720E-01
  23  9.072265E-07 -1.295472E-01  3.116796E-01
  24 -2.399761E-03 -8.226391E-06  1.673760E-05  2.453093E-02
  25 -1.203992E-07  8.796536E-04  3.686559E-04  1.765236E-07  2.326266E-01
  26  2.424926E-07 -7.738783E-04 -1.666120E-05  1.489745E-07  1.620776E-01
  27  1.043123E-03  1.035260E-07  5.013906E-07 -2.254678E-03 -2.367224E-06
  28 -8.101622E-07  6.258413E-04  1.131529E-04 -1.453891E-08 -2.003834E-04
  29  1.060162E-07  1.205259E-03  3.360879E-04  2.917035E-07 -4.280852E-04
  30  2.814681E-03  2.340324E-08 -1.223363E-08  4.225284E-04  2.275591E-07
  31  1.540689E-05  8.281088E-05 -1.596525E-05  1.349183E-07 -4.655771E-04
  32  4.226749E-05  4.036539E-05  4.943611E-05 -5.715301E-08 -5.576498E-05
  33 -5.950890E-02 -1.418707E-07 -4.782422E-08  3.649407E-05  1.857269E-07
  26
  26  1.918546E-01
  27 -7.423755E-06  2.441723E-02
  28  5.790998E-04  2.998425E-07  2.529414E-01
  29  8.784112E-05  3.327683E-07 -1.565956E-01  1.815473E-01
  30  2.218144E-07 -2.139442E-03  1.946931E-06  1.079178E-05  2.129898E-02
  31  2.709643E-04 -1.657344E-07 -3.388814E-06  3.599324E-05  3.192228E-08
  32  1.355380E-04  1.073567E-08 -1.056160E-05 -2.907385E-05  1.769462E-08
  33 -8.905340E-08 -6.167830E-04  7.749754E-08 -7.826574E-08 -2.029523E-04
  31
  31  8.169324E-02
  32  5.583107E-02  3.076045E-01
  33 -6.008670E-06 -5.423272E-05  2.263944E-02
&
